0 -0.0014473933162984 -0.000738651780905819 -1.24375257266607e-05 -4.00860790303881e-05 -0.000280706496309513 6.61194915481111e-05 -0.00119793155551662
0 -0.0014473933162984 -0.000738651780905819 -1.24375257266607e-05 -4.00860790303881e-05 -0.000280706496309513 6.61194915481111e-05 -0.00119793155551662
0 0.00689679760967365 0.00466863467612244 0.000162882450345236 0.000491470477392397 -0.00848453941183847 -0.00117858758577505 0.00620994703523969
0 0.0208710699935128 -0.186100790094225 -0.198473641031221 0.105034751964016 0.0932296505536314 -0.505722998158394 0.051126025781036
0 -0.00518099414582585 -0.00302176038523205 1.11496008812217e-05 0.000104399622133489 -0.0190050659204273 -0.000629877352157582 -0.000892378798348137
0 0 0 0 0 0 0 0
0 -0.0014473933162984 -0.000738651780905819 -1.24375257266607e-05 -4.00860790303881e-05 -0.000280706496309513 6.61194915481111e-05 -0.00119793155551662
0 0.0123369160365607 0.0097631077025393 -0.000139492609940728 -0.00201063970032234 -0.0610610911070659 0.00404893250831817 0.00504183166221672
0 -0.0014473933162984 -0.000738651780905819 -1.24375257266607e-05 -4.00860790303881e-05 -0.000280706496309513 6.61194915481111e-05 -0.00119793155551662
0 -0.00303944763987873 -0.0172300247170116 -0.0163703096959003 0.00578967290821497 -0.0150167781013901 -0.0550651395985682 0.00257171237976417
0 -0.00328688313338343 -0.00478383083592337 -0.00107149904971093 -6.80945339444072e-05 2.59324583518072e-05 9.31541785238466e-05 -0.000857100762130081
0 -0.0181357751682421 -0.0115532246949619 -0.000363077477870899 -0.00110319919187551 0.0161269593347497 0.00255553364619443 -0.0160136887370292
0 -0.0014473933162984 -0.000738651780905819 -1.24375257266607e-05 -4.00860790303881e-05 -0.000280706496309513 6.61194915481111e-05 -0.00119793155551662
0 0.0145624321842059 0.0150617715706995 0.00553163916620392 -0.00931114402706301 -0.0549799944022324 0.0025792107906879 -0.0140322860008086
0 0.00689679760967365 0.00466863467612244 0.000162882450345236 0.000491470477392397 -0.00848453941183847 -0.00117858758577505 0.00620994703523969
0 0.0102621698533318 -0.0224138081186305 -0.0300550110223541 0.0112812368991007 0.000666419453008604 -0.101652885984455 0.0126588819319275
0 0.00121673794471011 -0.0219767950229861 -0.0237832087827625 0.00830223994669943 0.00676986050856554 -0.0796494538040444 0.00384365117395369
0 0.00689679760967365 0.00466863467612244 0.000162882450345236 0.000491470477392397 -0.00848453941183847 -0.00117858758577505 0.00620994703523969
0 -0.0014473933162984 -0.000738651780905819 -1.24375257266607e-05 -4.00860790303881e-05 -0.000280706496309513 6.61194915481111e-05 -0.00119793155551662
0 0.00689679760967365 0.00466863467612244 0.000162882450345236 0.000491470477392397 -0.00848453941183847 -0.00117858758577505 0.00620994703523969
0 -0.00328688313338343 -0.00478383083592337 -0.00107149904971093 -6.80945339444072e-05 2.59324583518072e-05 9.31541785238466e-05 -0.000857100762130081
0 0.0103879255870392 0.012192486539492 0.00582716381937098 -0.00640213202805562 -0.00504391279175342 -0.00292463119181008 -0.0123018656845355
0 0.00689679760967365 0.00466863467612244 0.000162882450345236 0.000491470477392397 -0.00848453941183847 -0.00117858758577505 0.00620994703523969
0 0.00689679760967365 0.00466863467612244 0.000162882450345236 0.000491470477392397 -0.00848453941183847 -0.00117858758577505 0.00620994703523969
0 0.00689679760967365 0.00466863467612244 0.000162882450345236 0.000491470477392397 -0.00848453941183847 -0.00117858758577505 0.00620994703523969
0 0.000753815601518326 -0.018055431390295 -0.0194251402355397 0.00677322703438765 0.0054563477224816 -0.0650531668889087 0.00293950793380304
0 -0.0014473933162984 -0.000738651780905819 -1.24375257266607e-05 -4.00860790303881e-05 -0.000280706496309513 6.61194915481111e-05 -0.00119793155551662
0 -0.0014473933162984 -0.000738651780905819 -1.24375257266607e-05 -4.00860790303881e-05 -0.000280706496309513 6.61194915481111e-05 -0.00119793155551662
0 0.0123369160365607 0.0097631077025393 -0.000139492609940728 -0.00201063970032234 -0.0610610911070659 0.00404893250831817 0.00504183166221672
0 0.00972054579799098 -0.0175631171425823 -0.0246992911257631 0.00940053367822635 -0.000969371921780038 -0.0837453013630873 0.0115682693418049
0 0.00689679760967365 0.00466863467612244 0.000162882450345236 0.000491470477392397 -0.00848453941183847 -0.00117858758577505 0.00620994703523969
0 -0.0014473933162984 -0.000738651780905819 -1.24375257266607e-05 -4.00860790303881e-05 -0.000280706496309513 6.61194915481111e-05 -0.00119793155551662
0 -0.0014473933162984 -0.000738651780905819 -1.24375257266607e-05 -4.00860790303881e-05 -0.000280706496309513 6.61194915481111e-05 -0.00119793155551662
0 0.0103879255870392 0.012192486539492 0.00582716381937098 -0.00640213202805562 -0.00504391279175342 -0.00292463119181008 -0.0123018656845355
0 -0.0386448107802142 0.190931637952721 0.213040702834228 -0.117855430079535 -0.0917330754502803 0.527522351478769 -0.0703336246331112
0 -0.0014473933162984 -0.000738651780905819 -1.24375257266607e-05 -4.00860790303881e-05 -0.000280706496309513 6.61194915481111e-05 -0.00119793155551662
0 0.00700933974408713 0.00453765221416313 -7.1786858371059e-05 0.000624148882329312 -0.00843725221008329 -0.00180554851000636 0.00634244689581331
0 -0.000471975764147814 -0.00787214967328032 -0.00808281459046434 0.00279343934946352 0.00205453880166928 -0.0270498344186541 0.000569774539795453
0 0.000964378996263449 -0.0198356398234125 -0.0214040329752105 0.00746752096784276 0.00605249335480673 -0.0716812432628982 0.00335034349671526
0 -0.00212916529194374 -0.0120675230890721 -0.00952351096192228 0.00287864438775332 0.00260461028289338 -0.02925441609489 0.000675469203229806
0 -0.00239276488076534 -0.0101253819299516 -0.00732292488301489 0.00210913761884468 0.00193151780246659 -0.0217449465643829 0.00025443489263699
0 -0.0014473933162984 -0.000738651780905819 -1.24375257266607e-05 -4.00860790303881e-05 -0.000280706496309513 6.61194915481111e-05 -0.00119793155551662
0 -0.0552613098649548 0.303413101836059 0.334640948056144 -0.185709343421541 -0.149356547461759 0.823342368335402 -0.105950166998284
0 -0.0014473933162984 -0.000738651780905819 -1.24375257266607e-05 -4.00860790303881e-05 -0.000280706496309513 6.61194915481111e-05 -0.00119793155551662
0 -0.036302557575759 0.213368062959512 0.232057825521684 -0.136401799742609 -0.113756587362017 0.535420817082551 -0.0738544027704897
0 0.000857901385623805 -0.0189346503307615 -0.0204025832279826 0.0071161640642603 0.0057507396321359 -0.0683270591601266 0.00314249803888078
0 -0.0323331241861604 0.229372938418832 0.247419474620687 -0.141924841861665 -0.120095460894768 0.585769383688697 -0.0782870746316346
0 -0.0014473933162984 -0.000738651780905819 -1.24375257266607e-05 -4.00860790303881e-05 -0.000280706496309513 6.61194915481111e-05 -0.00119793155551662
0 0 0 0 0 0 0 0
0 0.00689679760967365 0.00466863467612244 0.000162882450345236 0.000491470477392397 -0.00848453941183847 -0.00117858758577505 0.00620994703523969
0 -0.00129781319239441 -0.0184564787123658 -0.0167206406753642 0.00539695345562885 0.00480719391948448 -0.0537108271623672 0.00206915348974634
0 0.00689679760967365 0.00466863467612244 0.000162882450345236 0.000491470477392397 -0.00848453941183847 -0.00117858758577505 0.00620994703523969
0 -0.00137675965964235 -0.00102949475564929 -0.000375643224479472 8.7875526912029e-05 -0.000199684276419809 -0.00117507770706382 -0.00109732530608131
0 0.0175719425585648 -0.099525567632738 -0.110099761088728 0.0593871783920203 0.0457850438135434 -0.278937514259264 0.0339251304742731
0 0.0433088252501825 -0.280029837001432 -0.30635359498317 0.161050170453949 0.132192335472105 -0.79114859005489 0.0882273771245199
0 0.013567893520372 -0.0105816208911853 -0.0200141233606037 0.00281194466911217 0.00300371353056494 -0.0904217847004118 -0.00731262034394131
0 0.00193863415822371 -0.0281384811476211 -0.0306252846108213 0.0107026712698493 0.00883594292501977 -0.102561832001737 0.00525927402379756
0 0.00148486677950022 -0.0242361567483078 -0.0262962155304658 0.009183928168917 0.00752536333662057 -0.0880676256770547 0.00436591751206628
0 -0.0014473933162984 -0.000738651780905819 -1.24375257266607e-05 -4.00860790303881e-05 -0.000280706496309513 6.61194915481111e-05 -0.00119793155551662
0 -0.000381643377271423 -0.00860670541311848 -0.00890299601924394 0.00308125415367133 0.00229917788147604 -0.0297991240344242 0.00074247366864677
0 0.00689679760967365 0.00466863467612244 0.000162882450345236 0.000491470477392397 -0.00848453941183847 -0.00117858758577505 0.00620994703523969
0 0.00689679760967365 0.00466863467612244 0.000162882450345236 0.000491470477392397 -0.00848453941183847 -0.00117858758577505 0.00620994703523969
0 0.00689679760967365 0.00466863467612244 0.000162882450345236 0.000491470477392397 -0.00848453941183847 -0.00117858758577505 0.00620994703523969
0 -0.00518099414582585 -0.00302176038523205 1.11496008812217e-05 0.000104399622133489 -0.0190050659204273 -0.000629877352157582 -0.000892378798348137
0 0.0254574526877427 -0.211384512171092 -0.226168251967595 0.122397962615622 0.0843259700778702 -0.567851867737907 0.063852361379924
0 -0.0014473933162984 -0.000738651780905819 -1.24375257266607e-05 -4.00860790303881e-05 -0.000280706496309513 6.61194915481111e-05 -0.00119793155551662
0 -0.00159671049281584 -0.02889804038821 -0.029436069349265 0.0103553418099129 -0.0113095361370994 -0.0986651716431766 0.00525631098190082
0 -0.000828849091931705 -0.0231205255768709 -0.0218129409331924 0.00718455263747808 0.00636998521881083 -0.0706180707784565 0.00311792699193658
0 0.0111000572780182 0.00838422097790392 0.00131814821199949 -0.00476351589196122 -0.00361410755899216 -0.0184733314313905 -0.0115009009128322
0 -0.00132580250409386 -0.0182368843152134 -0.0164739552873017 0.00531061083039042 0.0047316794838852 -0.0528742754684806 0.00202111019966633
0 -0.0126877815892401 0.115583251923202 0.123058380040102 -0.0703954208633348 -0.0594841184292116 0.292115878924753 -0.0420718840612322
0 -0.000233267472407483 -0.00982087948941279 -0.0102577131344974 0.00355663137066164 0.00270391637537237 -0.034339612788028 0.00102707005988645
0 -0.0181357751682421 -0.0115532246949619 -0.000363077477870899 -0.00110319919187551 0.0161269593347497 0.00255553364619443 -0.0160136887370292
0 -0.0014473933162984 -0.000738651780905819 -1.24375257266607e-05 -4.00860790303881e-05 -0.000280706496309513 6.61194915481111e-05 -0.00119793155551662
0 0.0163658685726569 -0.0188724487720853 -0.0327173332035775 0.00953713920300769 -0.0524066216590384 -0.103487138878672 0.0119445877451723
0 0.00689679760967365 0.00466863467612244 0.000162882450345236 0.000491470477392397 -0.00848453941183847 -0.00117858758577505 0.00620994703523969
0 -0.0288096895771019 0.213730832039349 0.228557738087062 -0.129969881074469 -0.114976657794547 0.543265058048544 -0.065463242073589
0 0.00689679760967365 0.00466863467612244 0.000162882450345236 0.000491470477392397 -0.00848453941183847 -0.00117858758577505 0.00620994703523969
0 0.00987207373356647 -0.0188464230691237 -0.0261241012886173 0.00990566431151363 -0.00053509456114309 -0.0884937006421906 0.0118655658156643
0 0.00689679760967365 0.00466863467612244 0.000162882450345236 0.000491470477392397 -0.00848453941183847 -0.00117858758577505 0.00620994703523969
0 -0.00778897078108187 0.0822984680546073 0.0850376515844138 -0.0480542982725183 -0.080513981306412 0.210777972213835 -0.0226400245564315
0 -0.0014473933162984 -0.000738651780905819 -1.24375257266607e-05 -4.00860790303881e-05 -0.000280706496309513 6.61194915481111e-05 -0.00119793155551662
0 -0.0213855219780745 0.115403766443945 0.126075284022805 -0.0758435191117837 -0.0625367222122222 0.283693389213682 -0.0420491763864863
0 -5.197994096795e-05 -0.011315138281188 -0.0119235453712863 0.00414115981641539 0.00320253251378411 -0.0399220089058767 0.00137610439807023
0 -9.8473330701232e-05 -0.010930910455643 -0.011495328901582 0.00399090368520039 0.00307427269321403 -0.0384870832650415 0.00128646768156182
0 -0.0014473933162984 -0.000738651780905819 -1.24375257266607e-05 -4.00860790303881e-05 -0.000280706496309513 6.61194915481111e-05 -0.00119793155551662
0 -0.00199637462795632 -0.0130651956439536 -0.010650870975081 0.00327297954589501 0.00294952331747167 -0.0330939279170139 0.000892384984838568
0 -0.0290218281212162 0.154995722252586 0.170983218470218 -0.0965041353180247 -0.0779298906625172 0.413576731374243 -0.0552491281375431
0 -0.0768316797231416 -0.0823538244539335 -0.0207591635625466 0.0266113894648958 0.100708155682628 -0.00904371547917382 0.037641446209582
0 -0.00241167501419381 -0.00998842677170764 -0.007167367176383 0.00205475614687289 0.00188394820811322 -0.0212131761086383 0.000224822125265423
0 -0.0014473933162984 -0.000738651780905819 -1.24375257266607e-05 -4.00860790303881e-05 -0.000280706496309513 6.61194915481111e-05 -0.00119793155551662
0 0.00689679760967365 0.00466863467612244 0.000162882450345236 0.000491470477392397 -0.00848453941183847 -0.00117858758577505 0.00620994703523969
0 -0.0105078403492955 0.03013850551877 0.0362160162452794 -0.0202237887679217 -0.0131193251214601 0.0905474726535633 -0.0153783113947341
0 0 0 0 0 0 0 0
0 -0.0014473933162984 -0.000738651780905819 -1.24375257266607e-05 -4.00860790303881e-05 -0.000280706496309513 6.61194915481111e-05 -0.00119793155551662
0 -0.0014473933162984 -0.000738651780905819 -1.24375257266607e-05 -4.00860790303881e-05 -0.000280706496309513 6.61194915481111e-05 -0.00119793155551662
0 -0.0553398950947148 0.223754525576954 0.260811368073295 -0.141116064051143 -0.120287132155973 0.65486690550355 -0.0713835674044425
0 -0.0014473933162984 -0.000738651780905819 -1.24375257266607e-05 -4.00860790303881e-05 -0.000280706496309513 6.61194915481111e-05 -0.00119793155551662
0 0 0 0 0 0 0 0
0 -0.0014473933162984 -0.000738651780905819 -1.24375257266607e-05 -4.00860790303881e-05 -0.000280706496309513 6.61194915481111e-05 -0.00119793155551662
0 -0.0014473933162984 -0.000738651780905819 -1.24375257266607e-05 -4.00860790303881e-05 -0.000280706496309513 6.61194915481111e-05 -0.00119793155551662
0 -0.00328688313338343 -0.00478383083592337 -0.00107149904971093 -6.80945339444072e-05 2.59324583518072e-05 9.31541785238466e-05 -0.000857100762130081
0 -0.00129332425869455 -0.000546907100014593 1.39710688125128e-05 -4.6564125860904e-05 -0.000413822068193959 4.25926600762239e-05 -0.00107928300858617
0 -0.00466609031072363 -0.00235553801569122 2.95754385346569e-05 3.78885927450057e-05 -0.0200021429089587 -0.000215618267008555 -0.000744271282520081
0 0.00689679760967365 0.00466863467612244 0.000162882450345236 0.000491470477392397 -0.00848453941183847 -0.00117858758577505 0.00620994703523969
0 -0.00328688313338343 -0.00478383083592337 -0.00107149904971093 -6.80945339444072e-05 2.59324583518072e-05 9.31541785238466e-05 -0.000857100762130081
0 0.00702278322740746 0.00452164391730259 -0.000100181470019667 0.000640104490642557 -0.00843148239754843 -0.00188171781484092 0.0063583132763454
0 0.0268470792787046 -0.289893166589154 -0.305266439359027 0.161307314421117 0.136986356080657 -0.79015520667854 0.0814769917665705
0 0.0146637410651289 -0.0713560263202835 -0.0792068692986962 0.0407526921908614 0.0348720210584537 -0.207250972687999 0.0165806520262528
0 -0.0014473933162984 -0.000738651780905819 -1.24375257266607e-05 -4.00860790303881e-05 -0.000280706496309513 6.61194915481111e-05 -0.00119793155551662
0 -0.0565979270424357 0.312423951158472 0.344379168992168 -0.19117640434977 -0.15399792659516 0.846887374633724 -0.108816934473735
0 -0.0014473933162984 -0.000738651780905819 -1.24375257266607e-05 -4.00860790303881e-05 -0.000280706496309513 6.61194915481111e-05 -0.00119793155551662
0 -0.0014473933162984 -0.000738651780905819 -1.24375257266607e-05 -4.00860790303881e-05 -0.000280706496309513 6.61194915481111e-05 -0.00119793155551662
0 -0.00323947982865302 -0.0157003671270632 -0.0146445877891459 0.00518767652275809 -0.0154920751830399 -0.0493125468452198 0.00221443058067017
0 0.0171877127663529 -0.00223097101340386 -0.0143789347341619 -0.00229605606441652 -0.0495801428715477 -0.0642925909646577 -0.0102153192551504
0 0.0127677713914527 0.00801692656731712 -0.00232954834563026 -0.00121542558525167 -0.0608123641525342 -0.00291646482905827 0.00557011624593517
0 0.0103879255870392 0.012192486539492 0.00582716381937098 -0.00640213202805562 -0.00504391279175342 -0.00292463119181008 -0.0123018656845355
0 -0.106938415687662 0.716389771241705 0.775855115612103 -0.428942619119933 -0.364536713575912 1.90545073549085 -0.226832805000253
0 0.00909492483722119 -0.0122949462905537 -0.0188469366087842 0.00732390611559763 -0.0027522572642793 -0.0642471411981376 0.0103440587353409
0 -0.0014473933162984 -0.000738651780905819 -1.24375257266607e-05 -4.00860790303881e-05 -0.000280706496309513 6.61194915481111e-05 -0.00119793155551662
0 0.00689679760967365 0.00466863467612244 0.000162882450345236 0.000491470477392397 -0.00848453941183847 -0.00117858758577505 0.00620994703523969
0 0.00689679760967365 0.00466863467612244 0.000162882450345236 0.000491470477392397 -0.00848453941183847 -0.00117858758577505 0.00620994703523969
0 0.0158273548483367 -0.0145786427794259 -0.0279061117498736 0.00783988428504667 -0.0537873450737045 -0.0875059808569216 0.0109478184795173
0 0 0 0 0 0 0 0
0 0.00218819580757357 -0.0306833819144225 -0.0334004002281056 0.011675494875135 0.00970747036962472 -0.111824747146844 0.00579919734490897
0 -0.000539500771235879 -0.00732570917336473 -0.00747233199259689 0.00257920610344664 0.00187267746240982 -0.0250032601440364 0.000441001969711863
0 0.00689679760967365 0.00466863467612244 0.000162882450345236 0.000491470477392397 -0.00848453941183847 -0.00117858758577505 0.00620994703523969
0 0 0 0 0 0 0 0
0 -0.00142321864101147 -0.0164554469449474 -0.0146251004818199 0.00465724224132247 0.00416104133852757 -0.0469883950351373 0.00159820969264901
0 -0.0014473933162984 -0.000738651780905819 -1.24375257266607e-05 -4.00860790303881e-05 -0.000280706496309513 6.61194915481111e-05 -0.00119793155551662
0 -0.0211801886249896 0.173115301636511 0.182751377409833 -0.104109073486952 -0.128540278373583 0.442172481975668 -0.0518818374633376
0 0.009413637690737 -0.0149720987396851 -0.0218216809428582 0.00837985467158608 -0.00184621555531983 -0.0741567728276977 0.0109670010817968
0 0.0103879255870392 0.012192486539492 0.00582716381937098 -0.00640213202805562 -0.00504391279175342 -0.00292463119181008 -0.0123018656845355
0 0.00705778170013138 0.00447960896541932 -0.000174463301448657 0.000681748949128647 -0.00841634109858225 -0.00208128259166296 0.00639965805934573
0 -0.0014473933162984 -0.000738651780905819 -1.24375257266607e-05 -4.00860790303881e-05 -0.000280706496309513 6.61194915481111e-05 -0.00119793155551662
0 -0.00328688313338343 -0.00478383083592337 -0.00107149904971093 -6.80945339444072e-05 2.59324583518072e-05 9.31541785238466e-05 -0.000857100762130081
0 -0.0022818611606934 -0.00273598273255304 -0.000257068308434416 -0.000410147999502897 -0.000266190045536518 -0.000844027273430026 -0.0016103768985225
0 -9.8473330701232e-05 -0.010930910455643 -0.011495328901582 0.00399090368520039 0.00307427269321403 -0.0384870832650415 0.00128646768156182
0 -0.000402058930526472 -0.00844036072538223 -0.00871730394311721 0.00301609246919021 0.00224376195394527 -0.0291767005248249 0.000703402462635339
0 0.00107324843343726 -0.0207583998682495 -0.0224294894772239 0.00782729774513635 0.00636160889049453 -0.0751157191972225 0.00356304430730647
0 -0.00328688313338343 -0.00478383083592337 -0.00107149904971093 -6.80945339444072e-05 2.59324583518072e-05 9.31541785238466e-05 -0.000857100762130081
0 0.0322813558555222 -0.294674600469676 -0.313099292541832 0.168148102438794 0.151158089329892 -0.786112182663823 0.0807565462273523
0 0.0103879255870392 0.012192486539492 0.00582716381937098 -0.00640213202805562 -0.00504391279175342 -0.00292463119181008 -0.0123018656845355
0 -0.0306365005742277 -0.0387364655867537 -0.0148688247878748 0.0125999804542785 0.0101656229585632 0.00612872491919125 0.0220324290826812
0 -0.0014473933162984 -0.000738651780905819 -1.24375257266607e-05 -4.00860790303881e-05 -0.000280706496309513 6.61194915481111e-05 -0.00119793155551662
0 0.000783310333044795 -0.01830441531694 -0.0197019599930965 0.00687034987213586 0.00553970849125873 -0.0659803716366492 0.00299700966252336
0 -0.0014473933162984 -0.000738651780905819 -1.24375257266607e-05 -4.00860790303881e-05 -0.000280706496309513 6.61194915481111e-05 -0.00119793155551662
0 -0.000213825882909635 -0.00984660629277556 -0.010304178740363 0.00357317892164799 0.00270538721151059 -0.0345062101917049 0.00104815171858474
0 -0.00518099414582585 -0.00302176038523205 1.11496008812217e-05 0.000104399622133489 -0.0190050659204273 -0.000629877352157582 -0.000892378798348137
0 -0.00328688313338343 -0.00478383083592337 -0.00107149904971093 -6.80945339444072e-05 2.59324583518072e-05 9.31541785238466e-05 -0.000857100762130081
0 0.0203229406956407 -0.118565944664343 -0.130784380508766 0.0703060570039487 0.0550549900661803 -0.332027889560663 0.0397391656046064
0 -0.00518099414582585 -0.00302176038523205 1.11496008812217e-05 0.000104399622133489 -0.0190050659204273 -0.000629877352157582 -0.000892378798348137
0 -0.0327945520882373 0.250503514547066 0.267451719781574 -0.151543326059783 -0.134687101938146 0.637770096178055 -0.0756550438654982
0 -0.0181357751682421 -0.0115532246949619 -0.000363077477870899 -0.00110319919187551 0.0161269593347497 0.00255553364619443 -0.0160136887370292
0 -0.00496927342438003 -0.00373929945326079 -0.000948661743188861 0.000426557542329675 -0.0189912373064898 -0.00375506773708967 -0.000662884404137198
0 0.0123369160365607 0.0097631077025393 -0.000139492609940728 -0.00201063970032234 -0.0610610911070659 0.00404893250831817 0.00504183166221672
0 -0.0014473933162984 -0.000738651780905819 -1.24375257266607e-05 -4.00860790303881e-05 -0.000280706496309513 6.61194915481111e-05 -0.00119793155551662
0 -0.00306244758706065 -0.171766396559185 -0.165254240126036 0.0915851318560055 0.0774790204207747 -0.386920304306058 0.0596783639069143
0 -0.0443113092946503 -0.0557127829621691 -0.0217674876569567 0.0189340179483892 0.0152354682086684 0.00914651028952518 0.0334771940050871
0 -0.00979158424227045 -0.00614593823793408 -0.000187757501799002 -0.000571642635453173 0.00792312641921988 0.00131082656887127 -0.00860581014627337
0 -0.0181357751682421 -0.0115532246949619 -0.000363077477870899 -0.00110319919187551 0.0161269593347497 0.00255553364619443 -0.0160136887370292
0 0.00689679760967365 0.00466863467612244 0.000162882450345236 0.000491470477392397 -0.00848453941183847 -0.00117858758577505 0.00620994703523969
0 0.0123369160365607 0.0097631077025393 -0.000139492609940728 -0.00201063970032234 -0.0610610911070659 0.00404893250831817 0.00504183166221672
0 0.00689679760967365 0.00466863467612244 0.000162882450345236 0.000491470477392397 -0.00848453941183847 -0.00117858758577505 0.00620994703523969
0 -0.000255049783681738 -0.00964209448614151 -0.0100583029127788 0.00348665832977524 0.00264429369754682 -0.0336713082318263 0.000985224366585324
0 -0.0014473933162984 -0.000738651780905819 -1.24375257266607e-05 -4.00860790303881e-05 -0.000280706496309513 6.61194915481111e-05 -0.00119793155551662
0 -0.0014473933162984 -0.000738651780905819 -1.24375257266607e-05 -4.00860790303881e-05 -0.000280706496309513 6.61194915481111e-05 -0.00119793155551662
0 0.00689679760967365 0.00466863467612244 0.000162882450345236 0.000491470477392397 -0.00848453941183847 -0.00117858758577505 0.00620994703523969
0 0.0137088245948704 0.00166545465934664 -0.00961162562982576 0.00137437938568707 -0.0589241270230811 -0.026870230320958 0.00712925681283538
0 -0.000993595072717124 -0.00373792505271542 -0.00345271438192629 0.00116845558887846 0.000682812016928214 -0.0115211718830142 -0.000414385891716051
0 -0.00828609579263118 -0.00929212743545893 -0.00104106151598371 -0.000330510654073191 -0.0160579568810175 -0.000326520776777528 -0.00111385294821087
0 0.00689679760967365 0.00466863467612244 0.000162882450345236 0.000491470477392397 -0.00848453941183847 -0.00117858758577505 0.00620994703523969
0 -0.0014473933162984 -0.000738651780905819 -1.24375257266607e-05 -4.00860790303881e-05 -0.000280706496309513 6.61194915481111e-05 -0.00119793155551662
0 -0.0012145508550585 -0.0020968716688734 -0.0016001384327784 0.000518056401878297 0.000143733894176545 -0.00529916732128388 -0.00081785500129028
0 -0.00746009608103426 -0.0129709404693816 -0.00562798058046399 0.00122943419045995 -0.0151254789243538 -0.0161789803950629 -0.000341704134378062
0 0.00689679760967365 0.00466863467612244 0.000162882450345236 0.000491470477392397 -0.00848453941183847 -0.00117858758577505 0.00620994703523969
0 -0.040216814510599 -0.0285914965607743 0.000312434022525565 0.00433447826704469 0.0651069844528509 -0.00998749707310953 -0.012760799719477
0 0.00689679760967365 0.00466863467612244 0.000162882450345236 0.000491470477392397 -0.00848453941183847 -0.00117858758577505 0.00620994703523969
0 -0.000604633951789779 -0.00680103922563413 -0.00688585614951442 0.00237339273113957 0.00169817793616689 -0.023036977700972 0.000317084752385011
0 -0.00979158424227045 -0.00614593823793408 -0.000187757501799002 -0.000571642635453173 0.00792312641921988 0.00131082656887127 -0.00860581014627337
0 -0.00518099414582585 -0.00302176038523205 1.11496008812217e-05 0.000104399622133489 -0.0190050659204273 -0.000629877352157582 -0.000892378798348137
0 -0.00328688313338343 -0.00478383083592337 -0.00107149904971093 -6.80945339444072e-05 2.59324583518072e-05 9.31541785238466e-05 -0.000857100762130081
0 -0.00518099414582585 -0.00302176038523205 1.11496008812217e-05 0.000104399622133489 -0.0190050659204273 -0.000629877352157582 -0.000892378798348137
0 -0.00518099414582585 -0.00302176038523205 1.11496008812217e-05 0.000104399622133489 -0.0190050659204273 -0.000629877352157582 -0.000892378798348137
0 -0.00518099414582585 -0.00302176038523205 1.11496008812217e-05 0.000104399622133489 -0.0190050659204273 -0.000629877352157582 -0.000892378798348137
0 -0.00979158424227045 -0.00614593823793408 -0.000187757501799002 -0.000571642635453173 0.00792312641921988 0.00131082656887127 -0.00860581014627337
0 -0.0014473933162984 -0.000738651780905819 -1.24375257266607e-05 -4.00860790303881e-05 -0.000280706496309513 6.61194915481111e-05 -0.00119793155551662
0 -0.0014473933162984 -0.000738651780905819 -1.24375257266607e-05 -4.00860790303881e-05 -0.000280706496309513 6.61194915481111e-05 -0.00119793155551662
0 0.0311052799518503 -0.258216110853088 -0.276904616962277 0.145389314857719 0.127542295464354 -0.711627120499562 0.07270569538845
0 -0.00979158424227045 -0.00614593823793408 -0.000187757501799002 -0.000571642635453173 0.00792312641921988 0.00131082656887127 -0.00860581014627337
0 -0.0012401175277601 -0.000486874377229718 1.69886773333516e-05 -4.66717796068217e-05 -0.000457436242665477 1.4491930533822e-05 -0.00103755538197836
0 0.00210459566762111 -0.0301173673201265 -0.0327536214867958 0.0114483101384044 0.0095244184563974 -0.109647885452118 0.00565322574579064
0 -0.0014473933162984 -0.000738651780905819 -1.24375257266607e-05 -4.00860790303881e-05 -0.000280706496309513 6.61194915481111e-05 -0.00119793155551662
0 0.0115204141310832 -0.0578827886402484 -0.0648773833807654 0.0353186101701679 0.0253611109815433 -0.163731438358885 0.0211264252527723
0 -0.00328688313338343 -0.00478383083592337 -0.00107149904971093 -6.80945339444072e-05 2.59324583518072e-05 9.31541785238466e-05 -0.000857100762130081
0 0.0158249586812467 -0.0999685599968476 -0.110099999993194 0.0563885271666553 0.044669247057497 -0.291521343370727 0.031545583787989
0 -0.0014473933162984 -0.000738651780905819 -1.24375257266607e-05 -4.00860790303881e-05 -0.000280706496309513 6.61194915481111e-05 -0.00119793155551662
0 -0.0014473933162984 -0.000738651780905819 -1.24375257266607e-05 -4.00860790303881e-05 -0.000280706496309513 6.61194915481111e-05 -0.00119793155551662
0 0.0221912592348197 -0.136832556438698 -0.150540677533648 0.0725611676298286 0.0621890893738559 -0.417245074296435 0.0344676332744616
0 0.0525495171585479 -0.398128861180787 -0.429559041696045 0.228484290013141 0.173711817108922 -1.09472321396755 0.12044710580167
0 0.00689679760967365 0.00466863467612244 0.000162882450345236 0.000491470477392397 -0.00848453941183847 -0.00117858758577505 0.00620994703523969
0 0.00689679760967365 0.00466863467612244 0.000162882450345236 0.000491470477392397 -0.00848453941183847 -0.00117858758577505 0.00620994703523969
0 -0.0014473933162984 -0.000738651780905819 -1.24375257266607e-05 -4.00860790303881e-05 -0.000280706496309513 6.61194915481111e-05 -0.00119793155551662
0 0.00167092949272174 -0.0258479088211172 -0.0280824745121464 0.00981057795186091 0.0080676325286162 -0.0940470215048155 0.0047336289461346
0 0.00183282618417691 -0.0268900178927436 -0.0292822518668778 0.0102321152796359 0.00840079427464335 -0.0980905939874903 0.00500976555499788
0 0.0439409082025959 -0.273825740635322 -0.30186012928732 0.157421363154341 0.0933564803082323 -0.775863624058756 0.0864718055577232
0 0.0116066357787101 0.012473190303429 0.00477600933551958 -0.00572898075057937 -0.00447385844068249 -0.00839703522628721 -0.0124996375382458
0 0.0368436612955119 -0.246725866052596 -0.270078945859716 0.141190247958433 0.0862725244747624 -0.69439929369305 0.076657107802359
0 0.00689679760967365 0.00466863467612244 0.000162882450345236 0.000491470477392397 -0.00848453941183847 -0.00117858758577505 0.00620994703523969
0 -0.058896794481047 0.404357407838836 0.436432880486388 -0.243290540910937 -0.209091786890646 1.06192129463855 -0.127050544573137
0 -0.0069034796591696 -0.0165483983347996 -0.00977667094496537 0.00266688342120291 -0.0140172215297789 -0.0302467299161622 0.00044057122671548
0 -0.0142458191000658 0.148408135062465 0.153749135302062 -0.0879872964612325 -0.121578659619217 0.373758565029838 -0.0422615485041264
0 0.0123369160365607 0.0097631077025393 -0.000139492609940728 -0.00201063970032234 -0.0610610911070659 0.00404893250831817 0.00504183166221672
0 0.00990504989603558 -0.0191129711189459 -0.0264195938462994 0.0100079394944905 -0.000451986463068987 -0.0894897089388267 0.0119283505517327
0 -0.0014473933162984 -0.000738651780905819 -1.24375257266607e-05 -4.00860790303881e-05 -0.000280706496309513 6.61194915481111e-05 -0.00119793155551662
0 -0.00487535532541994 -0.00420375735794698 -0.00151531093289448 0.000620615410498182 -0.0189086524107838 -0.00562277735907557 -0.000536850873475547
0 -0.0014473933162984 -0.000738651780905819 -1.24375257266607e-05 -4.00860790303881e-05 -0.000280706496309513 6.61194915481111e-05 -0.00119793155551662
0 -0.0317753655236688 0.16278652790171 0.180300829382152 -0.102290489384207 -0.0813806770859395 0.434398836723862 -0.0594324900755678
0 0.00547719206497543 0.00816917581048227 0.00411430251848799 -0.00937697844700391 -0.00745611626546427 -0.0232053259305847 -0.0110654837301238
0 -0.0386469968888825 0.217909031036235 0.238709920977129 -0.136669573203038 -0.111982227401747 0.5678541035756 -0.0760821352867076
0 0.000768538560888654 -0.0181797012051255 -0.019563305147432 0.00682170253618342 0.00549795298632949 -0.0655159499583751 0.00296820925374774
0 -0.0014473933162984 -0.000738651780905819 -1.24375257266607e-05 -4.00860790303881e-05 -0.000280706496309513 6.61194915481111e-05 -0.00119793155551662
0 -0.0260249226697029 0.195629815456401 0.209081480927424 -0.118322664731057 -0.105105740130067 0.49932543633262 -0.0594302846252788
0 -0.000430085430473071 -0.0258392110396177 -0.0249284379074188 0.00827245284032196 0.00732177838207182 -0.081338441955555 0.00369918127179369
0 -0.0237917404908981 0.165302348057334 0.177780836688029 -0.100598753354059 -0.0878875863671427 0.425443438559162 -0.0519663333627989
0 -0.00174707733548818 -0.0149650715197356 -0.0127935130498051 0.004022606608165 0.00360517966288665 -0.0403808515574289 0.00130632188286262
0 0.00960542425302657 -0.016589870941897 -0.0236185417347263 0.00901727700959265 -0.00129872970168421 -0.0801438640169878 0.011342587725605
0 0.0402980899735148 -0.273018433687934 -0.298437172617472 0.155526840538403 0.0987809511637039 -0.770138074314826 0.0842674170680926
0 0.00426358784211178 -0.0643056329501874 -0.0677507051985371 0.0316575857142523 0.0295298999447606 -0.190319623189362 0.0138117487188412
0 -0.0365626292548296 0.220216364360295 0.240038836112464 -0.135751453226281 -0.113355185488874 0.577352597630263 -0.0740236039885804
0 -0.0299075105584374 -0.0414791349462709 -0.0167774897147703 0.0117393362261491 0.0251754651474805 -0.034782914910279 0.013480066356669
0 0.0105071334197868 -0.146014854112473 -0.152850435506342 0.0773193417108402 0.0557145340517993 -0.411028985876771 0.0389099694949904
0 0.0269362543838554 -0.164602202383737 -0.180814138224909 0.0965004155700218 0.0773043606235237 -0.461381647896228 0.0537058306373179
0 0.0054904021059734 -0.0726686499086515 -0.0767879033842469 0.0366818129090509 0.0338013043765564 -0.212382675674193 0.0164468362810268
0 -0.00332946903906794 -0.0018148823331714 -0.000389921820071137 -0.00208881783537951 -0.000300755098972871 -0.010003432136827 -0.00341776258396376
0 -0.00353835821921145 -0.0149531930827358 -0.0135606937402257 0.00482911250042939 -0.0154929846623433 -0.045814227813135 0.00193988381843502
0 0.00736661576056408 0.00172049404931407 -0.0032185830616891 0.00174584275903111 -0.00749739494103663 -0.0122805563392787 0.00701991788674849
0 0.00756185571078971 9.58332412461793e-05 -0.00502430050716152 0.00238558441492698 -0.00695225514674647 -0.0183020328298533 0.00739951409915385
0 0.043093413562052 -0.287383597264639 -0.312290375530374 0.162804492405379 0.138724189292258 -0.809366450263544 0.0826356385954492
0 0.00720617383069522 0.00290377111897433 -0.00188577856722461 0.00126276633299982 -0.00789845439620862 -0.00787189505562891 0.00672398505998562
0 -0.00979158424227045 -0.00614593823793408 -0.000187757501799002 -0.000571642635453173 0.00792312641921988 0.00131082656887127 -0.00860581014627337
0 -0.00146450093017192 -0.030007217414596 -0.0306706565479384 0.0107874428140047 -0.0109389426811424 -0.102788987499021 0.00550849955818977
0 0.032552045977055 -0.214639376344921 -0.234053368333599 0.124789541242458 0.102850306184911 -0.596376423312117 0.0674580771515805
0 -0.00286498583819661 -0.0638579112136766 -0.0623267052053516 0.0304752970770634 0.0194001090270168 -0.175994271734738 0.0133502966737105
0 -0.00944580304256348 -0.0084953330942521 -0.00289800209256397 0.000314159653475254 0.00863180893067073 -0.00811389184547462 -0.00801883846072826
0 -0.000121427148849662 -0.0107414623247708 -0.0112841602693563 0.00391680662453719 0.00301104422942045 -0.037779452097467 0.00124224385629823
0 0.000962502025418921 -0.0198843932779433 -0.0214506944671631 0.00748375809045765 0.00607104802530811 -0.0718332648143174 0.00335458093141883
0 0.00472656871235699 -0.114089631509773 -0.114096171810976 0.0619560904146281 0.0525875754379079 -0.275807382251574 0.035894559331151
0 0.00689679760967365 0.00466863467612244 0.000162882450345236 0.000491470477392397 -0.00848453941183847 -0.00117858758577505 0.00620994703523969
0 -0.000539500771235879 -0.00732570917336473 -0.00747233199259689 0.00257920610344664 0.00187267746240982 -0.0250032601440364 0.000441001969711863
0 9.21862557277109e-05 -0.0125104742682272 -0.0132552284224277 0.00460842428916486 0.00360173511936335 -0.0443840922738747 0.00165452707544533
0 -0.00306860942028342 -0.0170061706403613 -0.0161178987896817 0.00570161141469017 -0.0150864805774664 -0.0542236773281175 0.00251948305676963
0 -0.0014473933162984 -0.000738651780905819 -1.24375257266607e-05 -4.00860790303881e-05 -0.000280706496309513 6.61194915481111e-05 -0.00119793155551662
0 0.00203313617118228 -0.0289276626337402 -0.0315043096620786 0.0110110816971987 0.00909901667450619 -0.105507336613194 0.00544249844826217
0 -0.0378961705536938 0.213059428946487 0.233494680971457 -0.133521638504924 -0.109315515655265 0.556216309920134 -0.0744539820286017
0 -0.000371362381463847 -0.00869054420246185 -0.00899657695796385 0.00311409274714824 0.0023271112068648 -0.0301127937024348 0.00076215790490064
0 0.00892246813834907 -0.010853115693759 -0.0172440895902826 0.00675453010390292 -0.00324024764945419 -0.0589089390965016 0.0100077112689139
0 0.0120964891187558 0.00103516433167483 -0.00699161947734472 -0.00180297599270407 -0.00102839559372381 -0.0465617888801257 -0.00988233349537504
0 0.0140299253782037 -0.000692858164202281 -0.0122830912033081 0.00232045778865997 -0.0581928105159606 -0.0357027371682084 0.00769156861653864
0 -0.00125546312894631 -0.0187892025354697 -0.0170943432607404 0.00552775614966761 0.00492159238099799 -0.05497794426925 0.00214196159110536
0 0.00120059941453388 -0.0218396405956374 -0.0236308357915069 0.00824878125434036 0.00672389825334063 -0.0791391510791688 0.00381207627788793
0 -5.39341425098705e-05 -0.0284068667894406 -0.0278699641756996 0.00930043841088546 0.00822100908360346 -0.0914488027024118 0.00425199895799722
0 -0.00518099414582585 -0.00302176038523205 1.11496008812217e-05 0.000104399622133489 -0.0190050659204273 -0.000629877352157582 -0.000892378798348137
0 -0.0237967186866941 0.120225231790145 0.133495088323189 -0.0748570340175458 -0.0595549563170215 0.325604750778994 -0.0439720986375365
0 -0.0236136137321123 0.118999591541403 0.13217299815392 -0.0741002721991224 -0.0589123234263962 0.322472917678311 -0.0435772902214238
0 -0.00979158424227045 -0.00614593823793408 -0.000187757501799002 -0.000571642635453173 0.00792312641921988 0.00131082656887127 -0.00860581014627337
0 0.000917690857084263 -0.0191516542347361 -0.0206803989579365 0.00721416024645727 0.00580935468800492 -0.0692797663277793 0.00322405736071252
0 -0.0134887997875159 0.0991032025194771 0.105686889196224 -0.061449630649892 -0.0552783678418658 0.244973546481337 -0.0307579662619437
0 -0.0356904498946236 0.139906009817826 0.160983078486314 -0.0891737870936691 -0.0754231674553978 0.386634405399401 -0.0511637747185496
0 -0.00191379929561908 -0.0260412958222314 -0.026278578732815 0.00924870220325413 -0.0122440271464668 -0.0881093602023753 0.00461634211649686
0 0.00689679760967365 0.00466863467612244 0.000162882450345236 0.000491470477392397 -0.00848453941183847 -0.00117858758577505 0.00620994703523969
0 0.00689679760967365 0.00466863467612244 0.000162882450345236 0.000491470477392397 -0.00848453941183847 -0.00117858758577505 0.00620994703523969
0 0.00689679760967365 0.00466863467612244 0.000162882450345236 0.000491470477392397 -0.00848453941183847 -0.00117858758577505 0.00620994703523969
0 0.0145624321842059 0.0150617715706995 0.00553163916620392 -0.00931114402706301 -0.0549799944022324 0.0025792107906879 -0.0140322860008086
0 -0.00903352505529487 -0.0117538698613244 -0.0065575854645985 0.00156593917574943 0.00968497692418335 -0.0205355750919129 -0.00725065012043835
0 -0.00667156222724241 -0.0316646059681465 -0.0287267253163361 0.00923927371376143 0.0162612803414985 -0.095266465163466 -0.00267682652560808
0 -0.0119475202380226 0.110766025755346 0.115694953401767 -0.0653856847285681 -0.095370131800788 0.284496564737354 -0.0317033124282098
0 -0.0014473933162984 -0.000738651780905819 -1.24375257266607e-05 -4.00860790303881e-05 -0.000280706496309513 6.61194915481111e-05 -0.00119793155551662
0 0.00689679760967365 0.00466863467612244 0.000162882450345236 0.000491470477392397 -0.00848453941183847 -0.00117858758577505 0.00620994703523969
0 0.0222110455936004 -0.131672015068899 -0.145024828070683 0.0777922392542383 0.0614121895842388 -0.368714328109786 0.0437280842061769
0 -0.0186965590548329 0.147371225141674 0.15709801906065 -0.0878308118986046 -0.0792414832164114 0.37942700283164 -0.0435867431466352
0 -0.0448697872201071 0.201046127167828 0.226651392097224 -0.127911396332617 -0.108581536577169 0.537471965022793 -0.0712798943295363
0 0.0103879255870392 0.012192486539492 0.00582716381937098 -0.00640213202805562 -0.00504391279175342 -0.00292463119181008 -0.0123018656845355
0 -0.0379797909531945 0.213600050811058 0.234076111818282 -0.133872096363566 -0.109612417924759 0.557515952539303 -0.0746352843014968
0 -0.012835943710253 0.0905060322094471 0.0954555086728925 -0.0586755458779313 -0.0830329879519009 0.212822331064871 -0.0288730084222424
0 0.00172359179566639 -0.0262980259407173 -0.0285822177240016 0.00998590360062623 0.00821859026842109 -0.0957204886456702 0.00483697436269503
0 -0.00306860942028342 -0.0170061706403613 -0.0161178987896817 0.00570161141469017 -0.0150864805774664 -0.0542236773281175 0.00251948305676963
0 0.00707029268043602 0.00384218098225153 -0.000820840581083004 0.000872436804846277 -0.00821678232073308 -0.0043628942391809 0.00648019932644184
0 -0.000109974646168798 -0.0108359642417155 -0.0113894996185837 0.00395376923779001 0.00304258334077634 -0.0381324483768504 0.00126430622451412
0 -0.00123424834100216 -0.0314782020452782 -0.0323740852316821 0.0113781796971892 -0.0105134188294111 -0.108446793771728 0.00587038334944223
0 0.00740584292307567 0.00153719889848247 -0.00343703642619175 0.00183008685263175 -0.0074395881206204 -0.0129895765136321 0.00708052093395573
0 0.0145624321842059 0.0150617715706995 0.00553163916620392 -0.00931114402706301 -0.0549799944022324 0.0025792107906879 -0.0140322860008086
0 -0.0014473933162984 -0.000738651780905819 -1.24375257266607e-05 -4.00860790303881e-05 -0.000280706496309513 6.61194915481111e-05 -0.00119793155551662
0 -0.0264502739446622 0.19840349451538 0.212066724345891 -0.120099422871076 -0.106611850591332 0.50609765739093 -0.0603513053053701
0 0.000154330047772877 -0.0130274135512871 -0.013830918545676 0.00481042077116456 0.00377445478433813 -0.0463129345515134 0.00177474779970144
0 0.00913913729963367 -0.0126654006218785 -0.0192586718732599 0.0074701163870623 -0.0026268792436408 -0.0656185604217083 0.0104303751006634
0 -0.0014473933162984 -0.000738651780905819 -1.24375257266607e-05 -4.00860790303881e-05 -0.000280706496309513 6.61194915481111e-05 -0.00119793155551662
0 -0.00104693802253486 0.0280041186900881 0.0282274539367116 -0.0151936855384456 -0.0175134489972981 0.0691869397752694 -0.00559388515806702
0 0.00948945668123891 -0.0145219366666747 -0.0214404483825921 0.0083104388881039 -0.00199461742859786 -0.0726801813974842 0.0109984355936357
0 -0.00979158424227045 -0.00614593823793408 -0.000187757501799002 -0.000571642635453173 0.00792312641921988 0.00131082656887127 -0.00860581014627337
0 0.00803533781120702 -0.00354568619072637 -0.00910856720316566 0.00385790052556034 -0.00571386092863202 -0.031834879519693 0.0082892710976159
0 0.00689679760967365 0.00466863467612244 0.000162882450345236 0.000491470477392397 -0.00848453941183847 -0.00117858758577505 0.00620994703523969
0 -0.000155491780174266 -0.0104606223558381 -0.0109710818243021 0.0038069497897224 0.00291732834184533 -0.0367302949121595 0.00117665128464095
0 -0.0460294775802712 0.208669449145337 0.234828533992638 -0.132834325038212 -0.11279276058359 0.55581981882783 -0.073827981739063
0 -0.0239796283901317 0.121449094850952 0.134815218757371 -0.0756131084993399 -0.0601969882433204 0.328730029444447 -0.0443665106983229
0 -0.00663121740898687 -0.0319932865953287 -0.0290984804492416 0.00936267392138213 0.0163662559573612 -0.0965461405179449 -0.002601611115844
0 -0.0431976651651471 0.258307328034122 0.281516711017548 -0.160559822678163 -0.133647283992226 0.671295369071364 -0.087484544207677
0 -0.000155491780174266 -0.0104606223558381 -0.0109710818243021 0.0038069497897224 0.00291732834184533 -0.0367302949121595 0.00117665128464095
0 -0.00394393552239336 -0.0104525588546895 -0.00870197035354048 0.00311648592933933 -0.0170987909889808 -0.0295138490939575 0.000979517494559268
0 -0.00204141918720158 -0.0127255293739257 -0.0102672453636901 0.0031387851466631 0.002832148448634 -0.0317878729020573 0.000818494302993855
0 -0.00801064972153975 -0.0202436800702608 -0.0160296139835627 0.00483534027015953 0.0124749333926899 -0.0525175430326468 -0.00528837179869424
0 0.000798130917988527 -0.0184295737257369 -0.0198411047725311 0.00691916904224632 0.00558161423727066 -0.0664464319237301 0.00302590916013212
0 0.00963807205908429 -0.0168657198000326 -0.0239248776061669 0.00912591974413024 -0.00120537868426407 -0.0811646530718373 0.0114065727432178
0 -0.00295052146244723 -0.00631462463128329 -0.00295748054750655 0.000584426704384189 0.000597619932316551 -0.00673050435174094 -0.000561920876681388
0 -0.000471975764147814 -0.00787214967328032 -0.00808281459046434 0.00279343934946352 0.00205453880166928 -0.0270498344186541 0.000569774539795453
0 -0.00349564927630786 -0.013763690359279 -0.012456130867228 0.00442455143653975 -0.0160900206432246 -0.0420191605410212 0.00176061248780224
0 -0.0250729863366885 0.128754952269201 0.142694846925703 -0.0801351213208834 -0.0640365595502139 0.347344058297364 -0.0467246596011712
0 0.0100765582219502 -0.0209447455617982 -0.0284127917432295 0.010692836025175 0.00016891035103761 -0.0961993513063883 0.0123057662032728
0 0.038375790286981 -0.25424711210229 -0.27615915881021 0.144471455422411 0.123092343868771 -0.713135613686459 0.0728834935971019
0 0.0252913222431417 -0.143988996294613 -0.160405734076637 0.0845447841333691 0.0318544299421228 -0.405423466433762 0.0475189194978256
0 -0.000462134083418775 -0.00795198978977352 -0.0081719861252445 0.00282473143552364 0.00208111995731963 -0.0273487566073998 0.000588566976562621
0 0.010805900283458 -0.0251224864473336 -0.03481174669575 0.0114123214823678 -0.0373927842410255 -0.110389339136733 0.0105810071246752
0 -0.000381804878931025 -0.00855155396609453 -0.00884895282350096 0.00306237993678238 0.00227747752220475 -0.0296227197980241 0.000735639937488486
0 -0.0169616918538056 -0.0217601482113388 -0.00797016191879329 0.0062659429601668 0.00509577770845748 0.00311093954885733 0.0105876641602753
0 0.0467983733496506 -0.366401555440056 -0.394152145848707 0.208595725955901 0.181257685329463 -1.00667371533847 0.106129792196569
0 -0.00015605264650187 -0.0105933700658873 -0.0111020061739358 0.00385261458972375 0.0029673705202109 -0.0371590849053565 0.00119232945078096
0 0.00689679760967365 0.00466863467612244 0.000162882450345236 0.000491470477392397 -0.00848453941183847 -0.00117858758577505 0.00620994703523969
0 -0.0014473933162984 -0.000738651780905819 -1.24375257266607e-05 -4.00860790303881e-05 -0.000280706496309513 6.61194915481111e-05 -0.00119793155551662
0 0.00689679760967365 0.00466863467612244 0.000162882450345236 0.000491470477392397 -0.00848453941183847 -0.00117858758577505 0.00620994703523969
0 -0.00328688313338343 -0.00478383083592337 -0.00107149904971093 -6.80945339444072e-05 2.59324583518072e-05 9.31541785238466e-05 -0.000857100762130081
0 0.00190224079141332 -0.0278272070476917 -0.0302802604507728 0.0105816128286387 0.00873078850956954 -0.101407058293994 0.00518786006393146
0 0.0102410149442944 -0.0219807571141502 -0.029602987473182 0.0111384302154165 0.000525545221162549 -0.10008946073437 0.0125904705700099
0 -0.000839011120798094 -0.0220874497752224 -0.0207948653142558 0.00682315731831906 0.00605451598470186 -0.0675155268224858 0.00286450842344177
0 -0.0431745797556644 0.283676320649084 0.307627365317412 -0.169948300593479 -0.144647076938552 0.75619987125666 -0.0905387366299433
0 0.0138406478714024 0.000704361427435352 -0.0107014415286426 0.00176046700742472 -0.0586271187747158 -0.0304718749143538 0.00735898313193495
0 -0.0389467185571917 0.255089987055351 0.276726439122143 -0.152675457760402 -0.129979723142815 0.681157867270421 -0.0814748647984533
0 0.00689679760967365 0.00466863467612244 0.000162882450345236 0.000491470477392397 -0.00848453941183847 -0.00117858758577505 0.00620994703523969
0 -0.00979158424227045 -0.00614593823793408 -0.000187757501799002 -0.000571642635453173 0.00792312641921988 0.00131082656887127 -0.00860581014627337
0 -0.0174416795475469 0.139023339025289 0.148098014182528 -0.0826309581945868 -0.07482770834857 0.35831984493973 -0.0408781779616003
0 0.0278460567107075 -0.17096347841181 -0.187729136437081 0.100098244556878 0.0803614890378785 -0.479360287712231 0.0556261715334125
0 0.0282766435614352 -0.238207076017439 -0.255138081663036 0.134251556344772 0.118068916246841 -0.654212999206216 0.0667442307272665
0 0.00803533781120702 -0.00354568619072637 -0.00910856720316566 0.00385790052556034 -0.00571386092863202 -0.031834879519693 0.0082892710976159
0 -0.0209390303398043 -0.0269821679324376 -0.0128904410983797 0.00657981932594787 0.025933467505173 -0.0493056425606042 -0.00411383753174333
0 1.27783419041627e-05 -0.029303113255104 -0.0288211790826627 0.00963510088066943 0.00851350911930648 -0.0945407930083726 0.00445764248882963
0 0.00689679760967365 0.00466863467612244 0.000162882450345236 0.000491470477392397 -0.00848453941183847 -0.00117858758577505 0.00620994703523969
0 0.00996412106821154 -0.0192559463677853 -0.0284566241964335 0.00801364116233216 -0.0402895356773749 -0.0942722661963504 0.00878251128953167
0 -0.00637652191072435 -0.0344351336186706 -0.0317745502803604 0.0103091914123841 0.0172041662683808 -0.105450859614612 -0.00206739206457129
0 0.00212320553352585 -0.0297210664882126 -0.0323817330646623 0.0113188794181771 0.00936692999120181 -0.10844319843392 0.00562209017954363
0 -0.00186847503515386 -0.0140359323876584 -0.0117462609425245 0.00365619046176269 0.00328469909603779 -0.0368207644347396 0.00110375918853256
0 0.00177669341368913 -0.026752141733168 -0.0290863703397961 0.0101627757568075 0.00837090017796438 -0.0974087032657898 0.00494121157874172
0 0.00689679760967365 0.00466863467612244 0.000162882450345236 0.000491470477392397 -0.00848453941183847 -0.00117858758577505 0.00620994703523969
0 -8.69232024478528e-05 -0.0110263009665545 -0.0116016481183516 0.00402820996676789 0.00310611228673308 -0.0388433567620394 0.00130872822744132
0 0.00812141177423609 -0.00424388277443022 -0.00988709108965891 0.00413575871220528 -0.00547747672570775 -0.0344236245069154 0.00845484215349357
0 -0.0217919008587053 0.167859955769391 0.179177913047216 -0.100683098368721 -0.0901470886582212 0.430789790509232 -0.0502731874359776
0 -0.0319346103152069 0.114516879989548 0.133673728317778 -0.0734307013047033 -0.0619376285013669 0.322299932047412 -0.0429576788138393
0 0.0137799960084557 0.00114788644214592 -0.010198721658977 0.00158239512154745 -0.0587643761402021 -0.0288101846034294 0.00725307574532241
0 0.00203262520369174 -0.0285721575399576 -0.0311530130408362 0.0108884844569515 0.00896377360475942 -0.104357025123704 0.00539873863008822
0 -0.00328688313338343 -0.00478383083592337 -0.00107149904971093 -6.80945339444072e-05 2.59324583518072e-05 9.31541785238466e-05 -0.000857100762130081
0 -0.0014473933162984 -0.000738651780905819 -1.24375257266607e-05 -4.00860790303881e-05 -0.000280706496309513 6.61194915481111e-05 -0.00119793155551662
0 -0.00893455436743373 -0.0125576630218025 -0.0074569727930518 0.00187514532603705 0.00994721304732904 -0.0235793759322056 -0.00706324174766015
0 -0.0014473933162984 -0.000738651780905819 -1.24375257266607e-05 -4.00860790303881e-05 -0.000280706496309513 6.61194915481111e-05 -0.00119793155551662
0 -0.00173745750867571 -0.0145453406479761 -0.0123962690267381 0.00388031273279799 0.00348115295976648 -0.0392232552878338 0.00119737769028117
0 -0.00836303182324549 -0.0172832979245241 -0.0127319807192441 0.00369463537359982 0.011498227114354 -0.0413974294230255 -0.00596933610881623
0 0.0117289314095577 0.00382568841523456 -0.0038480618412593 -0.0029203721421287 -0.00200447405014215 -0.0359525108319136 -0.0104980909631562
0 -0.0194456782142307 0.161498265740786 0.170267455622183 -0.0968066086486674 -0.122287606541516 0.413226621597126 -0.0480845864983435
0 -0.0150479956200922 0.131560946652435 0.140266327841584 -0.0802281762952894 -0.0678143813744185 0.332834206770309 -0.0472456467270534
0 -0.0307855160217922 0.166638994902946 0.183528011558748 -0.10383462236511 -0.0841488868756466 0.442633782227119 -0.0590604697108343
0 0.00964219116854181 -0.0180361657717203 -0.0250998999107015 0.00947198260312287 -0.000818142698105984 -0.0853039238478859 0.0115362603238669
0 0.00186301397432143 -0.0275286378524968 -0.0299442356947566 0.0104636569483834 0.0086323305165994 -0.100279103103999 0.0051153509566686
0 0.00689679760967365 0.00466863467612244 0.000162882450345236 0.000491470477392397 -0.00848453941183847 -0.00117858758577505 0.00620994703523969
0 0.016393132112845 0.0051055973582903 -0.00630789830606115 -0.00512020712019412 -0.0520380382292922 -0.0372957232315012 -0.011844797988263
0 -0.0308095221837004 0.2167675198801 0.232765989832694 -0.132600427976942 -0.115762551819352 0.552998617059247 -0.0680154818352099
0 -0.00454438413574776 -0.0340244377842724 -0.0295963517620135 0.00956980252211048 -0.00839666756814816 -0.0970558909770425 0.00429359893694059
0 -0.000539500771235879 -0.00732570917336473 -0.00747233199259689 0.00257920610344664 0.00187267746240982 -0.0250032601440364 0.000441001969711863
0 -0.0362981085337779 0.202703197092776 0.222354407465248 -0.126830290700829 -0.103645826729334 0.531211764482542 -0.0709904119655755
0 -0.0630009876363182 0.40254130440039 0.439047114294173 -0.244553756329475 -0.207404515041716 1.07423110495579 -0.129789484577103
0 -0.0315011114843129 0.221011640889753 0.237309062565455 -0.135556915724921 -0.11825902613164 0.562193284335621 -0.069526922857011
0 -0.00152508258595141 -0.02914284767746 -0.0297571262882013 0.010463833528267 -0.0112581685985944 -0.0997147822306954 0.00533225967804452
0 -0.0014473933162984 -0.000738651780905819 -1.24375257266607e-05 -4.00860790303881e-05 -0.000280706496309513 6.61194915481111e-05 -0.00119793155551662
0 -0.00111288367183393 -0.00283720275529475 -0.00243799336166362 0.000812239929976588 0.000386154440256803 -0.00811440071244807 -0.000634005980637564
0 -0.0263100079756944 0.18870320238869 0.202680080446569 -0.113480366911598 -0.0996014120257254 0.490088233684991 -0.0582056645568638
0 -0.00808827539701795 -0.0195724151719845 -0.0152846602988075 0.00457633055682605 0.0122514221523859 -0.0500130056925081 -0.00544104109750299
0 -0.0142626238149886 0.117772639071079 0.125177883778479 -0.0694839761446122 -0.0636644394511805 0.304146843157774 -0.0340217963257752
0 0.0147781348330707 -0.143551641535557 -0.152223948242941 0.0809305368930762 0.0727501882121402 -0.385655167434066 0.0382638623756684
0 0.014122013465931 -0.00137910484135295 -0.0130589192851951 0.00259501805001916 -0.05797856476523 -0.0382699790981627 0.00785440501606649
0 -0.0440413785896938 0.198040787547337 0.225019468901508 -0.127422326394695 -0.108076114332599 0.549082842650784 -0.0624656291775016
0 -0.000155491780174266 -0.0104606223558381 -0.0109710818243021 0.0038069497897224 0.00291732834184533 -0.0367302949121595 0.00117665128464095
0 0.0127518795940755 -0.0263153866688839 -0.037361767106745 0.0129065680768248 -0.0396685159560102 -0.114949003872797 0.0119636102023888
0 0.000179529254096256 -0.0132372993433942 -0.0140646241313731 0.00489242220306663 0.00384459433790241 -0.0470959417242192 0.00182352971122679
0 -0.0014473933162984 -0.000738651780905819 -1.24375257266607e-05 -4.00860790303881e-05 -0.000280706496309513 6.61194915481111e-05 -0.00119793155551662
0 -0.0014473933162984 -0.000738651780905819 -1.24375257266607e-05 -4.00860790303881e-05 -0.000280706496309513 6.61194915481111e-05 -0.00119793155551662
0 -0.00154268795645152 -0.0165441079036022 -0.0145710226458493 0.00464461394713656 0.00414919871489383 -0.0464178215856323 0.00165103267079791
0 -0.0277393956813521 0.107723302932931 0.126004854812599 -0.0696587461319629 -0.0591579384368401 0.318576244175262 -0.0335573572602001
0 0.00689679760967365 0.00466863467612244 0.000162882450345236 0.000491470477392397 -0.00848453941183847 -0.00117858758577505 0.00620994703523969
0 -0.00178400917964527 -0.0146816646617869 -0.0124741931130239 0.00391087750559205 0.00350745796147134 -0.0392956200281462 0.00124451264183012
0 -0.0610164621646057 0.322308778698471 0.357024628197143 -0.19781180006607 -0.156761356375558 0.880988810811072 -0.114743329516823
0 -0.0288361446009722 0.133181843359081 0.151309708182478 -0.0854370995387175 -0.0724358830743386 0.37085995318255 -0.0431876686077812
0 -0.00392141228093967 -0.0106159885416006 -0.0088877502668856 0.00318117797746442 -0.0170495213000521 -0.0301324605666271 0.00101827073643346
0 -0.0126877815892401 0.115583251923202 0.123058380040102 -0.0703954208633348 -0.0594841184292116 0.292115878924753 -0.0420718840612322
0 -0.0171083712576294 0.145444699870469 0.155212665524403 -0.0888295544758897 -0.0750987992839507 0.367930909955438 -0.0517666002208852
0 -0.000501557936081198 -0.0247897260029855 -0.0238223277796377 0.00788311686876453 0.00698150772415307 -0.077761777968723 0.0034573997516385
0 -0.00476039053793009 -0.0938722053289833 -0.0878180193437199 0.0424972548135898 0.0300861181562357 -0.240202340791245 0.0244727429000076
0 0.000604686470646154 -0.0166145394948809 -0.0178464799223454 0.00621967693079428 0.00496477526005457 -0.0597796948631975 0.00262664128196421
0 0.00791208440103208 -0.00255170695317686 -0.00799957342596169 0.00346173334447464 -0.00605040830318249 -0.0281483950957258 0.00805280517361018
0 0.0019016526933302 -0.0279582974568813 -0.0304089786176447 0.0106265197582562 0.00878096131805695 -0.101827989105034 0.00520328056957187
0 0.00973718698413117 -0.017703929502042 -0.0248556436309957 0.00945597196751802 -0.00092171984603695 -0.0842663468477589 0.011600905928018
0 0.0114255135302015 0.0060694084093873 -0.00131190093640221 -0.0038237458791559 -0.00279348485090702 -0.0273810683383702 -0.0109923378016896
0 0.000965540200315473 -0.0202044254628868 -0.0217696619868275 0.00759511869871377 0.00619179120397328 -0.0728795529881494 0.00339635049474341
0 -0.0014473933162984 -0.000738651780905819 -1.24375257266607e-05 -4.00860790303881e-05 -0.000280706496309513 6.61194915481111e-05 -0.00119793155551662
0 0.00791208440103208 -0.00255170695317686 -0.00799957342596169 0.00346173334447464 -0.00605040830318249 -0.0281483950957258 0.00805280517361018
0 -0.046886787746125 0.29108737995665 0.318341535604436 -0.17940009312715 -0.152041283320255 0.771031283073484 -0.0953107606980517
0 0.0123369160365607 0.0097631077025393 -0.000139492609940728 -0.00201063970032234 -0.0610610911070659 0.00404893250831817 0.00504183166221672
0 0.00174243720388745 -0.0266130650925112 -0.0289135016004685 0.0101018304931739 0.00833051732173917 -0.0968189946818279 0.00489273533234913
0 -0.00631517844137841 -0.0344579162556133 -0.0318715892209891 0.0103088137981144 0.0171590537724904 -0.105972728387432 -0.00201736948616071
0 -0.0181357751682421 -0.0115532246949619 -0.000363077477870899 -0.00110319919187551 0.0161269593347497 0.00255553364619443 -0.0160136887370292
0 -0.0522754208771383 0.181041323931673 0.214410978279763 -0.119150511192514 -0.101292759734988 0.539679602650096 -0.0527297273030038
0 -0.00979158424227045 -0.00614593823793408 -0.000187757501799002 -0.000571642635453173 0.00792312641921988 0.00131082656887127 -0.00860581014627337
0 0.00290408796932251 -0.0100040517692133 -0.0122806668227513 0.00537649993751277 0.00135297094448994 -0.0376881801546949 0.00430572689532038
0 -0.00328688313338343 -0.00478383083592337 -0.00107149904971093 -6.80945339444072e-05 2.59324583518072e-05 9.31541785238466e-05 -0.000857100762130081
0 0.0151175797418439 -0.253073098244155 -0.2616957930447 0.134341048220497 0.126127806513789 -0.700077650803418 0.0655029748018263
0 -0.00328688313338343 -0.00478383083592337 -0.00107149904971093 -6.80945339444072e-05 2.59324583518072e-05 9.31541785238466e-05 -0.000857100762130081
0 -0.0567349599014868 0.360535973496782 0.393639846074826 -0.218974784994289 -0.18571798236461 0.964842840544076 -0.11635436533502
0 0.0015081485339139 -0.0244025876038791 -0.026485020785215 0.00925022715166746 0.00757969470775732 -0.0887022858543114 0.00440764082671929
0 0.000637789186868076 -0.0170772675630504 -0.0183374585561582 0.00639160904968872 0.00512891429065254 -0.0614098922502349 0.00271346457219224
0 0.0159389481176859 -0.0803906010137521 -0.0906423613825869 0.0462697456097532 0.0332572790071879 -0.242326422806311 0.0284775765359626
0 -0.00120963926575612 -0.00213183779004522 -0.00163982665667417 0.000531993238046535 0.000155140700548451 -0.00543259002050167 -0.000809070536531564
0 -0.00646510183556437 -0.0335170515150023 -0.0307771811309916 0.0099521998430574 0.0168826849230896 -0.102156305030814 -0.00226276289497385
0 0.00835026426200303 -0.00611377738903407 -0.011970582261807 0.00487851774287629 -0.00484444871544465 -0.0413542974409884 0.00889651466608443
0 0.00130100116094312 -0.0230666293640494 -0.0249483250447127 0.00871029634452469 0.00715109411931492 -0.0835244603709704 0.00405406415041298
0 -0.000604633951789779 -0.00680103922563413 -0.00688585614951442 0.00237339273113957 0.00169817793616689 -0.023036977700972 0.000317084752385011
0 0.00837422339208027 -0.00631054138412912 -0.0121897099219868 0.00495657399740512 -0.00477784061061515 -0.0420834141281543 0.00894286187164228
0 -0.0283911720922418 0.211019354558042 0.225641085396551 -0.128217179716483 -0.113491581084757 0.536722242223242 -0.0645560938299479
0 0.00104189881602723 -0.020492532656236 -0.0221340522363644 0.00772364520940849 0.00627253896060243 -0.0741262473148079 0.00350177720297884
0 -0.0014473933162984 -0.000738651780905819 -1.24375257266607e-05 -4.00860790303881e-05 -0.000280706496309513 6.61194915481111e-05 -0.00119793155551662
0 -0.000177957470458345 -0.0102756171947997 -0.0107648125297879 0.00373457107063269 0.00285560228887194 -0.0360390498326573 0.00113341834769543
0 -0.024225121424192 0.183859070332225 0.196409706650332 -0.110813369818032 -0.0987390603773752 0.470434767683345 -0.055534946517831
0 -0.00108835792917139 -0.000332429250458954 9.03586994294159e-06 -4.12001357776859e-05 -0.000575440887134349 -0.000119866247944689 -0.000916493468140711
0 0.0137850707033227 -0.142145444282781 -0.151244476542415 0.0753008210455715 0.0681452017649562 -0.40567387867204 0.0357917304561219
0 -0.00191259176709346 -0.0263169890180275 -0.0265494213306474 0.00934636079710893 -0.0121308216279763 -0.0890308848526202 0.00466396736503194
0 -0.00066737530580907 -0.00629813983008898 -0.00632338706121738 0.00217599923254364 0.00153104022294093 -0.0211509870894608 0.000198022887815341
0 0.00174124352222105 -0.0264489535745507 -0.0287497786621618 0.0100446891518629 0.00826920999718705 -0.0962815882435692 0.0048716210125459
0 0.0132954432474328 -0.106387085603586 -0.115321917996095 0.0567880756235724 0.0480268120369161 -0.313774315516273 0.0295470609597821
0 0.00826794490950311 -0.00543909876117921 -0.0112190683649689 0.00461073362798192 -0.00507284448826661 -0.0388540052133348 0.0087374207448323
0 -0.0855115732392022 0.368115696640704 0.419493030812108 -0.230614794042193 -0.162034647477526 1.01586242587265 -0.131470582707568
0 0.013452279907062 0.00350129311466052 -0.00752448376408399 0.000634292423032257 -0.0594864000066129 -0.0199802149420223 0.00668766369703011
0 -9.8473330701232e-05 -0.010930910455643 -0.011495328901582 0.00399090368520039 0.00307427269321403 -0.0384870832650415 0.00128646768156182
0 -0.0302739411222124 0.212415674085874 0.227315718118689 -0.129692994718122 -0.143750235917896 0.545172745054995 -0.0663689939258099
0 0.00145107458894955 -0.0239480700540375 -0.0259762749867494 0.00907168158284133 0.00742878034138883 -0.086996200322444 0.00429969361969817
0 -0.0014473933162984 -0.000738651780905819 -1.24375257266607e-05 -4.00860790303881e-05 -0.000280706496309513 6.61194915481111e-05 -0.00119793155551662
0 -0.00289070997067142 -0.018375952919266 -0.0176617602532603 0.00624029042528029 -0.0146592512560892 -0.0593707674792538 0.0028388043246439
0 -0.028256004016149 0.162466414135552 0.177319840213674 -0.102718481792864 -0.0852900857734697 0.41606242190834 -0.0564441228603236
0 -0.00180233287697273 -0.0271402798798213 -0.0274814014766802 0.00967121108952096 -0.0118784168441817 -0.0921360635002055 0.00485757378362139
0 0.0136166628927961 0.00233066498454537 -0.00885626721547439 0.00110664778401803 -0.0591287146996624 -0.0243753867042003 0.00696971387743162
0 -0.0325161409729873 0.145986681251438 0.163885193035689 -0.0945531484845539 -0.0718895647882469 0.389666094920877 -0.0576245193102807
0 0.0130189452787501 -0.0681628600752564 -0.0760389372790424 0.0412852329833706 0.0304229233114448 -0.192051206344659 0.0242969694416075
0 -0.0663630111462421 0.439492269884971 0.475962440610688 -0.264965618940584 -0.225299919309894 1.16093299065902 -0.140312027495732
0 -0.0210939268259223 0.172538670663067 0.182131835691276 -0.103745582669532 -0.128229072072259 0.44074075574041 -0.0516929162589879
0 0.00691219293902545 -0.0790182242481325 -0.083096789960134 0.0441914508890484 0.040133649048844 -0.210060366182971 0.019919265630123
0 -0.00640131333241278 -0.0342683343534906 -0.0315827150467962 0.0102456907045658 0.0171535663410896 -0.104787573576538 -0.00210953090896782
0 -0.00805023542621219 -0.0199098351320548 -0.0156579236173968 0.00470667810748493 0.012364652250866 -0.051264654458488 -0.00536504809168381
0 -0.000464184964779069 -0.00819156339941918 -0.0084067353401247 0.00290660039528756 0.00217244213019496 -0.0281163470157311 0.000615879778947281
0 -0.0146133079351642 -0.0755914722795943 -0.0632021739847826 0.0340665807674556 0.0287469149295543 -0.142794649989154 0.0280637451378922
0 0.00203313617118228 -0.0289276626337402 -0.0315043096620786 0.0110110816971987 0.00909901667450619 -0.105507336613194 0.00544249844826217
0 -0.000501207929618275 -0.00763529510570216 -0.00781823958875139 0.00270059409622636 0.00197569678120901 -0.0261628995052603 0.000513991762483013
0 0.000609270711068977 -0.0168371695760734 -0.0180704374740244 0.00629792289508746 0.00504855834351448 -0.0605154596786384 0.00265794462010671
0 -0.00265845106940965 -0.0201781509070305 -0.0196907986713866 0.00694843560538194 -0.0140947907852689 -0.0661364484516342 0.0032580213979192
0 -0.000586268535563317 -0.00694872344006869 -0.00705097100725371 0.00243133738101209 0.00174728373825506 -0.0235905796406688 0.000351994227462793
0 0.000442260130335548 -0.0154339026008135 -0.0165094654179949 0.00575024003669711 0.00457904291157307 -0.0552865073888662 0.00233314836946441
0 -0.000340226517324016 -0.00894472635239252 -0.00928025937675114 0.0032136395325213 0.00241181262952139 -0.0310636343593096 0.000821805146651311
0 -0.0014473933162984 -0.000738651780905819 -1.24375257266607e-05 -4.00860790303881e-05 -0.000280706496309513 6.61194915481111e-05 -0.00119793155551662
0 -0.0208273031414143 -0.0279460888883221 -0.0139609400719145 0.00695309442599346 0.0262502149615225 -0.0528891768924846 -0.00389644153854052
0 0.000204923711564664 -0.0134489623234355 -0.0143002894521551 0.0049751109715972 0.00391533485579387 -0.0478855033321541 0.00187270797807848
0 0.000869520353988129 -0.0194214091267293 -0.0208956583860518 0.0072884211026496 0.00593090659109174 -0.0699500202965035 0.00321250863977474
0 0.000269264078998521 -0.0139858949707472 -0.0148980265951044 0.00518483999067776 0.00409481536945755 -0.0498880830061177 0.00199738769976454
0 -0.0161349513654008 0.0558169262134918 0.0645750640966982 -0.038659756388566 -0.0272997852753356 0.148715581374365 -0.0259535038699203
0 -0.0014473933162984 -0.000738651780905819 -1.24375257266607e-05 -4.00860790303881e-05 -0.000280706496309513 6.61194915481111e-05 -0.00119793155551662
0 0.00208920748376373 -0.0294055406653433 -0.0320350446392403 0.0111972827759708 0.00925922191967343 -0.107284686625452 0.00555236612779009
0 0.0123369160365607 0.0097631077025393 -0.000139492609940728 -0.00201063970032234 -0.0610610911070659 0.00404893250831817 0.00504183166221672
0 -0.0534518934051125 0.352931078423813 0.382469749152891 -0.211992674765597 -0.180340468827907 0.937031455768677 -0.112583091751734
0 0.00273533291279238 -0.0360050148098927 -0.0392292801873109 0.0137192509173998 0.0115212582674591 -0.131296061392525 0.00695147896245851
0 0.000403337007681692 -0.0321776728447123 -0.0320787383731678 0.0107741947483952 0.00950988402834207 -0.105658343310952 0.00508071686318479
0 -0.0014473933162984 -0.000738651780905819 -1.24375257266607e-05 -4.00860790303881e-05 -0.000280706496309513 6.61194915481111e-05 -0.00119793155551662
0 0.00163606535469007 -0.025550052226301 -0.0277517620397663 0.00969455335680358 0.00796774524082178 -0.0929395697882822 0.00466522744591913
0 0.00145563669156523 -0.0246886137934226 -0.0267120189218186 0.00932850095433979 0.00770876211842042 -0.0894081761840027 0.00439408764359994
0 0.0247803864304048 -0.213555663029409 -0.228326758893597 0.120468543871044 0.106348887501343 -0.583772620723372 0.0593726618545203
0 -4.25479790346905e-05 -0.0294915888990133 -0.0289397677093017 0.00968018030700879 0.00855249428570115 -0.0947111080489842 0.0045180087873482
0 -0.0159958164704825 0.129376266473409 0.137694710216746 -0.0766470280493721 -0.069747336354224 0.333804112663818 -0.0377588935733666
0 -0.0218643785126975 0.107267371930169 0.119515399758528 -0.0668767540097104 -0.0527773378696059 0.29239360076479 -0.0398068420464108
0 0 0 0 0 0 0 0
0 -0.00328688313338343 -0.00478383083592337 -0.00107149904971093 -6.80945339444072e-05 2.59324583518072e-05 9.31541785238466e-05 -0.000857100762130081
0 -0.0387783700203146 0.209023964332943 0.23011890729577 -0.131395842138134 -0.106073125916585 0.549815262709362 -0.0745657180503327
0 0.00186617236612197 -0.0275178873269191 -0.0299364233748767 0.010460999366924 0.00862775484884226 -0.100255166475466 0.00511692204878811
0 0.00689679760967365 0.00466863467612244 0.000162882450345236 0.000491470477392397 -0.00848453941183847 -0.00117858758577505 0.00620994703523969
0 -0.0251663058730642 -0.19280049348056 -0.168160805213956 0.0964357703705687 0.117652695041947 -0.409352092427798 0.0636381568130862
0 -0.000539500771235879 -0.00732570917336473 -0.00747233199259689 0.00257920610344664 0.00187267746240982 -0.0250032601440364 0.000441001969711863
0 -0.0014473933162984 -0.000738651780905819 -1.24375257266607e-05 -4.00860790303881e-05 -0.000280706496309513 6.61194915481111e-05 -0.00119793155551662
0 -0.000910543731470259 -0.000181853118579767 -3.02611232898542e-05 -2.43277185392188e-05 -0.00070212885506038 -0.000375425222533643 -0.000770947380389853
0 0.0214424305425132 -0.190106059876928 -0.202828285224341 0.107291969268054 0.0951480576263224 -0.517082084691192 0.0523315824397743
0 0.00042865986505225 -0.0153198516166007 -0.0163825689828383 0.005705716720521 0.00454089319261097 -0.0548614123219653 0.00230672609265037
0 -0.0138771979995171 -0.0446343732832295 -0.0339411557259783 0.0151551882730776 0.0128846276875811 -0.0865006992311561 0.015462317360377
0 -0.0262495253676676 0.136597432879171 0.151151496536921 -0.0850060454936532 -0.0681716809568655 0.367242982290186 -0.0492632189774271
0 0.00137700323936008 -0.0234233059908506 -0.0253802630467899 0.00886238169062548 0.0072577294930114 -0.0849923220666029 0.0041675271350754
0 -0.0245696003437894 0.186116223119978 0.198840035689424 -0.112249554067577 -0.0999568694794375 0.475993464887414 -0.0562802847014359
0 0.0007391414549347 -0.0179316058724472 -0.0192874652574178 0.0067249233667499 0.0054148926997164 -0.0645920224282488 0.00291090570269104
0 -6.05680433820588e-05 -0.0109686819438206 -0.0115731853437682 0.00401873341484249 0.00307313432860701 -0.0387696158280022 0.00132603293940159
0 0.000104517388563874 -0.0126129735308722 -0.013369386579535 0.00464847991725037 0.00363597857019426 -0.0447665835117879 0.00167837304263285
0 -0.0149032186145677 0.122066320166292 0.129809923368859 -0.0721302123020271 -0.0659118168566923 0.315142027177272 -0.0354027833584531
0 0.0203009297641739 -0.182106627736107 -0.194131245182381 0.102781830513913 0.0913149995079889 -0.494404876845778 0.0499229463430924
0 0.00077940131866594 -0.0179254208559438 -0.0193244399276988 0.00673852886477055 0.00539608961739324 -0.0647424118394544 0.00294728857702564
0 -0.000381643377271423 -0.00860670541311848 -0.00890299601924394 0.00308125415367133 0.00229917788147604 -0.0297991240344242 0.00074247366864677
0 -0.00328688313338343 -0.00478383083592337 -0.00107149904971093 -6.80945339444072e-05 2.59324583518072e-05 9.31541785238466e-05 -0.000857100762130081
0 -0.00429695720182099 -0.00794616393103142 -0.00584355129460734 0.00212188361550947 -0.0178444281586039 -0.0200002826485801 0.000381354747739593
0 0.0415763400786986 -0.279899058965537 -0.306123063763537 0.159974353840929 0.102220698761867 -0.787917314796228 0.0866572874636473
0 -0.000308651338106092 -0.00920290717517291 -0.00956835119947774 0.00331473282531158 0.00249786622191639 -0.0320292224954493 0.000882344187888684
0 0.00042865986505225 -0.0153198516166007 -0.0163825689828383 0.005705716720521 0.00454089319261097 -0.0548614123219653 0.00230672609265037
0 -0.000391875560292299 -0.00852331092075875 -0.00880990501429535 0.00304858739435199 0.00227139479716953 -0.0294870929752213 0.000722888521225151
0 0.00852207844660402 -0.00752844630130101 -0.0135456303198396 0.00543934559379577 -0.00436557173075203 -0.0465957573909557 0.00922926856685891
0 -0.0014473933162984 -0.000738651780905819 -1.24375257266607e-05 -4.00860790303881e-05 -0.000280706496309513 6.61194915481111e-05 -0.00119793155551662
0 -0.0150762302184453 -0.0349735632966031 -0.0231078096735584 0.0114085941175546 0.009604824725721 -0.0496040145146583 0.013362415678936
0 0.0100275555048408 -0.0201657170513183 -0.0275885960869329 0.0104247135115463 -8.86476728672037e-05 -0.0933748272346788 0.0121708884848966
0 -0.0295076025767189 0.207700551796255 0.222953607721242 -0.127309017743413 -0.111256171888632 0.528323284560426 -0.0652266805406336
0 -0.00100473642895826 -0.00025763166744408 -5.51228629941392e-06 -3.46376511020097e-05 -0.000636537419943295 -0.000227177269349177 -0.000848532138138403
0 -0.0211776161509976 0.163805750748219 0.174809947759474 -0.0981294808221183 -0.0879806911958916 0.420677816636821 -0.0489456092836225
0 -0.00372208146358144 -0.0120768948431587 -0.0105460038343548 0.00375881160294078 -0.0166064650094202 -0.0356552934066867 0.00136367613869481
0 0.0123369160365607 0.0097631077025393 -0.000139492609940728 -0.00201063970032234 -0.0610610911070659 0.00404893250831817 0.00504183166221672
0 0.00919877062852636 -0.0131655598880784 -0.0198145112986898 0.00766746909388383 -0.00245760517430904 -0.0674700599097706 0.0105468508314033
0 -0.012604397167701 0.106631778004986 0.113156689733282 -0.0626407061972838 -0.0578516647364253 0.275504825840299 -0.0304483918260274
0 -0.0014473933162984 -0.000738651780905819 -1.24375257266607e-05 -4.00860790303881e-05 -0.000280706496309513 6.61194915481111e-05 -0.00119793155551662
0 -0.0014473933162984 -0.000738651780905819 -1.24375257266607e-05 -4.00860790303881e-05 -0.000280706496309513 6.61194915481111e-05 -0.00119793155551662
0 0.00825638025314879 -0.00534449328799047 -0.0111136689719338 0.00457316609105529 -0.00510487149148453 -0.0385033750446131 0.00871508939712351
0 0.0218768255430906 -0.129349848878504 -0.142501519303504 0.0764675397515884 0.060287175783035 -0.362205839933814 0.0430220765286666
0 0.0157882428635299 -0.150538501639393 -0.159823760299428 0.0849082129032404 0.0761241775798656 -0.405315489881421 0.040389393019221
0 0.00747418834423108 0.000901212879043989 -0.0041381633661941 0.00207737970051136 -0.00721981535342442 -0.0153278869803701 0.00722111817949544
0 -0.0153666109281172 -0.0326971466361829 -0.0205464909701636 0.0105250584812167 0.00883117380834753 -0.0408545829599727 0.0128703763970837
0 0.0147781348330707 -0.143551641535557 -0.152223948242941 0.0809305368930762 0.0727501882121402 -0.385655167434066 0.0382638623756684
0 0.063214228203087 -0.445716686496223 -0.482740116187861 0.25878173802783 0.219490246328366 -1.22112462624567 0.136037332950147
0 -0.00979158424227045 -0.00614593823793408 -0.000187757501799002 -0.000571642635453173 0.00792312641921988 0.00131082656887127 -0.00860581014627337
0 0.013776484064608 -0.136586074970568 -0.144654562335679 0.0769618826981926 0.0693795378352959 -0.36610840791019 0.0361482601585781
0 -0.0203843070061831 0.158561212052478 0.169158717157996 -0.0948338862028715 -0.0851845056721405 0.40755872753817 -0.0472315886918508
0 0.00042865986505225 -0.0153198516166007 -0.0163825689828383 0.005705716720521 0.00454089319261097 -0.0548614123219653 0.00230672609265037
0 -0.000520451975999592 -0.00747961354556637 -0.0076443059231317 0.00263955643152203 0.00192388663964582 -0.0255798026070337 0.000477298688434047
0 -0.0158573047707593 0.13702171036075 0.14614576058853 -0.0836047585265671 -0.0706742709619643 0.346670931675867 -0.0490209580819112
0 -0.0014473933162984 -0.000738651780905819 -1.24375257266607e-05 -4.00860790303881e-05 -0.000280706496309513 6.61194915481111e-05 -0.00119793155551662
0 -0.00117900859543596 -0.0313298712076104 -0.0322998888917461 0.0113445493060302 -0.0106756446098268 -0.108153985940888 0.00587420195099497
0 0.00773226374412861 -0.000989565457260699 -0.00626943926845946 0.00285071837315165 -0.00657890375368231 -0.0223750568513719 0.00769578585082753
0 0 0 0 0 0 0 0
0 -0.0389794283498528 0.220052858021221 0.241015067146046 -0.138064187602998 -0.113163526354273 0.572983852482376 -0.0768031826473505
0 -0.000329750270370965 -0.00903034232966915 -0.00937580005055549 0.0032471654626276 0.00244034691923778 -0.031383858462549 0.000841885738231962
0 -0.025381943694549 -0.0259114690890874 -0.010660839492262 0.00152502999881277 0.0269987200061603 -0.0319132810920322 -0.0214241668889592
0 -0.034168548317159 0.188832212891769 0.207426689277695 -0.117931376908898 -0.0961030771264486 0.497409811957531 -0.0663785840778059
0 -0.0250729863366885 0.128754952269201 0.142694846925703 -0.0801351213208834 -0.0640365595502139 0.347344058297364 -0.0467246596011712
0 -0.00979158424227045 -0.00614593823793408 -0.000187757501799002 -0.000571642635453173 0.00792312641921988 0.00131082656887127 -0.00860581014627337
0 0.00811048168410489 -0.00415505316202536 -0.00978806083564843 0.00410042501932395 -0.00550755059486008 -0.0340942962526873 0.00843379896059782
0 -0.0978760987315823 0.432336350617369 0.491797291187904 -0.267214877653085 -0.186265828210988 1.20565250703135 -0.152227008600985
0 0.00210347803382716 -0.029561421292208 -0.0322039201788953 0.0112564669932165 0.00931304681434364 -0.107847676020867 0.00558449965014285
0 -0.00172221204211853 -0.0151562309099518 -0.0130088426765149 0.00409795184733319 0.00367107866923977 -0.0411125322876535 0.00134802348770924
0 -1.65973644108419e-05 -0.0116079742686725 -0.0122498520281615 0.00425565617347834 0.00330030491057176 -0.0410154085289789 0.00144437236818495
0 -0.00979158424227045 -0.00614593823793408 -0.000187757501799002 -0.000571642635453173 0.00792312641921988 0.00131082656887127 -0.00860581014627337
0 -0.0203843070061831 0.158561212052478 0.169158717157996 -0.0948338862028715 -0.0851845056721405 0.40755872753817 -0.0472315886918508
0 -0.000471975764147814 -0.00787214967328032 -0.00808281459046434 0.00279343934946352 0.00205453880166928 -0.0270498344186541 0.000569774539795453
0 -0.0214853381078681 -0.0233817679020145 -0.00871497517587816 0.00517636116168507 0.024968163245604 -0.0352450585885919 -0.00497925855728543
0 -0.069956688290727 0.463240220794514 0.501500059029398 -0.28006404747647 -0.238124582703115 1.21928987661198 -0.148125595889571
0 0.00797283247596425 -0.00304069922625105 -0.00854525150668328 0.00365672392018501 -0.00588483895538294 -0.0299621423491798 0.00816925453664119
0 0.00210347803382716 -0.029561421292208 -0.0322039201788953 0.0112564669932165 0.00931304681434364 -0.107847676020867 0.00558449965014285
0 -0.0296459278527932 0.210277947391507 0.225883810941462 -0.127460448264172 -0.111445462550186 0.541980562569748 -0.0654383508011795
0 -0.022418672280657 0.1109896109687 0.123531643510989 -0.0691645665490297 -0.0547205611318429 0.301956238165173 -0.0410013743555906
0 -0.000471975764147814 -0.00787214967328032 -0.00808281459046434 0.00279343934946352 0.00205453880166928 -0.0270498344186541 0.000569774539795453
0 0.0136971335373586 0.00175016098943814 -0.00951549105983318 0.00134031151592762 -0.0589502263264405 -0.0265526397380382 0.00710896713499842
0 0.0367583546196295 -0.223511180730271 -0.247026008926433 0.12941041985004 0.0697019434019142 -0.63120821717493 0.0714783094406188
0 0.00023051342017899 -0.0136624024914105 -0.0145379145080216 0.00505848707675716 0.00398667633801342 -0.0486816193753183 0.0019222826002574
0 0.0115223721465534 0.0124646985964887 0.00485941979091464 -0.00577899528289016 -0.0045163261780603 -0.00798464895192907 -0.0124885276702917
0 0.00161870650485385 -0.0254017903743682 -0.0275871407042327 0.00963679881051149 0.00791802695854837 -0.0923883018432261 0.00463117532905954
0 -0.000255049783681738 -0.00964209448614151 -0.0100583029127788 0.00348665832977524 0.00264429369754682 -0.0336713082318263 0.000985224366585324
0 0.00835026426200303 -0.00611377738903407 -0.011970582261807 0.00487851774287629 -0.00484444871544465 -0.0413542974409884 0.00889651466608443
0 -0.0300823838753095 0.162003012098004 0.178533611144349 -0.10091067558583 -0.0816684999623298 0.431089615108714 -0.0575406893454424
0 0.0229926008256394 -0.137105953240909 -0.150929696209424 0.0808892189559254 0.0640424802249111 -0.383958151828643 0.0453789035628072
0 0.0397499082337918 -0.265187773142229 -0.289136797072454 0.152814990904361 0.126639206219982 -0.742430643271959 0.0825279514849413
0 0.0116494891999182 0.00441927424205124 -0.00317801148286678 -0.00315884538695066 -0.00221276946985771 -0.0336892124611978 -0.0106289357019245
0 0.00780921676933843 -0.0486234955436418 -0.0556226461358449 0.0235584378924605 -0.0136783929324169 -0.163564784534254 0.0146404801838029
0 -0.00402122926470838 -0.0098945503054777 -0.0080671735706237 0.00289547653685762 -0.0172665023061493 -0.0274003251170396 0.000847002446200396
0 -0.0138543493902832 0.123742988206211 0.129662170146472 -0.0733545840036802 -0.102198884961694 0.317763018678266 -0.0358641782079578
0 0.00689679760967365 0.00466863467612244 0.000162882450345236 0.000491470477392397 -0.00848453941183847 -0.00117858758577505 0.00620994703523969
0 0.0280545576061133 -0.225049234707986 -0.24171911304816 0.128164542554057 0.111412735093339 -0.616134579394804 0.0646124263675247
0 0.00805656342524586 -0.00371756955475222 -0.00930025857216199 0.00392633406727727 -0.00565566632439252 -0.0324722341136554 0.00833006932859481
0 0.0266557852870015 -0.153396125928157 -0.170649415902629 0.0898933455779805 0.036363581486401 -0.431935961211083 0.0503713636055574
0 -0.019086949216919 -0.0422226045409313 -0.0299271236602441 0.0124885843631737 0.0308062819352988 -0.106383161507555 -0.000641088707291182
0 0.0124610953819437 -0.00127153861219087 -0.00965289092256061 -0.000847312400991118 -0.000193984320512985 -0.055639354642226 -0.00938545676604363
0 -0.023264789355224 0.126122857436409 0.138703890413536 -0.0789725521491746 -0.0645060028693969 0.33215128712499 -0.0447633436186265
0 -0.000586268535563317 -0.00694872344006869 -0.00705097100725371 0.00243133738101209 0.00174728373825506 -0.0235905796406688 0.000351994227462793
0 -0.0422678545040824 0.183856017071723 0.208203134809162 -0.116890771302619 -0.0991518902654231 0.49570164481147 -0.0655685863197091
0 0.0284725991801267 -0.166315590670896 -0.182516201687256 0.0951475229396994 0.081156252316493 -0.473594213257941 0.0453540412204436
0 -0.00212912065575921 -0.0116724578188832 -0.00913904607335914 0.00274139592860267 0.00248492558480473 -0.0281029941067663 0.000574987980853425
0 0.00743334831010456 0.00399657976082191 -0.00100358675021983 0.0011380581334608 -0.00824316223044441 -0.00433550563553986 0.00684675879250296
0 0.0298099341703129 -0.302380487326261 -0.320143933215232 0.167413970171502 0.153488018319832 -0.822415627046748 0.0785026165159683
0 -0.000586268535563317 -0.00694872344006869 -0.00705097100725371 0.00243133738101209 0.00174728373825506 -0.0235905796406688 0.000351994227462793
0 0.0433064488743611 -0.269698535352276 -0.296101173362302 0.155535832909253 0.126071724418612 -0.766026015407207 0.0865014447668413
0 0.00759274380483976 -1.80351124856593e-05 -0.00516797876920316 0.00244757932739592 -0.00690843152236864 -0.0187439046030842 0.00744461345939085
0 0.000393743031603666 -0.0318857000997057 -0.031783256678084 0.0106693229432353 0.00941835338250518 -0.104739572720574 0.00500922981602026
0 -0.0259669526154545 0.182943990551664 0.196153169173155 -0.11294374305745 -0.099018443062608 0.460544517821251 -0.0576475238052936
0 -0.0412690582696946 0.225369263882355 0.247720833092514 -0.141772763361447 -0.114873078602287 0.590183993562096 -0.0799532156129512
0 -0.0014473933162984 -0.000738651780905819 -1.24375257266607e-05 -4.00860790303881e-05 -0.000280706496309513 6.61194915481111e-05 -0.00119793155551662
0 -0.000471975764147814 -0.00787214967328032 -0.00808281459046434 0.00279343934946352 0.00205453880166928 -0.0270498344186541 0.000569774539795453
0 0.00689679760967365 0.00466863467612244 0.000162882450345236 0.000491470477392397 -0.00848453941183847 -0.00117858758577505 0.00620994703523969
0 -0.0258883919882926 0.134192359267956 0.148558269310579 -0.083510392609174 -0.0669020402481415 0.361149731404769 -0.0484839073837051
0 0.00890841402988807 -0.0107358510744184 -0.0171137035749198 0.0067081990249509 -0.00327993694785311 -0.0584747398786125 0.00998032639078472
0 0.0013830315149872 -0.0231533106927149 -0.0251202428636876 0.00877175238451411 0.00715251509555026 -0.084145465768791 0.00414020646428215
0 0.000887145428796643 -0.0193154443138761 -0.0208097299106003 0.00725874873644461 0.0058836644243927 -0.0696813196737285 0.00321584963178845
0 -0.029770405329602 0.1741568379255 0.190030277764336 -0.108716439447909 -0.0904522131908134 0.451777032784483 -0.0596670938561505
0 0.00112346813340203 -0.021096121964467 -0.0228163004927402 0.00796315879268361 0.00646994658567523 -0.0764183845301112 0.003650483235488
0 0.0220995900973113 -0.130897515375117 -0.14418323521452 0.0773505009191968 0.0610370347427551 -0.366543193442324 0.0434926492248398
0 0.0273400128012904 -0.231594267752759 -0.247945281419327 0.130560964945932 0.11493035403283 -0.635284700702423 0.0647697592106713
0 -0.10599486891963 0.695363131622333 0.755903227424227 -0.419167019534001 -0.355615545345564 1.85450230203555 -0.221861512946326
0 0.0138529246823507 0.000614323533543182 -0.0108034553038889 0.00179659688707234 -0.0585992165783726 -0.0308091288029604 0.0073804618757527
0 -0.00328688313338343 -0.00478383083592337 -0.00107149904971093 -6.80945339444072e-05 2.59324583518072e-05 9.31541785238466e-05 -0.000857100762130081
0 0.000735222764514099 -0.0176727428549484 -0.0190284618738747 0.00663445966502518 0.00531704593067062 -0.0637420124153545 0.00287580377841756
0 -0.00407497469705564 -0.00950930167982778 -0.00762844531024554 0.00274276770980553 -0.0173817888716679 -0.025939823397743 0.00075532150518276
0 -0.00048176863209104 -0.00779275385377076 -0.0079941329894555 0.00276231909756053 0.00202810788710073 -0.0267525508387156 0.000551081191859648
0 -0.00404287387600677 -0.00973911796426785 -0.00789021246515897 0.00283387750356479 -0.0173130676556026 -0.0268112086028993 0.000810032803297833
0 -0.00328688313338343 -0.00478383083592337 -0.00107149904971093 -6.80945339444072e-05 2.59324583518072e-05 9.31541785238466e-05 -0.000857100762130081
0 0.0426494187174811 -0.30311740222135 -0.327963326488002 0.176706324658642 0.149754736959746 -0.825573782603957 0.0924377534320246
0 -0.0228951739211851 0.184554618738886 0.195039325689031 -0.111342804662293 -0.13473285377286 0.470462898831328 -0.0556394528956217
0 0.0162576659314015 -0.0183874328713132 -0.0321167342232682 0.00931572741528797 -0.0525410239618789 -0.101580806369213 0.0118037927767611
0 -0.00286037668339301 -0.0186104701235172 -0.0179259295699854 0.00633247593858188 -0.0145859429940454 -0.0602515563610773 0.0028934117796009
0 -0.000412193487974388 -0.00835785482698892 -0.00862519280571039 0.00298376937818601 0.0022162793518028 -0.0288679466832358 0.000684015492877332
0 -0.000329750270370965 -0.00903034232966915 -0.00937580005055549 0.0032471654626276 0.00244034691923778 -0.031383858462549 0.000841885738231962
0 0.00208590075617376 -0.0294009950442273 -0.032026523903725 0.0111942631152528 0.00925953064930951 -0.107253816277026 0.00554873423774005
0 -0.00367312995776281 -0.0124392979756514 -0.0109567583627355 0.00390194243177877 -0.0164959063450056 -0.037023605056604 0.00144910972898415
0 -0.00105202077793987 -0.0203947850509749 -0.0188965907779273 0.00615861698657305 0.00547333055681731 -0.061086151882761 0.00249352430176009
0 0.0393217881876016 -0.242018442644629 -0.264941877696248 0.137677538566079 0.117385433397634 -0.689886025854554 0.0679339389730416
0 -0.00395512392394082 -0.0103715104567095 -0.00860981529752491 0.00308439765651247 -0.0171232004718225 -0.0292070012708332 0.00096028950686966
0 0.00980991850048873 -0.0222614789399156 -0.0289324878734778 0.00787081884166607 0.00722689534815579 -0.108895678460695 -0.00189910271046934
0 0.0145624321842059 0.0150617715706995 0.00553163916620392 -0.00931114402706301 -0.0549799944022324 0.0025792107906879 -0.0140322860008086
0 -0.0567246507611525 0.349758928681593 0.38110875810208 -0.211136081570437 -0.199259571487694 0.933533854689735 -0.111913456412521
0 0.000997084720913755 -0.0360923142465408 -0.0365875865978156 0.0123480744658995 0.0108869108654202 -0.121225562595768 0.00591431550181509
0 0.00689679760967365 0.00466863467612244 0.000162882450345236 0.000491470477392397 -0.00848453941183847 -0.00117858758577505 0.00620994703523969
0 -0.0264502739446622 0.19840349451538 0.212066724345891 -0.120099422871076 -0.106611850591332 0.50609765739093 -0.0603513053053701
0 -0.00747120563507098 -0.0248184899709161 -0.0211193503627043 0.00659891980595173 0.0139888656586491 -0.0696639412328022 -0.00423994855420506
0 -0.0014473933162984 -0.000738651780905819 -1.24375257266607e-05 -4.00860790303881e-05 -0.000280706496309513 6.61194915481111e-05 -0.00119793155551662
0 -0.00979158424227045 -0.00614593823793408 -0.000187757501799002 -0.000571642635453173 0.00792312641921988 0.00131082656887127 -0.00860581014627337
0 0.00826824213902411 -0.00194639342205427 -0.00772064396230654 0.00358082061228027 -0.00624220135063513 -0.0265355409346562 0.00836258277012858
0 0.000144481645612871 0.0292365084557753 0.028175591841447 -0.0173289005247232 -0.0208340600465133 0.0586468693303761 -0.0051741480084484
0 0.0364038397487985 -0.221037438799947 -0.244330601649759 0.128026111012693 0.0685334143388445 -0.624130295363019 0.0707379985293652
0 0.0342565770241228 -0.206534697368034 -0.226304767808906 0.11782893584079 0.100473245919839 -0.588128784215592 0.0573857327365124
0 0.000361390730434952 -0.0147562611502856 -0.0157554358136207 0.00548567765199959 0.00435239821402966 -0.0527605161195694 0.00217610104105903
0 0.0103879255870392 0.012192486539492 0.00582716381937098 -0.00640213202805562 -0.00504391279175342 -0.00292463119181008 -0.0123018656845355
0 -0.00284762834249808 -0.0181806819261268 -0.0175272758571321 0.00618623009160313 -0.0148281622729569 -0.0588805210535384 0.00282862218894975
0 0.000857901385623805 -0.0189346503307615 -0.0204025832279826 0.0071161640642603 0.0057507396321359 -0.0683270591601266 0.00314249803888078
0 0.020655110609118 -0.120869450381436 -0.133287112057557 0.0716235394719913 0.0561736937419397 -0.338467556166733 0.0404410115511808
0 -0.0330795406603963 0.161406772682061 0.181669998642836 -0.103216084973714 -0.0874795825794088 0.44080841825859 -0.052504919256994
0 0.000334824766092368 -0.0145339350426439 -0.0155080120823321 0.00539886486369223 0.00427805191017061 -0.0519316279002613 0.00212454464224443
0 -2.83650534789182e-05 -0.0287878657331238 -0.0282711588163478 0.00944148342267681 0.00834430942731146 -0.0927472511185372 0.00433900150576649
0 -0.000350653951490809 -0.00885955467209909 -0.00918520863671768 0.003180285436573 0.0023834285808868 -0.0307450488648775 0.000801823643902466
0 -0.00854721092340593 -0.0157480435222523 -0.011020075541357 0.00310328962752404 0.0109929941018723 -0.0356198690890945 -0.00632357930296124
0 -0.0159181633589678 -0.0284768383091589 -0.0157812479891613 0.00888602574991948 0.0073956131881503 -0.0245177769095002 0.0119633053831398
0 0.0130001558718433 -0.131193292717756 -0.13879469847677 0.0738847743705406 0.0667663343761165 -0.350997134818155 0.0345083407420885
0 -0.0296249475964361 0.208475666619799 0.223788769752857 -0.127796661981727 -0.111669895575346 0.530259402237591 -0.0654802497521461
0 -0.000255049783681738 -0.00964209448614151 -0.0100583029127788 0.00348665832977524 0.00264429369754682 -0.0336713082318263 0.000985224366585324
0 -0.0305758741770097 0.215226774879129 0.231106124648582 -0.131628807736282 -0.114938311722927 0.549161361966434 -0.0675104587146489
0 0.00689679760967365 0.00466863467612244 0.000162882450345236 0.000491470477392397 -0.00848453941183847 -0.00117858758577505 0.00620994703523969
0 -0.0029489360288153 -0.0137570000021512 -0.012885358107944 0.00286082933078546 0.0050302182960742 -0.0488156426762849 -0.00149438516278622
0 0.00689679760967365 0.00466863467612244 0.000162882450345236 0.000491470477392397 -0.00848453941183847 -0.00117858758577505 0.00620994703523969
0 -0.00518616508119463 -0.0288581110713819 -0.02380535642396 0.00754785296516358 -0.0100810059314811 -0.077595236911455 0.00315116860897957
0 0.0436488506233044 -0.271694467791787 -0.298243931611035 0.156971795905562 0.127275529617364 -0.770187039493346 0.0872393944542544
0 -0.00394393552239336 -0.0104525588546895 -0.00870197035354048 0.00311648592933933 -0.0170987909889808 -0.0295138490939575 0.000979517494559268
0 -0.0876384173236939 0.427099680781609 0.478529043208139 -0.264113416911957 -0.204078784059101 1.16209451631751 -0.146712512839187
0 -0.00306860942028342 -0.0170061706403613 -0.0161178987896817 0.00570161141469017 -0.0150864805774664 -0.0542236773281175 0.00251948305676963
0 -0.0262750087594057 0.0977968047347986 0.115312481547901 -0.0635623994287862 -0.0539925663634033 0.293215838793609 -0.0303485891631068
0 0.00757630184386882 0.000110307147168864 -0.00502430090977724 0.00239598553309905 -0.00695190250057509 -0.0182671336722287 0.00741352593392541
0 0.0205543636905317 -0.223589003373072 -0.23326519143808 0.124175020622746 0.105553909511813 -0.585336741686492 0.0688562669247643
0 -0.000616434157520995 -0.023867196708212 -0.0227891668697251 0.00752137714490608 0.00666514866465295 -0.0742660690884236 0.00325491395614996
0 -0.00328688313338343 -0.00478383083592337 -0.00107149904971093 -6.80945339444072e-05 2.59324583518072e-05 9.31541785238466e-05 -0.000857100762130081
0 0.0214318821880921 -0.126259847449077 -0.139143966686729 0.074703679426257 0.0587892607565799 -0.353550796222485 0.0420821202022985
