0 -0.0014473933162984 -0.000738651780905819 -1.24375257266607e-05 -4.00860790303881e-05 -0.000280706496309513 6.61194915481111e-05 -0.00119793155551662
0 -0.0014473933162984 -0.000738651780905819 -1.24375257266607e-05 -4.00860790303881e-05 -0.000280706496309513 6.61194915481111e-05 -0.00119793155551662
0 0.00689679760967365 0.00466863467612244 0.000162882450345236 0.000491470477392397 -0.00848453941183847 -0.00117858758577505 0.00620994703523969
0 0.0208710699935128 -0.186100790094225 -0.198473641031221 0.105034751964016 0.0932296505536314 -0.505722998158394 0.051126025781036
0 -0.00518099414582585 -0.00302176038523205 1.11496008812217e-05 0.000104399622133489 -0.0190050659204273 -0.000629877352157582 -0.000892378798348137
0 0 0 0 0 0 0 0
0 0.00301418254556252 -0.0373925180378039 -0.0408920441487166 0.0143044608553744 0.011942295127958 -0.136937125777663 0.00737738530971521
0 0.0123369160365607 0.0097631077025393 -0.000139492609940728 -0.00201063970032234 -0.0610610911070659 0.00404893250831817 0.00504183166221672
0 0.00314044783682066 -0.0384833556828728 -0.0421017121602403 0.0147288290064087 0.0123086640317336 -0.140987023237666 0.00762658525166504
0 -0.00303944763987873 -0.0172300247170116 -0.0163703096959003 0.00578967290821497 -0.0150167781013901 -0.0550651395985682 0.00257171237976417
0 -0.00328688313338343 -0.00478383083592337 -0.00107149904971093 -6.80945339444072e-05 2.59324583518072e-05 9.31541785238466e-05 -0.000857100762130081
0 0.073691084584862 -0.582597027205368 -0.625666804654719 0.333245069600762 0.291464147294434 -1.58778184035753 0.168516472696091
0 -0.0014473933162984 -0.000738651780905819 -1.24375257266607e-05 -4.00860790303881e-05 -0.000280706496309513 6.61194915481111e-05 -0.00119793155551662
0 0.0189611764725028 -0.0138659581956726 -0.0278039557225132 0.00245560398044775 -0.0458460100139275 -0.109358767457796 -0.00762170323387856
0 0.00689679760967365 0.00466863467612244 0.000162882450345236 0.000491470477392397 -0.00848453941183847 -0.00117858758577505 0.00620994703523969
0 0.0102621698533318 -0.0224138081186305 -0.0300550110223541 0.0112812368991007 0.000666419453008604 -0.101652885984455 0.0126588819319275
0 0.00121673794471011 -0.0219767950229861 -0.0237832087827625 0.00830223994669943 0.00676986050856554 -0.0796494538040444 0.00384365117395369
0 0.0180922102425147 -0.0901712002915098 -0.105128175775364 0.0378117998220016 0.0235954267003256 -0.352109105926415 0.0281768121949173
0 -0.0014473933162984 -0.000738651780905819 -1.24375257266607e-05 -4.00860790303881e-05 -0.000280706496309513 6.61194915481111e-05 -0.00119793155551662
0 -0.0527161266884679 0.362161345399437 0.38761419552443 -0.231729625097195 -0.200964339980042 0.87287657115916 -0.117619504301889
0 -0.00328688313338343 -0.00478383083592337 -0.00107149904971093 -6.80945339444072e-05 2.59324583518072e-05 9.31541785238466e-05 -0.000857100762130081
0 0.0210978501731782 -0.0735511612033815 -0.0901179070021771 0.0275484769779877 0.0246227349667119 -0.325845564912866 0.00666491016451509
0 0.00689679760967365 0.00466863467612244 0.000162882450345236 0.000491470477392397 -0.00848453941183847 -0.00117858758577505 0.00620994703523969
0 0.00689679760967365 0.00466863467612244 0.000162882450345236 0.000491470477392397 -0.00848453941183847 -0.00117858758577505 0.00620994703523969
0 0.00689679760967365 0.00466863467612244 0.000162882450345236 0.000491470477392397 -0.00848453941183847 -0.00117858758577505 0.00620994703523969
0 0.000753815601518326 -0.018055431390295 -0.0194251402355397 0.00677322703438765 0.0054563477224816 -0.0650531668889087 0.00293950793380304
0 -0.0014473933162984 -0.000738651780905819 -1.24375257266607e-05 -4.00860790303881e-05 -0.000280706496309513 6.61194915481111e-05 -0.00119793155551662
0 -0.0014473933162984 -0.000738651780905819 -1.24375257266607e-05 -4.00860790303881e-05 -0.000280706496309513 6.61194915481111e-05 -0.00119793155551662
0 0.0123369160365607 0.0097631077025393 -0.000139492609940728 -0.00201063970032234 -0.0610610911070659 0.00404893250831817 0.00504183166221672
0 0.0140854750071324 -0.054739756982372 -0.0659512575326699 0.0240106003218576 0.0116058823163079 -0.221272463174803 0.0201543704319591
0 0.00689679760967365 0.00466863467612244 0.000162882450345236 0.000491470477392397 -0.00848453941183847 -0.00117858758577505 0.00620994703523969
0 -0.0014473933162984 -0.000738651780905819 -1.24375257266607e-05 -4.00860790303881e-05 -0.000280706496309513 6.61194915481111e-05 -0.00119793155551662
0 0.00225530985702838 -0.0308553118971373 -0.0336403980417326 0.011760449254369 0.0097475602819066 -0.112657652160477 0.00588195727405605
0 0.0103879255870392 0.012192486539492 0.00582716381937098 -0.00640213202805562 -0.00504391279175342 -0.00292463119181008 -0.0123018656845355
0 0.0913547464076601 -0.697211710035113 -0.755133150563591 0.380591339948417 0.32817629853708 -2.01471132253917 0.199369528077376
0 -0.0585600137476341 0.34205003118052 0.371789297457378 -0.221296462139294 -0.18350999844855 0.845894385953229 -0.119497790941268
0 -0.052614996732701 0.362097495006543 0.387451099499231 -0.231646471310198 -0.200958768521693 0.872381494882374 -0.117512097459173
0 -0.000471975764147814 -0.00787214967328032 -0.00808281459046434 0.00279343934946352 0.00205453880166928 -0.0270498344186541 0.000569774539795453
0 0.00699391183252507 -0.0719888169265026 -0.0792314108867989 0.0277540313964568 0.0235707376778596 -0.265279889673966 0.015258005667226
0 0.0028179640617374 -0.0527247190594564 -0.0549208564094594 0.0187783859308461 0.016509138207589 -0.182522951689114 0.00962529229368414
0 0.0053852757732975 -0.0753887590863691 -0.0800036345922095 0.027572106623567 0.0241982564898544 -0.266643745604668 0.0146612717260068
0 0.00242867279358139 -0.0323456168057015 -0.035293956815202 0.012340553960231 0.0102477594421426 -0.118194215357311 0.00622320650574526
0 -0.146125175864233 0.869961922489749 0.948498031643402 -0.544100047310787 -0.448702988291904 2.24917930123874 -0.296292399180428
0 -0.0014473933162984 -0.000738651780905819 -1.24375257266607e-05 -4.00860790303881e-05 -0.000280706496309513 6.61194915481111e-05 -0.00119793155551662
0 -0.0129578398315369 0.0436757862924049 0.0466549155148668 -0.0477018039329424 -0.0384241572895831 0.0190664915086307 -0.0254617837864242
0 0.000857901385623805 -0.0189346503307615 -0.0204025832279826 0.0071161640642603 0.0057507396321359 -0.0683270591601266 0.00314249803888078
0 -0.0323331241861604 0.229372938418832 0.247419474620687 -0.141924841861665 -0.120095460894768 0.585769383688697 -0.0782870746316346
0 -0.0014473933162984 -0.000738651780905819 -1.24375257266607e-05 -4.00860790303881e-05 -0.000280706496309513 6.61194915481111e-05 -0.00119793155551662
0 0 0 0 0 0 0 0
0 0.0166227864872899 -0.0772866249590587 -0.0908706256212195 0.0327836181314418 0.0192368045730777 -0.304510636022744 0.0252465691861987
0 -0.00129781319239441 -0.0184564787123658 -0.0167206406753642 0.00539695345562885 0.00480719391948448 -0.0537108271623672 0.00206915348974634
0 -0.0361614465554743 0.26297008545429 0.279461222277804 -0.169735417705845 -0.149913964731794 0.616178744188107 -0.0839413938486073
0 -0.00137675965964235 -0.00102949475564929 -0.000375643224479472 8.7875526912029e-05 -0.000199684276419809 -0.00117507770706382 -0.00109732530608131
0 0.0541321498821565 -0.350304662260569 -0.384055866503223 0.197335082347088 0.161791001883639 -1.01210636517666 0.109163480805644
0 0.0798905412802613 -0.530968916636757 -0.580484260195478 0.299081155851201 0.248269283317892 -1.52480527987419 0.163510759120367
0 0.013567893520372 -0.0105816208911853 -0.0200141233606037 0.00281194466911217 0.00300371353056494 -0.0904217847004118 -0.00731262034394131
0 0.00193863415822371 -0.0281384811476211 -0.0306252846108213 0.0107026712698493 0.00883594292501977 -0.102561832001737 0.00525927402379756
0 0.00148486677950022 -0.0242361567483078 -0.0262962155304658 0.009183928168917 0.00752536333662057 -0.0880676256770547 0.00436591751206628
0 -0.0014473933162984 -0.000738651780905819 -1.24375257266607e-05 -4.00860790303881e-05 -0.000280706496309513 6.61194915481111e-05 -0.00119793155551662
0 -0.0515104102513 0.310532769231481 0.337473828222659 -0.196007446403479 -0.163642606463631 0.788776258857755 -0.105652104701573
0 0.00689679760967365 0.00466863467612244 0.000162882450345236 0.000491470477392397 -0.00848453941183847 -0.00117858758577505 0.00620994703523969
0 0.00689679760967365 0.00466863467612244 0.000162882450345236 0.000491470477392397 -0.00848453941183847 -0.00117858758577505 0.00620994703523969
0 -0.0476788124613483 0.332121080927722 0.355544374454293 -0.209973460243361 -0.182624321608424 0.811871346579352 -0.106564902035728
0 -0.00518099414582585 -0.00302176038523205 1.11496008812217e-05 0.000104399622133489 -0.0190050659204273 -0.000629877352157582 -0.000892378798348137
0 0.0254574526877427 -0.211384512171092 -0.226168251967595 0.122397962615622 0.0843259700778702 -0.567851867737907 0.063852361379924
0 -0.0014473933162984 -0.000738651780905819 -1.24375257266607e-05 -4.00860790303881e-05 -0.000280706496309513 6.61194915481111e-05 -0.00119793155551662
0 -0.00159671049281584 -0.02889804038821 -0.029436069349265 0.0103553418099129 -0.0113095361370994 -0.0986651716431766 0.00525631098190082
0 -0.363932689397807 2.28652983009939 2.49192750168978 -1.38703266575779 -1.17689553929848 6.09285415964269 -0.719990680405523
0 -0.0398948381020796 0.313051730756065 0.333755766955149 -0.194399702611461 -0.164352404216721 0.773863770310149 -0.108314267266756
0 0.00772856130772093 -0.0946647700871175 -0.101524331390273 0.035109704270559 0.0307899361504189 -0.339292088482905 0.0189059084792111
0 -0.0126877815892401 0.115583251923202 0.123058380040102 -0.0703954208633348 -0.0594841184292116 0.292115878924753 -0.0420718840612322
0 0.05013851123039 -0.339470635604242 -0.370070180820216 0.193318337532463 0.161102493928952 -0.959938584993234 0.104322669438078
0 0.0613960834584057 -0.527445199055118 -0.565088019092316 0.29144302712236 0.25904958037655 -1.47425005188984 0.14500763037347
0 0.0121860248884671 -0.117305056325349 -0.129427886698191 0.0453628022541355 0.0388114266997817 -0.433300908073158 0.0255613191157193
0 0.0163658685726569 -0.0188724487720853 -0.0327173332035775 0.00953713920300769 -0.0524066216590384 -0.103487138878672 0.0119445877451723
0 0.00689679760967365 0.00466863467612244 0.000162882450345236 0.000491470477392397 -0.00848453941183847 -0.00117858758577505 0.00620994703523969
0 -0.0485595541679125 0.332187137517714 0.356958849168454 -0.2068282320293 -0.17867159562218 0.833370881993635 -0.106467078007839
0 -0.0512730492860101 0.353637522629787 0.378522857246747 -0.225476094206087 -0.195695622054382 0.855960855672978 -0.114448307377003
0 0.00987207373356647 -0.0188464230691237 -0.0261241012886173 0.00990566431151363 -0.00053509456114309 -0.0884937006421906 0.0118655658156643
0 0.00689679760967365 0.00466863467612244 0.000162882450345236 0.000491470477392397 -0.00848453941183847 -0.00117858758577505 0.00620994703523969
0 -0.00778897078108187 0.0822984680546073 0.0850376515844138 -0.0480542982725183 -0.080513981306412 0.210777972213835 -0.0226400245564315
0 0.0673183978523273 -0.452491226502781 -0.494137161976484 0.25505224684356 0.212255756171817 -1.29562613634732 0.13872937155308
0 -0.0077238008651257 0.0199700025368825 0.0218382998359106 -0.0240847590207345 -0.0188629906109767 0.00159136727379749 -0.0138434637966833
0 -0.0729184415074027 0.441757001015443 0.478127022070193 -0.286906511902496 -0.240332818164299 1.07631668878173 -0.152255288428256
0 -9.8473330701232e-05 -0.010930910455643 -0.011495328901582 0.00399090368520039 0.00307427269321403 -0.0384870832650415 0.00128646768156182
0 -0.0559157711672942 0.326140330299213 0.354790115958225 -0.20991262946121 -0.17390878556551 0.81290411198478 -0.113702512251259
0 0.00333917318037624 -0.0570817125365726 -0.059775304156763 0.0204790329685975 0.0179963182427243 -0.198885483545221 0.0105867524904601
0 -0.0290218281212162 0.154995722252586 0.170983218470218 -0.0965041353180247 -0.0779298906625172 0.413576731374243 -0.0552491281375431
0 -0.0768316797231416 -0.0823538244539335 -0.0207591635625466 0.0266113894648958 0.100708155682628 -0.00904371547917382 0.037641446209582
0 -0.00241167501419381 -0.00998842677170764 -0.007167367176383 0.00205475614687289 0.00188394820811322 -0.0212131761086383 0.000224822125265423
0 -0.0014473933162984 -0.000738651780905819 -1.24375257266607e-05 -4.00860790303881e-05 -0.000280706496309513 6.61194915481111e-05 -0.00119793155551662
0 0.00689679760967365 0.00466863467612244 0.000162882450345236 0.000491470477392397 -0.00848453941183847 -0.00117858758577505 0.00620994703523969
0 0.054130909602975 -0.421791335016096 -0.457558173028175 0.223985384401821 0.192875703690945 -1.25011309411904 0.117892117591143
0 0 0 0 0 0 0 0
0 -0.0014473933162984 -0.000738651780905819 -1.24375257266607e-05 -4.00860790303881e-05 -0.000280706496309513 6.61194915481111e-05 -0.00119793155551662
0 0.0114091053890073 -0.110901260895702 -0.122288260568633 0.0428575728747611 0.0366753063431182 -0.409374624941878 0.0240654726524689
0 -0.0553398950947148 0.223754525576954 0.260811368073295 -0.141116064051143 -0.120287132155973 0.65486690550355 -0.0713835674044425
0 -0.0398070901072316 0.22538132469485 0.246743637204356 -0.141538695211882 -0.116106256859855 0.58569352213281 -0.0785988648307345
0 0 0 0 0 0 0 0
0 -0.0014473933162984 -0.000738651780905819 -1.24375257266607e-05 -4.00860790303881e-05 -0.000280706496309513 6.61194915481111e-05 -0.00119793155551662
0 0.00882462387994876 -0.0881270902137787 -0.0970877508074106 0.0340177044117316 0.0290062355885685 -0.325037597625044 0.0189103527589398
0 -0.0600727995462336 0.317600850628289 0.351144350918924 -0.206837298567841 -0.175006893988618 0.813497333388006 -0.10505156369658
0 -0.00129332425869455 -0.000546907100014593 1.39710688125128e-05 -4.6564125860904e-05 -0.000413822068193959 4.25926600762239e-05 -0.00107928300858617
0 -0.00466609031072363 -0.00235553801569122 2.95754385346569e-05 3.78885927450057e-05 -0.0200021429089587 -0.000215618267008555 -0.000744271282520081
0 0.017440639024473 -0.0844536938008527 -0.0988018581452423 0.0355809569886731 0.0216613109202104 -0.330988080721901 0.0268770303992145
0 -0.00328688313338343 -0.00478383083592337 -0.00107149904971093 -6.80945339444072e-05 2.59324583518072e-05 9.31541785238466e-05 -0.000857100762130081
0 0.00702278322740746 0.00452164391730259 -0.000100181470019667 0.000640104490642557 -0.00843148239754843 -0.00188171781484092 0.0063583132763454
0 0.0268470792787046 -0.289893166589154 -0.305266439359027 0.161307314421117 0.136986356080657 -0.79015520667854 0.0814769917665705
0 0.0146637410651289 -0.0713560263202835 -0.0792068692986962 0.0407526921908614 0.0348720210584537 -0.207250972687999 0.0165806520262528
0 -0.0014473933162984 -0.000738651780905819 -1.24375257266607e-05 -4.00860790303881e-05 -0.000280706496309513 6.61194915481111e-05 -0.00119793155551662
0 -0.126891408457022 0.750213795265031 0.818097521580453 -0.471164804834581 -0.388217712460444 1.93195733816433 -0.256819103705739
0 -0.0014473933162984 -0.000738651780905819 -1.24375257266607e-05 -4.00860790303881e-05 -0.000280706496309513 6.61194915481111e-05 -0.00119793155551662
0 -0.0014473933162984 -0.000738651780905819 -1.24375257266607e-05 -4.00860790303881e-05 -0.000280706496309513 6.61194915481111e-05 -0.00119793155551662
0 -0.000387070905680353 -0.0378585733361798 -0.039590125559815 0.0138938260435388 -0.00856591428180931 -0.13249179156935 0.00736792392184293
0 0.0205264846964561 -0.0283986206394626 -0.0437838440482734 0.00804925175004856 -0.0409597058582958 -0.162803713219585 -0.00439046840300561
0 0.0127677713914527 0.00801692656731712 -0.00232954834563026 -0.00121542558525167 -0.0608123641525342 -0.00291646482905827 0.00557011624593517
0 0.0103879255870392 0.012192486539492 0.00582716381937098 -0.00640213202805562 -0.00504391279175342 -0.00292463119181008 -0.0123018656845355
0 -0.106938415687662 0.716389771241705 0.775855115612103 -0.428942619119933 -0.364536713575912 1.90545073549085 -0.226832805000253
0 0.00909492483722119 -0.0122949462905537 -0.0188469366087842 0.00732390611559763 -0.0027522572642793 -0.0642471411981376 0.0103440587353409
0 -0.0014473933162984 -0.000738651780905819 -1.24375257266607e-05 -4.00860790303881e-05 -0.000280706496309513 6.61194915481111e-05 -0.00119793155551662
0 0.00689679760967365 0.00466863467612244 0.000162882450345236 0.000491470477392397 -0.00848453941183847 -0.00117858758577505 0.00620994703523969
0 -0.0552063155158393 0.376702778663756 0.403106568791548 -0.242563372902117 -0.210086110501446 0.900922223575156 -0.123100528948296
0 0.0158273548483367 -0.0145786427794259 -0.0279061117498736 0.00783988428504667 -0.0537873450737045 -0.0875059808569216 0.0109478184795173
0 0 0 0 0 0 0 0
0 0.00624577432846918 -0.0660269275437586 -0.0725590104964384 0.0254123373679067 0.0215906289636099 -0.242904511436725 0.0138425417973549
0 -0.000539500771235879 -0.00732570917336473 -0.00747233199259689 0.00257920610344664 0.00187267746240982 -0.0250032601440364 0.000441001969711863
0 -0.0523744893421956 0.360149635666952 0.385469188523445 -0.230247562537034 -0.199715892974355 0.868914564205215 -0.116868420968282
0 -0.00170389520170078 -0.00174957871955295 2.50437143751725e-05 -0.000540568665918784 -0.00037634495763772 -0.00194335270952495 -0.00199584555688936
0 -0.0911478434674766 0.534449635217718 0.584246353943963 -0.340356829181037 -0.288092206063489 1.36446739030848 -0.175830477836792
0 -0.0014473933162984 -0.000738651780905819 -1.24375257266607e-05 -4.00860790303881e-05 -0.000280706496309513 6.61194915481111e-05 -0.00119793155551662
0 -0.0211801886249896 0.173115301636511 0.182751377409833 -0.104109073486952 -0.128540278373583 0.442172481975668 -0.0518818374633376
0 0.0174405380975644 -0.0845526067487139 -0.0988996294745532 0.035607448413741 0.0216896663743888 -0.331341828814629 0.0268871839839115
0 0.0103879255870392 0.012192486539492 0.00582716381937098 -0.00640213202805562 -0.00504391279175342 -0.00292463119181008 -0.0123018656845355
0 0.00705778170013138 0.00447960896541932 -0.000174463301448657 0.000681748949128647 -0.00841634109858225 -0.00208128259166296 0.00639965805934573
0 -0.0014473933162984 -0.000738651780905819 -1.24375257266607e-05 -4.00860790303881e-05 -0.000280706496309513 6.61194915481111e-05 -0.00119793155551662
0 -0.105007521290528 0.574672457396462 0.636151990349981 -0.355092809693058 -0.301336998040433 1.55948100705031 -0.179661168996175
0 -0.000303017109756887 -0.0163283734212576 -0.0158160558032518 0.00502334488009026 0.00448747363782998 -0.0543422913556935 0.00129831765626953
0 0.0765780493793917 -0.529286879690726 -0.576587417961826 0.297367151411666 0.249761869131632 -1.51173400469933 0.160088775648876
0 0.0023890799549342 -0.0320115496244142 -0.0349230637456888 0.0122104114793369 0.0101351685044877 -0.116952477682303 0.00614606832132791
0 0.00107324843343726 -0.0207583998682495 -0.0224294894772239 0.00782729774513635 0.00636160889049453 -0.0751157191972225 0.00356304430730647
0 -0.00328688313338343 -0.00478383083592337 -0.00107149904971093 -6.80945339444072e-05 2.59324583518072e-05 9.31541785238466e-05 -0.000857100762130081
0 0.0322813558555222 -0.294674600469676 -0.313099292541832 0.168148102438794 0.151158089329892 -0.786112182663823 0.0807565462273523
0 0.0103879255870392 0.012192486539492 0.00582716381937098 -0.00640213202805562 -0.00504391279175342 -0.00292463119181008 -0.0123018656845355
0 -0.0306365005742277 -0.0387364655867537 -0.0148688247878748 0.0125999804542785 0.0101656229585632 0.00612872491919125 0.0220324290826812
0 -0.0014473933162984 -0.000738651780905819 -1.24375257266607e-05 -4.00860790303881e-05 -0.000280706496309513 6.61194915481111e-05 -0.00119793155551662
0 0.00332476425233486 -0.0396900538482141 -0.0434875668662706 0.0152156980737228 0.0126957915259194 -0.145655710969536 0.00794342642401125
0 -0.0014473933162984 -0.000738651780905819 -1.24375257266607e-05 -4.00860790303881e-05 -0.000280706496309513 6.61194915481111e-05 -0.00119793155551662
0 -0.000213825882909635 -0.00984660629277556 -0.010304178740363 0.00357317892164799 0.00270538721151059 -0.0345062101917049 0.00104815171858474
0 0.00692326400353416 -0.0994708556283164 -0.108187998318189 0.037898148342185 0.0115763919151544 -0.361598116348417 0.0213811983500451
0 -0.00328688313338343 -0.00478383083592337 -0.00107149904971093 -6.80945339444072e-05 2.59324583518072e-05 9.31541785238466e-05 -0.000857100762130081
0 0.0203229406956407 -0.118565944664343 -0.130784380508766 0.0703060570039487 0.0550549900661803 -0.332027889560663 0.0397391656046064
0 -0.00518099414582585 -0.00302176038523205 1.11496008812217e-05 0.000104399622133489 -0.0190050659204273 -0.000629877352157582 -0.000892378798348137
0 -0.0327945520882373 0.250503514547066 0.267451719781574 -0.151543326059783 -0.134687101938146 0.637770096178055 -0.0756550438654982
0 -0.0181357751682421 -0.0115532246949619 -0.000363077477870899 -0.00110319919187551 0.0161269593347497 0.00255553364619443 -0.0160136887370292
0 -0.0557067321809477 0.292891120246219 0.323580957512013 -0.184454508076556 -0.163069969015571 0.764912659265512 -0.0996796553509176
0 -0.111620394090981 0.716038846803958 0.775919012213917 -0.438603430972559 -0.393004530889982 1.86345973066896 -0.230701446856473
0 -0.0014473933162984 -0.000738651780905819 -1.24375257266607e-05 -4.00860790303881e-05 -0.000280706496309513 6.61194915481111e-05 -0.00119793155551662
0 -0.00306244758706065 -0.171766396559185 -0.165254240126036 0.0915851318560055 0.0774790204207747 -0.386920304306058 0.0596783639069143
0 -0.0443113092946503 -0.0557127829621691 -0.0217674876569567 0.0189340179483892 0.0152354682086684 0.00914651028952518 0.0334771940050871
0 -0.00979158424227045 -0.00614593823793408 -0.000187757501799002 -0.000571642635453173 0.00792312641921988 0.00131082656887127 -0.00860581014627337
0 -0.0181357751682421 -0.0115532246949619 -0.000363077477870899 -0.00110319919187551 0.0161269593347497 0.00255553364619443 -0.0160136887370292
0 -0.121407622566799 0.801438422748058 0.866364323456128 -0.492273378691058 -0.417927328192746 2.06906341546168 -0.258803172668049
0 0.0123369160365607 0.0097631077025393 -0.000139492609940728 -0.00201063970032234 -0.0610610911070659 0.00404893250831817 0.00504183166221672
0 0.00689679760967365 0.00466863467612244 0.000162882450345236 0.000491470477392397 -0.00848453941183847 -0.00117858758577505 0.00620994703523969
0 -0.0644977013257328 0.391347672946045 0.4242194794272 -0.250824981374427 -0.209932218719583 0.971585413039507 -0.133855153173661
0 0.107211279216455 -0.726974374605491 -0.793887847717303 0.406096493430979 0.339406392371421 -2.09728414883285 0.220986682885369
0 0.0104358083596936 -0.102314956553496 -0.112788344270286 0.0395251970198984 0.0337834879592327 -0.377582529366738 0.0221229086616836
0 0.0198065606638291 -0.105242486239062 -0.121801353950142 0.0436896166806875 0.0286936380440608 -0.407779234350317 0.0315996721397682
0 0.0255238151386727 -0.097414125763827 -0.119928566120439 0.0401997652881256 -0.0264407591010256 -0.394308254475221 0.0297709385928502
0 -0.0694059029424743 0.422626275372268 0.458015674766438 -0.270858798347574 -0.226830301967263 1.04869587919853 -0.144330958775903
0 -0.0715103650582627 0.325429395182462 0.367455772623965 -0.216713708028927 -0.185133609041425 0.842528217005698 -0.110222360637253
0 0.0175049175161228 -0.0850174471042173 -0.0994256711003736 0.0358009482571742 0.0218520181587469 -0.333070688283822 0.0270052249798134
0 0.00816999364378113 -0.0823731343509682 -0.0907190263593871 0.0317836485424552 0.0270692689106733 -0.303722718637617 0.017606373377685
0 0.0123084798040751 -0.121064049870314 -0.133266047625319 0.046704339290192 0.0401958096627304 -0.445952287225308 0.0261319013348826
0 0.00557755155274009 -0.117820483599008 -0.123141092582331 0.0422795003764249 0.0193629778997502 -0.410999814195846 0.0228935273803001
0 -0.0379427498879856 0.272048095128705 0.291207700440516 -0.168435313437925 -0.147537734142301 0.680208090782694 -0.0853041671384887
0 0.0527024159525737 -0.58572133923228 -0.615987594780678 0.320723718077377 0.305317374677691 -1.61912673492261 0.161007343630372
0 0.0143402240405432 -0.0573524836783226 -0.0688038809601363 0.0249966937713122 0.0124931601750262 -0.230856068695521 0.0207034464302533
0 -0.0693647290305579 0.421663801439637 0.456832040109132 -0.271135323996991 -0.227063428727915 1.04165735443078 -0.144357294760797
0 0.0698940844351954 -0.522787151958503 -0.565727547280725 0.292542384426892 0.251299930420839 -1.47699153435843 0.152722991851818
0 -0.0255894349319021 0.0556458017567953 0.0662736331070315 -0.0585922003660038 -0.0505688905586261 0.059630902115134 -0.0327813368987933
0 -0.00328688313338343 -0.00478383083592337 -0.00107149904971093 -6.80945339444072e-05 2.59324583518072e-05 9.31541785238466e-05 -0.000857100762130081
0 -0.00518099414582585 -0.00302176038523205 1.11496008812217e-05 0.000104399622133489 -0.0190050659204273 -0.000629877352157582 -0.000892378798348137
0 0.003990633167124 -0.0746696794270361 -0.0805861957833218 0.0282386080295134 0.00346252350067466 -0.269407088416525 0.0157450883995276
0 -0.067557669115403 0.344928119968213 0.380416926567323 -0.225729664114226 -0.19211985238573 0.859512675105712 -0.121477833747752
0 -0.00280674986622342 -0.0652808375145213 -0.0660055920357983 0.0222137336272246 0.0274747705661329 -0.220522866359896 0.00495142877127286
0 -0.0014473933162984 -0.000738651780905819 -1.24375257266607e-05 -4.00860790303881e-05 -0.000280706496309513 6.61194915481111e-05 -0.00119793155551662
0 -0.0014473933162984 -0.000738651780905819 -1.24375257266607e-05 -4.00860790303881e-05 -0.000280706496309513 6.61194915481111e-05 -0.00119793155551662
0 0.0311052799518503 -0.258216110853088 -0.276904616962277 0.145389314857719 0.127542295464354 -0.711627120499562 0.07270569538845
0 0.0801843495966095 -0.590109305104533 -0.639432795868816 0.330383403626789 0.282759663242537 -1.67121965773503 0.173564785830525
0 0.00561830075339387 -0.0579592538239826 -0.0639353489878118 0.0223919018785299 0.0187627099515009 -0.214226698904149 0.0122818099003128
0 0.12573766631348 -0.880667683628012 -0.958653778844454 0.491562603177552 0.415203753076668 -2.52505452467863 0.263956471426454
0 -0.186686650413446 1.1305470289343 1.23498564287491 -0.687190171683017 -0.56638671829009 3.02234833894173 -0.376682445787509
0 -0.0116911294526316 0.0803278832092387 0.0845220312689161 -0.0567171132167399 -0.0510967669124378 0.162215796268321 -0.0275208553187749
0 -0.00328688313338343 -0.00478383083592337 -0.00107149904971093 -6.80945339444072e-05 2.59324583518072e-05 9.31541785238466e-05 -0.000857100762130081
0 -0.00166040401882572 0.00386305300819423 0.00220139452023638 -0.0126204026009047 -0.0125920999639044 -0.0457134872380305 -0.0050057530785379
0 0.00826219430371511 -0.0831831320271039 -0.0916156159258557 0.0320981598586751 0.0273419219268742 -0.306723458912312 0.017789980747978
0 0.012606845742638 -0.120752427267363 -0.133274084325828 0.0467124388394096 0.0399603922940823 -0.446191876114945 0.0263689583776228
0 -0.0145764682869416 0.078770683498675 0.0824832205031907 -0.0733148234204286 -0.0608775112812072 0.0802426065904172 -0.039823215009271
0 -0.00650385606061832 -0.0354663598117817 -0.0362040455294554 -0.00214931123363016 -0.0143836011424554 -0.188828691507656 -0.00105388717476274
0 -0.0579468731793771 0.390531666949682 0.419486106431826 -0.246770753366943 -0.212425457768735 0.96321247248935 -0.126944060390074
0 0.0168085929209942 -0.0789139061035473 -0.0926715140235723 0.0334188478182851 0.0197872915728823 -0.310522499040271 0.0256168841362192
0 0.0043559121721235 -0.049020655601566 -0.0537824169731782 0.0188265137006254 0.0158493747185022 -0.180090646645366 0.01002990863668
0 0.00167092949272174 -0.0258479088211172 -0.0280824745121464 0.00981057795186091 0.0080676325286162 -0.0940470215048155 0.0047336289461346
0 0.011201338920412 -0.109336504131165 -0.120525873348729 0.0422388577353932 0.0361588010051452 -0.403458374710111 0.0236835052155175
0 0.0439409082025959 -0.273825740635322 -0.30186012928732 0.157421363154341 0.0933564803082323 -0.775863624058756 0.0864718055577232
0 0.0141150172798357 -0.00537851404773892 -0.0154914052233255 0.00149349250952557 0.00183485624849666 -0.0770499780644767 -0.00859960440746432
0 -0.184414735725696 1.15590326816601 1.25746506500681 -0.704886874115907 -0.602956336801277 3.04002898453429 -0.373660773616471
0 0.0130775343578189 -0.0463815848060931 -0.056653345058888 0.0207057012122283 0.00878154942954312 -0.190310267446147 0.0181963027403329
0 -0.0856774450805915 0.542889361438704 0.585106033100864 -0.351504681947588 -0.29784838167771 1.3135332864242 -0.183351477167989
0 0.0041854927303957 -0.10687531321413 -0.110834732401645 0.0379842827486381 0.0157877540062041 -0.369615177655976 0.0204719117748029
0 -0.0142458191000658 0.148408135062465 0.153749135302062 -0.0879872964612325 -0.121578659619217 0.373758565029838 -0.0422615485041264
0 0.0123369160365607 0.0097631077025393 -0.000139492609940728 -0.00201063970032234 -0.0610610911070659 0.00404893250831817 0.00504183166221672
0 0.0240244952796993 -0.144448546225872 -0.164949867224087 0.0587728163689225 0.0419390976054972 -0.552253782195699 0.0402487016214073
0 0.0067060294795751 -0.068978656007697 -0.0759573055313334 0.0266063874119826 0.0225361407416713 -0.254356828738849 0.0146261416057714
0 0.0108503885217766 -0.13912674545832 -0.151397972544804 0.0530964816006856 0.0255173498653831 -0.506370579267507 0.0300100985475189
0 -0.0014473933162984 -0.000738651780905819 -1.24375257266607e-05 -4.00860790303881e-05 -0.000280706496309513 6.61194915481111e-05 -0.00119793155551662
0 -0.0471925117865304 0.24999532271276 0.273861633811352 -0.165921359951614 -0.134291082448489 0.612048166766625 -0.0923557274298403
0 0.0333125205011804 -0.183458475792794 -0.205906371964181 0.0934396880453008 0.0804093413568614 -0.599267872886074 0.0433601692524217
0 -0.0386469968888825 0.217909031036235 0.238709920977129 -0.136669573203038 -0.111982227401747 0.5678541035756 -0.0760821352867076
0 0.0830233634449984 -0.576957769077511 -0.628656036457286 0.322083135676719 0.270850136098385 -1.65757231463347 0.173524714478367
0 -0.0014473933162984 -0.000738651780905819 -1.24375257266607e-05 -4.00860790303881e-05 -0.000280706496309513 6.61194915481111e-05 -0.00119793155551662
0 -0.0960065845121854 0.635846755962387 0.687815739616227 -0.387238112333186 -0.328989561410713 1.6584444572978 -0.204113812632164
0 0.015795222297037 -0.167945758220522 -0.182351038294708 0.0634568732788234 0.055575094470532 -0.609672828575996 0.0352436504763767
0 -0.0408042071164685 0.245867598103365 0.262597304594697 -0.175250430490786 -0.149522358628404 0.511835974798874 -0.0892430317916304
0 0.0387261453409655 -0.281481508945679 -0.307191648497196 0.143575247067432 0.123121983259026 -0.87002796579015 0.0743332607807119
0 -0.0540478497425845 0.38072566618766 0.40670532766319 -0.242847698734481 -0.211813963254491 0.916547896492279 -0.122229278743403
0 0.0236734941939769 -0.177608761100087 -0.19579782012938 0.0878163872702924 0.0433333301728975 -0.566716733955587 0.0493068337013742
0 0.0161787648887923 -0.176726020304086 -0.191868342307174 0.0738299194072773 0.0667909753672333 -0.611394612340192 0.0381097990757073
0 -0.0365626292548296 0.220216364360295 0.240038836112464 -0.135751453226281 -0.113355185488874 0.577352597630263 -0.0740236039885804
0 -0.0246939662945085 -0.0850582941824918 -0.0653915845237476 0.0286598116380912 0.0395726018833864 -0.198260911037384 0.0231225964593453
0 0.111821675014884 -0.819650088674134 -0.887833282748968 0.462904001764961 0.373099959206829 -2.30322064309237 0.245620668284683
0 0.0036381302865145 -0.025916902876677 -0.0309122809814593 0.00408013863980372 0.000523778301525724 -0.134670971923555 0.00486635893237874
0 0.0323205727031768 -0.26248951072135 -0.284118851027073 0.138517414481397 0.119919461298704 -0.77831488571238 0.0719368342297821
0 0.0179654975491346 -0.159967355451671 -0.173270087646243 0.0786917400000497 0.0685179552526289 -0.499890244357901 0.0407526137825496
0 -0.0522923923933076 0.289938894373642 0.318143195546006 -0.182519008041768 -0.167921602698159 0.749168878373728 -0.0974626979456854
0 -0.0839691355021213 0.569630394840646 0.61192981794518 -0.359122798340624 -0.308892316807682 1.40895667012417 -0.18445322574487
0 -0.0911800957598157 0.622832442031684 0.669016361904442 -0.391411303653664 -0.337029185229968 1.54560693488771 -0.20076921182226
0 0.043093413562052 -0.287383597264639 -0.312290375530374 0.162804492405379 0.138724189292258 -0.809366450263544 0.0826356385954492
0 0.00720617383069522 0.00290377111897433 -0.00188577856722461 0.00126276633299982 -0.00789845439620862 -0.00787189505562891 0.00672398505998562
0 -0.00979158424227045 -0.00614593823793408 -0.000187757501799002 -0.000571642635453173 0.00792312641921988 0.00131082656887127 -0.00860581014627337
0 -0.00146450093017192 -0.030007217414596 -0.0306706565479384 0.0107874428140047 -0.0109389426811424 -0.102788987499021 0.00550849955818977
0 0.00738738724359589 -0.0854459701118984 -0.0967600722325903 0.0174133887217511 0.0139648443526017 -0.397278546280323 0.0129827488651255
0 0.021948911917181 -0.230268791087962 -0.245080104496612 0.120662603450203 0.0923859364549182 -0.670858195854308 0.062485797713566
0 -0.00484569507846588 -0.0482452206399859 -0.0470197620075687 0.0156481935093207 0.0218619226990007 -0.15648479249192 0.00102295807707353
0 -0.0601132702299729 0.362593199680693 0.391491684953495 -0.240039297978273 -0.201726266671832 0.858369000415925 -0.12646569868491
0 0.00650774147954092 -0.0684942368307526 -0.0752701352393013 0.0263630636736116 0.0224285103343957 -0.251966193626173 0.0143844197099448
0 -0.0324484523731527 0.0942714855230138 0.111598777663279 -0.0813383822946152 -0.0682410903167048 0.196924197752126 -0.0362668807772861
0 -0.0407214815275161 0.289435441692 0.309852978108156 -0.180228928255207 -0.157508227812844 0.719441210797414 -0.09135941356723
0 -0.000539500771235879 -0.00732570917336473 -0.00747233199259689 0.00257920610344664 0.00187267746240982 -0.0250032601440364 0.000441001969711863
0 0.00331931054033241 -0.0399068031537482 -0.0436956592688071 0.0152882169157302 0.0127804959817372 -0.146332995157361 0.00796479301806841
0 0.00823304031291627 -0.112006208279679 -0.121931079058553 0.0427248312793429 0.015885575382685 -0.407601227538659 0.0241436773307018
0 0.00798691026914655 -0.0807651350172471 -0.0889390754382697 0.0311592654322648 0.0265280193874866 -0.297765480526022 0.0172418340355569
0 0.00792677777139827 -0.0806499550960149 -0.0887627171553378 0.0310966364482304 0.0265064525875953 -0.297146188075424 0.0171724343042325
0 -0.065394197546965 0.373469447555141 0.406260299689864 -0.24488550674706 -0.20194312017928 0.911313844307836 -0.132672936494535
0 0.0908703682679963 -0.617443604346725 -0.673156043111478 0.3491455692382 0.292304537590311 -1.75674646181104 0.18872566952543
0 0.0195352893704115 -0.103441431056059 -0.119746605364145 0.0429291161557388 0.028077605570703 -0.401034203282773 0.0311203907998618
0 -0.0608488164289724 0.442356681750707 0.471936134857425 -0.284622421183391 -0.240302920447354 1.05115883112199 -0.15483950237449
0 -0.045667797871964 0.358679672814283 0.377556931416343 -0.229245215506825 -0.24547929198248 0.848522643316533 -0.114293285185747
0 -0.00125546312894631 -0.0187892025354697 -0.0170943432607404 0.00552775614966761 0.00492159238099799 -0.05497794426925 0.00214196159110536
0 0.00120059941453388 -0.0218396405956374 -0.0236308357915069 0.00824878125434036 0.00672389825334063 -0.0791391510791688 0.00381207627788793
0 -5.39341425098705e-05 -0.0284068667894406 -0.0278699641756996 0.00930043841088546 0.00822100908360346 -0.0914488027024118 0.00425199895799722
0 0.00384121467342124 -0.0734136087139654 -0.0791871973315321 0.0277491042540539 0.00305276441449687 -0.264734913435097 0.0154591933482444
0 -0.0628522671583198 0.346291287071228 0.376961477601768 -0.232810831571973 -0.19077942347751 0.821612017191339 -0.126567816538955
0 -0.0520982205505902 0.283927042305167 0.309622116587196 -0.190072367077354 -0.155376481069107 0.680181270180718 -0.104032828842805
0 0.00271177658100719 -0.113373087313196 -0.119328916852972 0.0407739251891428 0.0435242025228484 -0.399675190694303 0.0158552094218365
0 0.00541700811531687 -0.0584298259303222 -0.0641877824383688 0.0224763955727716 0.0190193372657061 -0.214910269111692 0.0121536362470485
0 -0.0134887997875159 0.0991032025194771 0.105686889196224 -0.061449630649892 -0.0552783678418658 0.244973546481337 -0.0307579662619437
0 -0.0043526417662143 -0.0913414687262151 -0.0926042914620471 0.0281996916928833 0.0235666473362901 -0.335435289594253 0.0129366663732071
0 0.00861778627147736 -0.114315486507239 -0.124637144898989 0.04366054835761 0.0164945026896546 -0.41657323297531 0.0247248084106357
0 -0.116441104895454 0.769277494020264 0.831719446387478 -0.471639928476506 -0.400460059903452 1.99050658254988 -0.248086668985408
0 -0.0536587564993276 0.3742440071372 0.399212534003528 -0.242713972433073 -0.211600146341494 0.880445794181828 -0.121735487704692
0 0.0157077181795513 -0.0686950626226177 -0.0814218648059901 0.0294822934237282 0.0163276503955458 -0.272871463588863 0.0233604362715778
0 0.0231564764524257 -0.0470874454708436 -0.0650870775892769 0.0155730580492821 -0.0348637747773384 -0.234243934252818 -0.00022155562869397
0 0.00437839972175658 -0.130143616422677 -0.13760710378746 0.0472874798757705 0.0493531038352004 -0.460217748386544 0.0194611070349504
0 0.070187087178919 -0.5620485541079 -0.6070075718709 0.304212742090598 0.265191858158754 -1.62565590133499 0.156945177134443
0 -0.050977660475124 0.325563544925486 0.348509975581913 -0.214718895566826 -0.212811998556586 0.76304925018913 -0.109954857321063
0 0.0148056212146601 -0.139829831129728 -0.154419430695948 0.0541303741214398 0.0463717917831472 -0.516978964247558 0.0307184341013782
0 -0.05710849826733 0.383779627232855 0.412099228887698 -0.243595773359456 -0.209687379216048 0.941078053586118 -0.125196094059326
0 0.0222110455936004 -0.131672015068899 -0.145024828070683 0.0777922392542383 0.0614121895842388 -0.368714328109786 0.0437280842061769
0 -0.0445552619050869 0.299548391016002 0.321221965264478 -0.191762788526643 -0.165663657113488 0.724989651091549 -0.0981387571461543
0 -0.0181573367069925 0.0370437206659266 0.0455983938348492 -0.0353790484617837 -0.0371989297496365 0.0625035701997376 -0.0206086269944947
0 -0.0562686281091889 0.382966223738424 0.411992056799604 -0.243978041827515 -0.206208680067561 0.939657129356286 -0.131342031029916
0 -0.00921498103786345 0.0203361417538774 0.0228503131272824 -0.0261062312312079 -0.019372635591334 -0.00176949553502226 -0.0157286619685904
0 -0.0266941998064576 0.167897435924798 0.179298350038895 -0.111986112468637 -0.125206140374537 0.387310477265045 -0.0568041344189183
0 0.0076706767841257 -0.0777199512861082 -0.0856010041302309 0.029988783725734 0.0254903805026974 -0.286613412246722 0.0165796064569768
0 0.0104422897082679 -0.129852061413389 -0.141913903690659 0.0497078580407484 0.0215848666021663 -0.474284865000453 0.028249556342657
0 0.0211285034873563 -0.118661359925116 -0.136456708696587 0.0487482470213241 0.033219505461795 -0.457053536902937 0.034431559121284
0 0.0131324656518887 -0.126882041106766 -0.139877148946527 0.0490259776163509 0.0420907737183307 -0.468181765626468 0.0275997790547517
0 -0.0578039663841476 0.302490173593773 0.332255216040664 -0.198074033609697 -0.175468991597663 0.748228808951542 -0.10585360022613
0 -0.0558578502543172 0.392120872222343 0.417792679552986 -0.255957068778853 -0.223675526085624 0.912603769527206 -0.127671103977018
0 0.0145624321842059 0.0150617715706995 0.00553163916620392 -0.00931114402706301 -0.0549799944022324 0.0025792107906879 -0.0140322860008086
0 0.00641823661141094 -0.0670129021268315 -0.0737132098574462 0.0258181887754581 0.0219001642315884 -0.246804883789348 0.0141215038638678
0 -0.0490353231045777 0.333148497877096 0.357793900747593 -0.209360485671558 -0.180740256813805 0.82630681900084 -0.10760953552618
0 0.000154330047772877 -0.0130274135512871 -0.013830918545676 0.00481042077116456 0.00377445478433813 -0.0463129345515134 0.00177474779970144
0 0.0166569058220274 -0.0777256341970909 -0.0913405360694064 0.0329390158685099 0.0193800692153623 -0.306114081361491 0.0253292633284388
0 0.00225530985702838 -0.0308553118971373 -0.0336403980417326 0.011760449254369 0.0097475602819066 -0.112657652160477 0.00588195727405605
0 0.0450381043071761 -0.294118275562466 -0.323602921008332 0.159443591729241 0.129862978654234 -0.883261280320935 0.0895671335359562
0 0.0158841046260463 -0.0696251666819308 -0.0825157200274367 0.0299040213426189 0.0166444334441813 -0.276410548207017 0.0236459546738357
0 0.0752105296043482 -0.562087517818348 -0.60859294849349 0.313127592034951 0.2688788347137 -1.59598099576342 0.163862864436854
0 -0.157829629493428 1.05792651646228 1.1420713688612 -0.649714701772954 -0.553500516439083 2.722995359117 -0.339465784096099
0 0.00689679760967365 0.00466863467612244 0.000162882450345236 0.000491470477392397 -0.00848453941183847 -0.00117858758577505 0.00620994703523969
0 0.0086658124755794 -0.0869428551765714 -0.0957523613125848 0.0335488676002003 0.028615844192668 -0.320553855013911 0.018619830302375
0 -0.0574927771234472 0.279170930249258 0.309309146107593 -0.184718966551023 -0.157519362568278 0.692420558813117 -0.100006840928605
0 -0.055897219225761 0.309582342863327 0.338257678702192 -0.201561408050654 -0.164604727908968 0.769963242721799 -0.111055486502717
0 -0.00663121740898687 -0.0319932865953287 -0.0290984804492416 0.00936267392138213 0.0163662559573612 -0.0965461405179449 -0.002601611115844
0 -0.0810651083128473 0.493337736115913 0.535624188516771 -0.312225496074649 -0.260583731271254 1.24678580239126 -0.167431235938461
0 0.0772861885954601 -0.542635143089165 -0.590962640656548 0.30180951058483 0.254347538029588 -1.5621366459652 0.162190984313756
0 -0.0669050434886227 0.363461252631314 0.395925237022175 -0.244441365614732 -0.217912891787284 0.856871092153397 -0.12869117014662
0 0.00664790961469208 -0.0851681878227395 -0.0910085896046979 0.0314230292479425 0.0275663621842166 -0.304013163098654 0.016795989577636
0 0.00011247315478391 -0.0913325466309391 -0.0948071121989646 0.0322774007359876 0.0362307020996329 -0.317064460541338 0.0108038305411338
0 0.000798130917988527 -0.0184295737257369 -0.0198411047725311 0.00691916904224632 0.00558161423727066 -0.0664464319237301 0.00302590916013212
0 -0.00772797321108776 0.065197294459943 0.063955844031522 -0.0600765502398968 -0.0572128733775692 0.0447866338147929 -0.0247060199982565
0 -0.181051733517391 1.10968088707625 1.20983480443516 -0.688603826095559 -0.583579206627441 2.89311609891102 -0.356740094344037
0 0.00913315668046089 -0.0918371985141122 -0.101074814268781 0.0354144960654192 0.0302987003225828 -0.338309838922525 0.019646510621262
0 -0.00349564927630786 -0.013763690359279 -0.012456130867228 0.00442455143653975 -0.0160900206432246 -0.0420191605410212 0.00176061248780224
0 -0.0250729863366885 0.128754952269201 0.142694846925703 -0.0801351213208834 -0.0640365595502139 0.347344058297364 -0.0467246596011712
0 0.0176987537050501 -0.0879129315012008 -0.102502492061186 0.036813041466067 0.0228202085828344 -0.343574864136222 0.027519660480352
0 0.0130772372833707 -0.120708969096287 -0.133131682811936 0.0411515614792162 0.0364659377552279 -0.46925097523491 0.0213600827377025
0 0.0252913222431417 -0.143988996294613 -0.160405734076637 0.0845447841333691 0.0318544299421228 -0.405423466433762 0.0475189194978256
0 0.00242500939950929 -0.032364570840933 -0.0353093295358859 0.0123458408397421 0.0102556574022863 -0.118242540000901 0.00622216890052307
0 0.0374681116672129 -0.205320752144729 -0.232642579158773 0.108632016725852 0.0415646667471501 -0.64798008360222 0.0635432527505149
0 -0.0229775485336541 0.113812911373147 0.122755632162832 -0.0877896388061066 -0.0725320900635857 0.214690917963944 -0.0467475423256563
0 0.0191071476395166 -0.247508711439212 -0.260057921579524 0.120219200287633 0.103003161905622 -0.734768430160135 0.0693643961552919
0 0.0171714068903928 -0.187082298154575 -0.20099502226606 0.0873549345458233 0.079734466079822 -0.59553011889701 0.0429475651895519
0 -0.00015605264650187 -0.0105933700658873 -0.0111020061739358 0.00385261458972375 0.0029673705202109 -0.0371590849053565 0.00119232945078096
0 -0.030966308945457 0.227651463257842 0.243526888767958 -0.139014678970593 -0.122638509529422 0.576627340990805 -0.0701404801413243
0 -0.0014473933162984 -0.000738651780905819 -1.24375257266607e-05 -4.00860790303881e-05 -0.000280706496309513 6.61194915481111e-05 -0.00119793155551662
0 0.0183583057618093 -0.09250796414991 -0.107713575409778 0.0387233823809567 0.0243859000135527 -0.360741040194627 0.0287078228623567
0 -0.00328688313338343 -0.00478383083592337 -0.00107149904971093 -6.80945339444072e-05 2.59324583518072e-05 9.31541785238466e-05 -0.000857100762130081
0 0.0143553903703264 -0.137536130141245 -0.151681236500811 0.0531668441478983 0.0456726946014796 -0.507694909125708 0.0300242147521326
0 0.0155065350695707 -0.067098485956878 -0.0796375974900179 0.028843270432334 0.0157869741429639 -0.266945354980348 0.0229772380005566
0 0.00694296772201319 -0.0873852209736383 -0.0935136891080153 0.0322994867376774 0.0283329370871228 -0.312542275074321 0.0172789774982887
0 -0.0288294878844706 0.158086136862858 0.168558126042207 -0.121163958120446 -0.102392588039901 0.290725337146011 -0.0620248519949413
0 0.0273515583005874 -0.111586373473139 -0.135864669735012 0.0458274828511578 -0.0219516965788777 -0.447166415965742 0.0330901827578827
0 -0.02939991840441 0.172247761825011 0.184903623113065 -0.120463441039453 -0.102140976397692 0.373766437862193 -0.0625885980883929
0 0.00689679760967365 0.00466863467612244 0.000162882450345236 0.000491470477392397 -0.00848453941183847 -0.00117858758577505 0.00620994703523969
0 -0.00979158424227045 -0.00614593823793408 -0.000187757501799002 -0.000571642635453173 0.00792312641921988 0.00131082656887127 -0.00860581014627337
0 -0.0445214640851717 0.297189993850361 0.318484329935767 -0.19216571820538 -0.165927459335958 0.709833614139527 -0.0981776790260422
0 -0.0046975916256029 0.0208636700872589 0.0196388682557753 -0.0286223457581443 -0.0263893662510775 -0.0311458955747161 -0.0124551238103443
0 0.0604337652112417 -0.456454014444303 -0.493607195188529 0.255171684792552 0.219537956205865 -1.28880997234835 0.132762554575224
0 0.0110654305101034 -0.0290071044461642 -0.0373980720374965 0.0138971498601697 0.00289838017994937 -0.126085223008967 0.0142123589367267
0 -0.0117031157119993 -0.105293425243683 -0.10007434255077 0.0369174895013717 0.0514044556285205 -0.341253743864738 0.0136138049962558
0 0.00772247857257335 -0.0945613368313909 -0.101416617491438 0.0350713530461997 0.030756491234357 -0.338951651205882 0.0188800479456304
0 -0.0474634329300807 0.33081941983077 0.354153014360452 -0.209047622031751 -0.181843252054551 0.809145118731048 -0.106093146114397
0 -0.0533276150435515 0.356455360879117 0.379131324547807 -0.237342729850038 -0.238139007625238 0.815628413150714 -0.12028655359228
0 0.0841326443443577 -0.668099045129185 -0.722049015180142 0.360924987851114 0.314124098921101 -1.93819123908028 0.186988972055027
0 0.00212320553352585 -0.0297210664882126 -0.0323817330646623 0.0113188794181771 0.00936692999120181 -0.10844319843392 0.00562209017954363
0 0.00850655257646604 -0.101091237299052 -0.108695444803999 0.0376213182172007 0.0329863770289243 -0.363492954220372 0.0203208684486182
0 0.00560563554942206 -0.0594436030416121 -0.0653870338254685 0.0228982430345415 0.0193324115063587 -0.218970272902148 0.0124509130189052
0 -0.119880780771853 0.791530708808441 0.855619047497353 -0.486164032138381 -0.412776039206943 2.04339098159125 -0.255576262372939
0 0.00830943269026463 -0.0837380612423959 -0.0922138545435782 0.0323077412789816 0.0275337985505235 -0.308716400060609 0.0179011360816057
0 0.00812141177423609 -0.00424388277443022 -0.00988709108965891 0.00413575871220528 -0.00547747672570775 -0.0344236245069154 0.00845484215349357
0 0.0287582940900659 -0.17735712606047 -0.198046739564858 0.0894662153038759 0.0695702224381387 -0.57795585826931 0.0535645916185086
0 0.0416132955269921 -0.370526534499952 -0.399759874321761 0.190344021904414 0.149214739567384 -1.11897070090591 0.101087283672224
0 -0.0735443810048064 0.514603849621541 0.549827409862459 -0.323951110455736 -0.315772205924156 1.27027674345726 -0.165933108815728
0 0.0129470601046306 -0.124738608460151 -0.137566625773591 0.0482164014675357 0.0413462114153043 -0.460486261686344 0.0271679104802627
0 0.0055182087036667 -0.0749752610046048 -0.0797568408543117 0.0274777818326419 0.0241167208672395 -0.266344103245762 0.0145279451540437
0 -0.108101316383854 0.655006071262971 0.714222467509275 -0.402954545036394 -0.33361640525778 1.72284832469315 -0.219506244231201
0 0.0314518433912925 -0.286615807807825 -0.307438299889884 0.151490119277658 0.135190131468282 -0.833066018747103 0.0752192795149771
0 0.0043321100344822 -0.0488137465478267 -0.0535531243798553 0.018746077045563 0.0157798246134089 -0.179323082337759 0.00998277679402682
0 -0.0580843597784257 0.334529735679579 0.36600188509863 -0.217353513011296 -0.183771064806474 0.837484908054784 -0.112846160138698
0 -0.00836303182324549 -0.0172832979245241 -0.0127319807192441 0.00369463537359982 0.011498227114354 -0.0413974294230255 -0.00596933610881623
0 0.0165708696066189 -0.0356552300165527 -0.0479301170603499 0.0126585830538999 0.0116098089742351 -0.184179735388474 -0.00175300841645676
0 -0.0420743478822034 0.28838438094072 0.308627329115766 -0.180253397655671 -0.18696092099523 0.720578027440967 -0.09240590201569
0 -0.033465623375931 0.235867242349747 0.254296176761314 -0.146967438625265 -0.124319503227711 0.597106426512394 -0.0808510630863983
0 -0.0307855160217922 0.166638994902946 0.183528011558748 -0.10383462236511 -0.0841488868756466 0.442633782227119 -0.0590604697108343
0 0.00964219116854181 -0.0180361657717203 -0.0250998999107015 0.00947198260312287 -0.000818142698105984 -0.0853039238478859 0.0115362603238669
0 0.00186301397432143 -0.0275286378524968 -0.0299442356947566 0.0104636569483834 0.0086323305165994 -0.100279103103999 0.0051153509566686
0 -0.0533279987062114 0.365754432207961 0.391444342298621 -0.234386512153569 -0.203202079402117 0.879904951321409 -0.118965211705979
0 -0.0282858680419764 0.248251217471434 0.262387480306879 -0.155571297007762 -0.169700915547173 0.610374737698303 -0.088218345186549
0 -0.0476370967797886 0.306843551936368 0.328817269512304 -0.203755272821638 -0.174823226352252 0.709702260918845 -0.104330687991633
0 0.010374324419018 -0.158782506400276 -0.168680394419928 0.0582191985627567 0.0330255525117082 -0.563658340242539 0.0319999767355466
0 0.0146488646185294 -0.140267542368849 -0.154686115504299 0.0542206409969679 0.0465990629118505 -0.517740542658648 0.0306272839157318
0 -0.0128532535356438 0.0482899826984129 0.0534731545367695 -0.0397610584092165 -0.0310601451285422 0.0878822619457527 -0.0232492039866861
0 -0.056969089876258 0.352486930354143 0.383225900043305 -0.225000458543942 -0.190305249480131 0.885943597209252 -0.118756487030497
0 -0.0315011114843129 0.221011640889753 0.237309062565455 -0.135556915724921 -0.11825902613164 0.562193284335621 -0.069526922857011
0 -0.0214364222986134 0.0569006559157579 0.0638305838730187 -0.0609425641903272 -0.0625277694277155 0.0410550658446018 -0.0319768375274752
0 0.00868542440301567 -0.0864884408620052 -0.0953244651398615 0.0333999040345105 0.0284354493480188 -0.319166854178675 0.0185825573225085
0 0.00452563997216204 -0.0515236232855973 -0.0564318145645215 0.0197540483791578 0.0167360493989674 -0.188885046997036 0.0104911475167149
0 -0.0971688699678239 0.622300790477361 0.671171754205275 -0.397778683441643 -0.337184463074173 1.5306464537577 -0.207828219894861
0 0.101649631853372 -0.760982521327433 -0.823740987650813 0.423512744900682 0.364354792074723 -2.16128672703005 0.221564778237939
0 -0.0526888921136353 0.338978014603327 0.363327485676354 -0.225062999356498 -0.192855838948731 0.784610824773202 -0.115311789889859
0 0.0820280998526739 -0.613711187333482 -0.665812937882049 0.335471017842619 0.28752270002124 -1.77773755892685 0.177046761018674
0 -0.00350435627952272 0.0731307811582873 0.0668898407259961 -0.0645864190106469 -0.107786913847939 0.0553115153311685 -0.0265529857398299
0 -0.0688467707218603 0.333795652682081 0.371008630444241 -0.227084974184541 -0.191834999963987 0.823702870133454 -0.112488235448199
0 0.00861698943996991 -0.0865228378953438 -0.0952863721227599 0.0333853889408764 0.0284748573197025 -0.318993619928757 0.0185236884977771
0 -0.0132248238285264 0.12893033643538 0.132376560629234 -0.0826115866653225 -0.114895928883076 0.292525646634713 -0.0391693724354063
0 0.00925008331876365 -0.0918758310599253 -0.101236736028457 0.0354730714270985 0.0302674589647949 -0.338923650210291 0.0197589948940542
0 -0.0014473933162984 -0.000738651780905819 -1.24375257266607e-05 -4.00860790303881e-05 -0.000280706496309513 6.61194915481111e-05 -0.00119793155551662
0 0.0124391546733507 -0.119199729250071 -0.131564686772105 0.0461129557052229 0.0394345871823139 -0.440476267548799 0.0260253237533812
0 -0.00154268795645152 -0.0165441079036022 -0.0145710226458493 0.00464461394713656 0.00414919871489383 -0.0464178215856323 0.00165103267079791
0 -0.0612344273334777 0.297267270310881 0.332044481536027 -0.195937794890755 -0.165820738942888 0.77043922098531 -0.0972299694139585
0 0.015778924683 -0.0699041316488689 -0.0826996882186295 0.0299010059850726 0.0167393799956725 -0.27723525306652 0.0235655990366901
0 0.00965781444621649 -0.11113887929742 -0.119830757545474 0.0415246266573002 0.0363994543553607 -0.400876594614005 0.0225503101351796
0 -0.0942136314767694 0.522067247016409 0.571424894041243 -0.336713191770791 -0.273399838519907 1.3180426214247 -0.186373770919236
0 -0.0524876640838325 0.271242320136308 0.299346808746947 -0.18361698156016 -0.155040136092692 0.661576110933092 -0.0931873545121285
0 0.0124266156174029 -0.147795589143004 -0.16171698882839 0.0566519673558776 0.0276300860944225 -0.540509008624596 0.032258171157832
0 0.0460122464894805 -0.275253772356298 -0.30595731464259 0.142888257708988 0.122635804436302 -0.871145839864758 0.0698492038265313
0 -0.0478899509120501 0.319882588254734 0.345282774133564 -0.203011039134677 -0.171640628110265 0.79516655746163 -0.109321866669569
0 -0.000501557936081198 -0.0247897260029855 -0.0238223277796377 0.00788311686876453 0.00698150772415307 -0.077761777968723 0.0034573997516385
0 0.0361897319339493 -0.36094959047072 -0.382249070907497 0.187022884620561 0.148496577100847 -1.04280826112929 0.100741706890477
0 0.00653615172289701 -0.0686748350414321 -0.0754783369071528 0.0264362223338335 0.0224862399264931 -0.252668007394512 0.0144325947843758
0 0.0207467804319879 -0.114146823052645 -0.13158350112601 0.0470977139337196 0.0316963805299291 -0.44057101322428 0.0335449563942478
0 0.0120769235719029 -0.117508953278588 -0.129514228305588 0.045390983455134 0.038931039632836 -0.433506160762587 0.0254856191883337
0 0.00973718698413117 -0.017703929502042 -0.0248556436309957 0.00945597196751802 -0.00092171984603695 -0.0842663468477589 0.011600905928018
0 0.00101479160792906 0.0301799706456478 0.0246690805843324 -0.0394697927081067 -0.0321423188697398 -0.0573163456029722 -0.0262362744102882
0 0.120753366974107 -0.839691869123637 -0.914274629673017 0.470365696049512 0.396563288775146 -2.40161104693454 0.252912518896771
0 0.00405029178012173 -0.046365493067662 -0.0508398280941318 0.0177942402490836 0.014956942156676 -0.170240122133428 0.00942492361106595
0 0.0201990888545724 -0.109305710350416 -0.126230579411893 0.0452121672121586 0.0300588530940766 -0.422693343298353 0.03244862316425
0 -0.0322999994349917 0.162725798032612 0.176226512695139 -0.129578534936337 -0.108477656521307 0.294276940668855 -0.0668004847993728
0 0.0221134682286599 -0.066281809158319 -0.0856128426074028 0.0281683950251166 -0.036949991705979 -0.279509264324497 0.0228339873245105
0 0.00748954458660123 -0.077026077431448 -0.0847253019735463 0.0296799748943184 0.0252962627407416 -0.283617875990286 0.0163281913719828
0 -0.00207179059644336 -0.0716240844609164 -0.0730531210018119 0.0246564862228476 0.0295820540752385 -0.244254506340715 0.00639320759999729
0 -0.0181357751682421 -0.0115532246949619 -0.000363077477870899 -0.00110319919187551 0.0161269593347497 0.00255553364619443 -0.0160136887370292
0 0.00052469657972587 -0.190633716928185 -0.192903109867398 0.0764127535602777 0.0660204893841305 -0.59402538132774 0.0514014467510862
0 -0.00979158424227045 -0.00614593823793408 -0.000187757501799002 -0.000571642635453173 0.00792312641921988 0.00131082656887127 -0.00860581014627337
0 0.0861862040003327 -0.585911508108847 -0.640008591871295 0.32565791473789 0.271778657144136 -1.69843656858369 0.177482917193974
0 0.0024871362629999 -0.0493907174918191 -0.051285841658351 0.0175022659580168 0.0153935073351987 -0.170465894456601 0.00887507689949896
0 0.0657976021493436 -0.58978750440113 -0.629339132450092 0.326183330261504 0.283650233872827 -1.6509218231839 0.168518660857398
0 -0.00328688313338343 -0.00478383083592337 -0.00107149904971093 -6.80945339444072e-05 2.59324583518072e-05 9.31541785238466e-05 -0.000857100762130081
0 -0.0514311031727388 0.31550916429217 0.343568920812812 -0.201430019150344 -0.170375880027439 0.796312953289789 -0.106399329044912
0 -0.0518899467147191 0.315044366704312 0.341514594110133 -0.201432414885526 -0.168876124022065 0.784250220818498 -0.107583383343046
0 0.00799270986122025 -0.081001970391994 -0.0891794170719789 0.0312432254035047 0.0266152378350335 -0.298556980980945 0.0172760487498493
0 0.0600551554039841 -0.394220122392518 -0.433494492931047 0.2135131202298 0.174777109047037 -1.18323949198156 0.119694590417542
0 -0.0692745190786441 0.422131397695157 0.457578471556067 -0.270015930019225 -0.226111186839278 1.05029494735988 -0.143968740687741
0 0.00663622615538406 -0.149617902011798 -0.159229605484247 0.054798340330577 0.0558303559675593 -0.532949683238923 0.0238936188425312
0 0.011790983956522 -0.0351703646793178 -0.0442389214439065 0.016321289304051 0.00498399275652206 -0.148886892168726 0.0156378725031674
0 0.0151061754709474 -0.145813184002014 -0.160640947411777 0.0563067568489437 0.0485334390587777 -0.537559849504782 0.0317240454374725
0 0.00662384595451693 -0.0696015469508229 -0.076485049342454 0.0267890882072779 0.0228054922796228 -0.256025701809692 0.0146262454140142
0 -0.0625579171893778 0.434251394186523 0.466197267323513 -0.269990129121563 -0.233613217046893 1.08871697959871 -0.138271589237561
0 0.0123855384046081 -0.0712231107873347 -0.0826511130811465 0.025997106237976 0.0164175725892068 -0.292737989020141 0.0195062894827469
0 0.0107081302167176 -0.104425623046298 -0.115159343189234 0.0403573985686387 0.0344803293357958 -0.385539150038088 0.0226309486524294
0 -0.0496645592692557 0.287763092109961 0.313707536156892 -0.183194991382772 -0.151347912220047 0.729679863827897 -0.100042093890357
0 -0.0938044683504087 0.569262959516319 0.617734765748597 -0.362500016316555 -0.302308952616825 1.42729714152867 -0.194068401869951
0 0.00436054471426672 -0.0079991411497673 -0.0132828621763776 -0.00374991706639616 -0.0091060232311202 -0.0844480613635659 0.00299240657542565
0 0.00439522365938361 -0.0455740445951229 -0.0504239158288167 0.017655220079797 0.0145201890993931 -0.169125488690394 0.00964648613182417
0 0.0548496827808176 -0.430414622116835 -0.465418897280204 0.233766107448769 0.20231307279688 -1.24477747189749 0.121412479782217
0 0.00745463076756936 -0.106466415752567 -0.115616612814687 0.0405273463006357 0.0142259759239258 -0.386583090134362 0.022822924871567
0 0.00615287833584555 -0.0654707059418635 -0.0719118014189872 0.0251848435410698 0.0214153081010902 -0.240719296452756 0.0136891798061858
0 0.0573545725338676 -0.393433176052884 -0.429156858194937 0.220511008762927 0.184299133287626 -1.1292367444707 0.119238754373676
0 0.0238874034133953 -0.200648094858956 -0.219514594280213 0.0933352526271456 0.0798093643996456 -0.662402996906874 0.0507869914868575
0 -0.0140392169763111 0.10898183647245 0.11156110218749 -0.0849981714206356 -0.0783658377607273 0.167901508892537 -0.0380093327080946
0 -0.0679886586863816 0.239610872969386 0.274830461909662 -0.180190083021589 -0.124713614497978 0.533534627192807 -0.101172009094995
0 -0.0421235576570966 0.337236846217268 0.35484708154203 -0.213397430697891 -0.231905406286725 0.807047190278635 -0.106283963126026
0 0.0357056604101933 -0.255987470516196 -0.280287614603711 0.134416151444413 0.112095824774817 -0.779952773853625 0.0736523121519213
0 -0.0455888160175419 0.296552755806832 0.318087476034621 -0.18999967330705 -0.191833997001249 0.722835894853812 -0.0976883756168805
0 0.0059248777435883 -0.0629988659356244 -0.0692323637743555 0.0242457720027844 0.0205620826839059 -0.231785894357371 0.0131780706590376
0 0.0043321100344822 -0.0488137465478267 -0.0535531243798553 0.018746077045563 0.0157798246134089 -0.179323082337759 0.00998277679402682
0 0.00898233768276713 -0.116896446532138 -0.127582978416881 0.0446853169115462 0.0172518718886772 -0.426376279344458 0.0253416904142911
0 -0.0498350123293125 0.280101362273932 0.302206701153017 -0.196857652339808 -0.164009585907799 0.612355788196346 -0.103856926112366
0 0.0640278431997841 -0.452256327921437 -0.492847619921984 0.253184259244742 0.18459154305307 -1.29143183155325 0.136145589741864
0 0.0166331608903243 -0.0209798189314983 -0.0350791149708409 0.0103680550262299 -0.0517611532938513 -0.111338957021951 0.0124351216050664
0 -0.0828020235821718 0.465542246783372 0.510473438125384 -0.292260810766098 -0.237372054156761 1.21504655360793 -0.162892863718994
0 -0.00655915791896522 0.0492785712688404 0.0512796953063797 -0.0348288796771836 -0.0326449680746936 0.0960389691147068 -0.0163294341223361
0 -0.0605282900886888 0.38829646821134 0.41928574178567 -0.245084103627592 -0.20807009862639 0.971240382054184 -0.128700504737408
0 -0.0210939268259223 0.172538670663067 0.182131835691276 -0.103745582669532 -0.128229072072259 0.44074075574041 -0.0516929162589879
0 -0.0399193159133926 0.20649108748542 0.224719995149513 -0.146543105876247 -0.119594740899373 0.456064646469609 -0.0797378196356391
0 -0.0639458151993662 0.32167279759989 0.352530052970531 -0.223222556446687 -0.178583729727076 0.746374662144479 -0.124410443428397
0 0.0810847072193992 -0.63790267831911 -0.689148375924562 0.348337289297076 0.302753711438434 -1.83299035467223 0.180239232005707
0 0.00925872438420461 -0.0942114215383394 -0.103550260476644 0.0362805504265387 0.0311539162562546 -0.34650299077127 0.0200513573766949
0 -0.0146133079351642 -0.0755914722795943 -0.0632021739847826 0.0340665807674556 0.0287469149295543 -0.142794649989154 0.0280637451378922
0 0.00823654687048192 -0.0829709573892945 -0.0913801550756013 0.032015515469269 0.0272697318178481 -0.305935498951358 0.0177405624174485
0 0.00794305470670409 -0.0807298643871555 -0.0888587558325704 0.0311304392268354 0.0265305513214971 -0.29747218286054 0.0171971661759973
0 -0.0171155343283154 0.067342157113373 0.0720816808361739 -0.0643997461103432 -0.0522108441152795 0.0699636695587689 -0.0342262870843628
0 0.00152889844460269 -0.0536197385876385 -0.0571947616388071 0.0200494638971747 -0.00347815518559669 -0.19126085802182 0.0109760508555756
0 0.00242800158718737 -0.0324762708259012 -0.035422698864354 0.0123854552660627 0.0102970469710719 -0.118615782970917 0.00623852803474101
0 0.00761469442494578 -0.077268272885636 -0.0850964842224466 0.0298117259683641 0.0253397461715084 -0.284922248345157 0.0164730264127204
0 0.0990326390236831 -0.677143839784701 -0.738185058077665 0.381031668803434 0.319519541499751 -1.93435194440912 0.205896819024929
0 0.00993014136046266 -0.0978584364330257 -0.10785710703736 0.037795412184825 0.0322827522882294 -0.361079500934667 0.0211142055291509
0 -0.00590711573248104 -0.15592287137099 -0.156209578095465 0.0565174270638211 0.0681530941051793 -0.529131623895768 0.0250023260122894
0 0.00631724647551968 -0.066336556691081 -0.072939743505593 0.0255464737774349 0.0216811059202571 -0.244201523460135 0.0139461009557511
0 0.0147167807483997 -0.141763322181472 -0.156233670762936 0.054761881247881 0.0471424562420988 -0.522854842848808 0.030872015427335
0 -0.0568560840871779 0.342076720643773 0.370006890356994 -0.223875894584732 -0.18773597424915 0.824698133534454 -0.118715361871677
0 -0.039959780264919 0.187115108275623 0.205152977481245 -0.137645720865178 -0.109463218953845 0.40080378756012 -0.0769495285617978
0 -0.0736162656810819 0.428302256016059 0.465389678843527 -0.278918419104359 -0.230835997518389 1.05055772556847 -0.150411877022728
0 0.00722601133244005 -0.0743690278424198 -0.081825316601134 0.0286633161223753 0.0243867036181173 -0.273936852871831 0.0157617659099203
0 0.0123369160365607 0.0097631077025393 -0.000139492609940728 -0.00201063970032234 -0.0610610911070659 0.00404893250831817 0.00504183166221672
0 -0.0983288953403481 0.632098436542448 0.685832379827321 -0.384984837945876 -0.324209251945421 1.66017794602808 -0.205463041239044
0 0.0109444082917309 -0.108955935604503 -0.119878938878789 0.0420085389486506 0.0361139740296053 -0.401157280885495 0.0234003659279636
0 0.00950489690289613 -0.110732647172913 -0.119255693207668 0.0413279007830818 0.0362268378465624 -0.398630949802449 0.0224858187807704
0 -0.0014473933162984 -0.000738651780905819 -1.24375257266607e-05 -4.00860790303881e-05 -0.000280706496309513 6.61194915481111e-05 -0.00119793155551662
0 0.0122553585283924 -0.11793826228854 -0.130126158101848 0.0456076960936955 0.0390252632391541 -0.435636453599155 0.0257023391894062
0 0.0969409376155266 -0.671082606773147 -0.730254380765761 0.379426430379471 0.319585388704223 -1.90180620931536 0.203503020277619
0 -0.112413594240195 0.662489672432418 0.724098671757623 -0.409664627129438 -0.336388402522111 1.743073073373 -0.225316507236588
0 0.0153850974580916 -0.16303946974099 -0.177092062479343 0.0616065671098158 0.0539580158530182 -0.592466570818937 0.0341187317475908
0 -0.0262825830005227 0.184860695389347 0.195974559728231 -0.123735035093311 -0.109346275847797 0.411279412749927 -0.0609804373442326
0 -0.0449074561049976 0.244659226178419 0.26806900707094 -0.158098313120858 -0.128550373612547 0.617793675113399 -0.0880636615609838
0 0 0 0 0 0 0 0
0 -0.0113375813016319 0.00410880688485804 0.00964350391078383 -0.0203430369153565 -0.0166024654876988 -0.0370244238121202 -0.00805759344786949
0 0.0109882833983477 -0.154095230907075 -0.166328614805016 0.0591597533414259 0.0560566485904346 -0.550239325700087 0.0290288415355988
0 0.00814108241208045 -0.0815964018826922 -0.0899229370609445 0.0315053134999173 0.0267834886396772 -0.301097062369472 0.0174851930752116
0 -0.0527161266884679 0.362161345399437 0.38761419552443 -0.231729625097195 -0.200964339980042 0.87287657115916 -0.117619504301889
0 -0.0231409826763169 -0.214275819961632 -0.196112196891555 0.0879942057276306 0.10851129735593 -0.583098749508368 0.0603821336407222
0 -0.080380082080163 0.492299029089111 0.536822611534211 -0.299817386977578 -0.249072807573198 1.30805425720755 -0.16334779455144
0 -0.0014473933162984 -0.000738651780905819 -1.24375257266607e-05 -4.00860790303881e-05 -0.000280706496309513 6.61194915481111e-05 -0.00119793155551662
0 0.000618170099278892 -0.0118633891503115 -0.0131724917457481 0.00458889816370478 0.00315015093048743 -0.0444887035284749 0.0020605029725651
0 -0.0178787091356973 0.0369293292781538 0.0416103191492496 -0.0519651581978904 -0.037153462690215 -0.0220590762699473 -0.0308791647861835
0 0.00980447717815913 -0.0966782281476708 -0.106560710784306 0.0373407713751006 0.0318809726214204 -0.356747060485177 0.0208547233273424
0 -0.00661338111289966 -0.107153561589827 -0.103385973919211 0.0393651924522453 0.0340636085890562 -0.320576675538497 0.0292514189282462
0 0.0315304131319802 -0.262195769958184 -0.284510307870316 0.133146732612518 0.115470120841874 -0.803976657172909 0.0697286280539551
0 0.0141092133533718 -0.135847061062605 -0.149754531116148 0.0524901311921662 0.0451253062302115 -0.501212120051797 0.0295916477472415
0 -0.0457042544770996 0.312643292911886 0.335838065591219 -0.195136528469824 -0.168727223633342 0.781588077626564 -0.100332931869008
0 0.00820292998371963 -0.0828244446640687 -0.0911996484562554 0.0319519387349949 0.0272276199615069 -0.305320131707916 0.0176917145342976
0 0.0109222273883476 -0.107907644298654 -0.118821214823302 0.0416390423814867 0.0357232374883636 -0.397679057007329 0.0232522754575633
0 0.000104517388563874 -0.0126129735308722 -0.013369386579535 0.00464847991725037 0.00363597857019426 -0.0447665835117879 0.00167837304263285
0 -0.10400281452756 0.686202136113367 0.742003277742535 -0.420576410791014 -0.357139354784858 1.77665520691652 -0.221371205181246
0 0.0755700085701285 -0.562586735609153 -0.609834559499709 0.311161629569297 0.266621482003578 -1.61104904764746 0.163644161656665
0 0.00805114699166509 -0.0814706582701175 -0.0897040184652664 0.0314273181508433 0.0267704175962513 -0.300316436762072 0.0173870024460068
0 0.00339937557369341 -0.0408759601354651 -0.0447364609504755 0.0156528367416628 0.0131185174378219 -0.149797142117442 0.00815659606036601
0 0.00135785095012952 -0.0399910441092883 -0.0408072897708722 0.0138315597423548 0.012183524923886 -0.135132344606004 0.00680201292793026
0 0.00547074780767565 -0.0884922306190372 -0.0957850383541388 0.0335727646835746 0.0081599236131491 -0.320260848426567 0.0188096389328152
0 0.0268872058132263 -0.198502105688875 -0.218141609381151 0.102718341454017 0.0567106057737448 -0.610510870172021 0.0568038930921615
0 0.00836401014601318 -0.0843323205647262 -0.0928578380913905 0.0325334349372444 0.0277389257529554 -0.31086339563575 0.0180237983905918
0 0.0052753665677967 -0.056996242320281 -0.0626234298401642 0.0219279900428453 0.0185287576357092 -0.20968804983152 0.0118485142375842
0 0.00736814721015655 -0.0755798891718635 -0.0831701725837419 0.0291351413353924 0.0247926126707534 -0.278440607748135 0.0160402078353266
0 0.0190090190314836 -0.122583763667929 -0.140433592715413 0.0441642741191597 0.0311764263111289 -0.495929840687837 0.0313437591300669
0 -0.0014473933162984 -0.000738651780905819 -1.24375257266607e-05 -4.00860790303881e-05 -0.000280706496309513 6.61194915481111e-05 -0.00119793155551662
0 0.0778549118165666 -0.652198592493994 -0.69821868988044 0.3581030727867 0.305077900128798 -1.8293205139457 0.195137175498497
0 -0.054081411995611 0.379942510441969 0.405729678653367 -0.243371675716004 -0.212233033579279 0.909455492205028 -0.122391955481028
0 -0.0448573910115808 0.294400696128815 0.31595524884625 -0.19069763119292 -0.163961292875488 0.704303445462415 -0.0980137379748367
0 0.0419774288660051 -0.27850679094383 -0.304412185300401 0.15897901363131 0.131516588811486 -0.790418330581144 0.0864114867309311
0 -0.0544113332285034 0.359491340816546 0.386270891148356 -0.229895836797505 -0.197290034294972 0.875493499638656 -0.118554756100429
0 0.0606216095620269 -0.419061829850907 -0.460630339840474 0.223628025576939 0.153183456289042 -1.26122641364356 0.122776206866861
0 0.0123369160365607 0.0097631077025393 -0.000139492609940728 -0.00201063970032234 -0.0610610911070659 0.00404893250831817 0.00504183166221672
0 -0.0721901926323039 0.491767484541283 0.527619867613497 -0.311530145706381 -0.26862922207344 1.20613263063341 -0.159393644054896
0 -0.0536884566774969 0.342471257616015 0.366805139920115 -0.230008135498478 -0.196937698092944 0.779844046973441 -0.117634769923965
0 -0.0014473933162984 -0.000738651780905819 -1.24375257266607e-05 -4.00860790303881e-05 -0.000280706496309513 6.61194915481111e-05 -0.00119793155551662
0 -0.0014473933162984 -0.000738651780905819 -1.24375257266607e-05 -4.00860790303881e-05 -0.000280706496309513 6.61194915481111e-05 -0.00119793155551662
0 0.0193994019940487 -0.101936238590639 -0.118113296766352 0.0423703104187907 0.0275671360599277 -0.395528646020186 0.0308155381172228
0 -0.104958293218754 0.669118012151177 0.724189458224705 -0.418295280310723 -0.352752444852101 1.70070130666338 -0.22126659849304
0 0.0716986066196039 -0.536385151142089 -0.581420433416612 0.295642285412658 0.253467377558755 -1.5404086983456 0.155430392931417
0 -0.0679364756321661 0.468901850097377 0.501848576487101 -0.299950875974522 -0.259997920946566 1.13049000800046 -0.151985675697947
0 0.0833001068388164 -0.703467985422709 -0.7524207005482 0.38770226665115 0.330188230293597 -1.96329881639772 0.211800398210482
0 0.00292843952829536 -0.0787601588572837 -0.0839804494624996 0.0271971548547452 0.0275619777304179 -0.28871267283095 0.0116426009045849
0 0.063214228203087 -0.445716686496223 -0.482740116187861 0.25878173802783 0.219490246328366 -1.22112462624567 0.136037332950147
0 0.0756043702968068 -0.566788625893154 -0.613834876816939 0.31428438193953 0.269941779589642 -1.61650645042286 0.164619662851533
0 -0.184914580916981 1.14609436189472 1.24690625984187 -0.705480747070311 -0.587161019870752 2.99721167615175 -0.38049250729474
0 -0.0514300279384416 0.339938356013076 0.365216031464686 -0.217471004299478 -0.186753756928581 0.827259925371876 -0.112105163227754
0 0.00667604603942928 -0.0688660009108943 -0.0758147487942886 0.0265561019502907 0.02250453371057 -0.253869085748022 0.0145848052467139
0 0.00916030787466138 -0.0916046444464795 -0.100874323137905 0.0353450090269765 0.0301991396588379 -0.337673233833326 0.0196432322660418
0 0.0160489608600294 -0.0691055682238479 -0.0803606584375096 0.0310111604211052 0.02710140112824 -0.259047776848816 0.0106506832427185
0 0.0029933091751051 -0.0372122668030674 -0.040692147581662 0.0142343342497528 0.0118817594877823 -0.136267877998488 0.00733619879696779
0 -0.00117900859543596 -0.0313298712076104 -0.0322998888917461 0.0113445493060302 -0.0106756446098268 -0.108153985940888 0.00587420195099497
0 0.00773226374412861 -0.000989565457260699 -0.00626943926845946 0.00285071837315165 -0.00657890375368231 -0.0223750568513719 0.00769578585082753
0 0.000202666521644357 -0.00675688256941642 -0.00769520790324396 0.00267016739027115 0.00136662977045265 -0.0262625850056946 0.00105575130566482
0 -0.0389794283498528 0.220052858021221 0.241015067146046 -0.138064187602998 -0.113163526354273 0.572983852482376 -0.0768031826473505
0 0.00633686862006444 -0.066266247004334 -0.0728913752402556 0.0255299376261058 0.0216462931967247 -0.244057508535404 0.0139556395563218
0 -0.0132402040267108 -0.133385046228062 -0.129766100641956 0.0424778572073112 0.0625215137006183 -0.434220328888564 0.00263513060824749
0 -0.00519116098402783 -0.0278457710421609 -0.0294444576163269 -0.0074740277471701 -0.00177481898335508 -0.174763346209936 -0.00611445657702703
0 0.053868143883621 -0.395456664941666 -0.429876612235381 0.216259632791598 0.183765366183328 -1.14997712100521 0.115017882791809
0 0.0794418673995416 -0.592946471475745 -0.642224352926807 0.329597683832705 0.28292597792105 -1.68793573381458 0.172745108045804
0 0.00811048168410489 -0.00415505316202536 -0.00978806083564843 0.00410042501932395 -0.00550755059486008 -0.0340942962526873 0.00843379896059782
0 -0.122631381354509 0.520036529786694 0.590828749800039 -0.339449600962389 -0.228186684766349 1.36569277593148 -0.191885989614121
0 0.00874354359083851 -0.0879574682543534 -0.0968355461538599 0.0339282359477457 0.0289720936353559 -0.32415507456705 0.0188150173689419
0 -0.0600832562243268 0.34044134929613 0.372456454113033 -0.223922126909942 -0.189221044867843 0.840025064132398 -0.115721168727451
0 0.00955472406689228 -0.0947461818459598 -0.104390603991347 0.0365790552366598 0.0312422570336999 -0.349465083870713 0.0203892799251695
0 0.0251628512548532 -0.244597546542233 -0.263235553251203 0.120753483317792 0.10850601369988 -0.752725957362217 0.0603321997903556
0 -0.0399001101887153 0.275633819821835 0.296083883847438 -0.170678236495204 -0.148025087854621 0.694912906710438 -0.0877211303349901
0 0.0709507238750779 -0.488280157324354 -0.531875981771829 0.27553083986141 0.231145487092996 -1.38921062301549 0.148296496443185
0 -0.0110779972782091 -0.109805154766061 -0.105214790714408 0.0386733306418718 0.0527297532950701 -0.358513369915978 0.0146738060226639
0 -0.15938872719909 1.02922588737291 1.11468962295664 -0.634417872044544 -0.534949433748714 2.65929245185777 -0.336060038329475
0 0.0238272447275749 -0.14145881525533 -0.161773914854447 0.057726694176194 0.0409330633465101 -0.541418724952035 0.0397200762908505
0 0.00210347803382716 -0.029561421292208 -0.0322039201788953 0.0112564669932165 0.00931304681434364 -0.107847676020867 0.00558449965014285
0 0.049993681761352 -0.339265895286331 -0.373148710838555 0.178523674190561 0.146788173085824 -1.0413936387009 0.100062318437152
0 0.0391914398948847 -0.317291924352143 -0.344368529443233 0.163576930880221 0.141428688878342 -0.962675171606615 0.0859711444960514
0 -0.023913549882292 0.122759523540576 0.133082364651247 -0.088918436396729 -0.0733048702450558 0.26037033033857 -0.0480575913930341
0 -0.0484204194745192 0.377528249855243 0.398125701487973 -0.23990403512 -0.254419215350883 0.902081405133004 -0.119994600586309
0 0.0934693629302217 -0.592120434775457 -0.652580478430591 0.331931543402537 0.230857096573317 -1.71789143028987 0.182028304687546
0 -0.0124755003976524 0.0423997891276358 0.045773063467351 -0.0435317939906277 -0.0347031806028806 0.0332288746248031 -0.023861703621634
0 -0.030171226763831 0.239551460253088 0.255076186738778 -0.147982990435766 -0.125120423338049 0.591883840053571 -0.0832329259993987
0 0.0109137270188406 -0.106601658472724 -0.11752325741392 0.0411859672636843 0.0352295916013627 -0.393423714926199 0.0230853901686916
0 0.00915741240154544 -0.0918890457614561 -0.101151595356971 0.035441720498337 0.0303089973058954 -0.338578490449703 0.0196751790518754
0 0.0183166528931729 -0.0922996711121336 -0.10746480432388 0.0386232412420195 0.0243077530681615 -0.359952864222126 0.0286410709143734
0 -0.0617388130405994 0.34697166426548 0.378433839368916 -0.226139942586872 -0.185413575759107 0.85817214110681 -0.123740780077958
0 -0.00734926783105472 0.0440313188707977 0.0452750378870572 -0.0377007805801721 -0.034254324344122 0.0542776548538964 -0.0177425235095026
0 0.0161323599418344 -0.134995967016444 -0.14973518660854 0.0547229218969711 0.0452204261524765 -0.492161393398104 0.0319839473510388
0 -0.0468576722002707 0.360796271610742 0.383080950223096 -0.231946537179915 -0.195741464700969 0.847921703427835 -0.128085712545211
0 -0.0064518494573198 0.0307550991778651 0.0302800933611129 -0.0316518867145028 -0.0574593681780087 0.012656181877972 -0.0142195621165175
0 0.00750934255270064 -0.105934316268112 -0.115167685572141 0.04035833886627 0.0138975240913264 -0.385013770698285 0.022761347859948
0 0.027876565237535 -0.150057895987778 -0.171320541988305 0.0768618542441137 0.0181066540871155 -0.489375029445021 0.0460123437768312
0 0.00689679760967365 0.00466863467612244 0.000162882450345236 0.000491470477392397 -0.00848453941183847 -0.00117858758577505 0.00620994703523969
0 0.0783645765544927 -0.586741460670227 -0.636905146732229 0.318980599186323 0.273152340551597 -1.70916767560603 0.168733060874019
0 0.0135294483631476 -0.0506669503308039 -0.06136029743978 0.0223446976408863 0.0102253312209646 -0.206092418127708 0.0191317895849892
0 -0.000471325287290547 -0.00162750642844234 -0.00610820287207048 -0.0139974457649625 -0.045675738540746 -0.0863455737290177 -0.00414557347876787
0 -0.012006369276309 -0.101562283731411 -0.0960985014851876 0.0354831242240814 0.0499741772019062 -0.328014841600486 0.0128259555922994
0 0.0216415873525495 -0.0794806867902311 -0.0965330120913155 0.0297635267996297 0.0265619057913806 -0.347137406423219 0.00798899864296754
0 -0.0803727712877116 0.48115625740505 0.522772225839446 -0.306810793556522 -0.255108878517635 1.20817528742269 -0.165094611380914
0 -0.020731624331793 0.10214276840785 0.110889224750164 -0.075646294180082 -0.0620639048348552 0.21029513232688 -0.041176170973058
0 -0.054878828107376 0.257940935734203 0.285997568111719 -0.175087164739397 -0.149247844518536 0.620885062157584 -0.0946427115592225
0 0.0097890967445764 -0.0559345179752047 -0.0656762833243612 0.0115417678369827 0.0110531176340682 -0.272414487049833 0.00260498310549906
0 -0.00212912065575921 -0.0116724578188832 -0.00913904607335914 0.00274139592860267 0.00248492558480473 -0.0281029941067663 0.000574987980853425
0 0.00894143837177186 -0.0358349793355188 -0.0437775093812967 0.0135279678541309 0.00525662748194744 -0.15777393020617 0.0123272123121545
0 0.0602375086697657 -0.519783347684251 -0.557620233336575 0.282985665184204 0.251379289411114 -1.47527915393562 0.141495487701613
0 0.012095461150289 -0.117774635045529 -0.12979578364547 0.0454895678827438 0.0390252594407765 -0.434440860307855 0.025535046335174
0 0.0433064488743611 -0.269698535352276 -0.296101173362302 0.155535832909253 0.126071724418612 -0.766026015407207 0.0865014447668413
0 -0.0320504283189722 0.245286114273395 0.261710599545211 -0.148828237848063 -0.132398785505455 0.621617365192524 -0.0741502932725568
0 0.000393743031603666 -0.0318857000997057 -0.031783256678084 0.0106693229432353 0.00941835338250518 -0.104739572720574 0.00500922981602026
0 -0.0528633471184632 0.3287330236916 0.35217764865744 -0.224547120267863 -0.191463631680588 0.732748462758142 -0.115133167069954
0 -0.00485037093042529 -0.0199660426020323 -0.0197605194248442 -0.00262415250244707 0.00204430711425019 -0.105966347422354 -0.00459797706462162
0 0.0270524469319948 -0.189825981827457 -0.20904499526721 0.0968194627363133 0.0793500330393613 -0.59752552307488 0.0543345402489805
0 0.00785727045246976 -0.0799782984194555 -0.0880265965076301 0.0308385254369261 0.026277658508234 -0.294686930808956 0.0170265875157329
0 0.0200622519929854 -0.106540110294821 -0.123334437783579 0.0442821156000006 0.0291287484503382 -0.412738374545875 0.0320075735902563
0 0.00473435824714485 -0.0727354613882705 -0.077566429847109 0.0314638758875541 0.0294904623368986 -0.239258345306552 0.0143184631289666
0 -0.0663434602000619 0.456769173304385 0.490206298727591 -0.286433811368517 -0.24748025448174 1.13369169010309 -0.146605206844789
0 -0.0451215886555314 0.245021751258115 0.264272800122907 -0.176921905511946 -0.146732412995114 0.514752534199099 -0.0935146508101958
0 0.000887145428796643 -0.0193154443138761 -0.0208097299106003 0.00725874873644461 0.0058836644243927 -0.0696813196737285 0.00321584963178845
0 -0.0109877086825394 0.039741013266986 0.0432030750149597 -0.0373610828230806 -0.0299965373689703 0.0476884893322262 -0.0207741713305705
0 0.0126215639074925 -0.12247410401896 -0.134988478224025 0.0473109499933617 0.0406103624633811 -0.451814525048284 0.0265921764174784
0 0.0555549735720824 -0.389637970912197 -0.427727864603352 0.202561011697448 0.168276948876434 -1.2020201793142 0.112581780542669
0 -0.00912617525696291 -0.0175337885297235 -0.0169456135773629 -0.0153361153899443 -0.00625150812635322 -0.147149764870726 -0.0119636771364746
0 -0.0330914856614655 0.213365510103721 0.229375617797608 -0.14480607553088 -0.121982743992682 0.484497160637019 -0.0781885027355642
0 -0.0641352370627537 0.455385955768412 0.486303465662107 -0.284123604065504 -0.281984231415465 1.13483615024194 -0.145403762393965
0 -0.00328688313338343 -0.00478383083592337 -0.00107149904971093 -6.80945339444072e-05 2.59324583518072e-05 9.31541785238466e-05 -0.000857100762130081
0 -0.0533990492296965 0.307616622873383 0.332661415125036 -0.2085985726708 -0.173835050801483 0.709721585815497 -0.110780619486778
0 0.0050354464265201 -0.0843740165117208 -0.091264697259374 0.0319855975214653 0.00674482742648852 -0.305132052438041 0.0178998294803039
0 0.00864837238881355 -0.0870570919339748 -0.095846646689306 0.0335814594701938 0.0286661657325555 -0.320850043455831 0.0186176670556097
0 0.0636730518032476 -0.43648325999014 -0.476533422180649 0.246845186725524 0.175931545484065 -1.23848492065612 0.133109158613051
0 -0.00328688313338343 -0.00478383083592337 -0.00107149904971093 -6.80945339444072e-05 2.59324583518072e-05 9.31541785238466e-05 -0.000857100762130081
0 0.0551061927285446 -0.411861232335628 -0.44841619975892 0.218960765030129 0.186327168598774 -1.22876097588172 0.117159947161589
0 0.0400884454341037 -0.230597764395685 -0.261384697717976 0.115169455231112 0.0468126957568726 -0.759218715529378 0.067933159064741
0 0.0232189194831784 -0.0771431403704619 -0.0974849273688747 0.0323153338430324 -0.0332269621758159 -0.319378681186989 0.0252041866695025
0 0.00350526649523708 -0.0707211690734835 -0.0761715587806879 0.0266952268336373 0.00217679814894423 -0.254671264533398 0.0148392738761292
0 0.00786966841534875 -0.0800131518686347 -0.0880740829707976 0.030855316556476 0.0262861038344497 -0.294851224272783 0.0170422580297154
0 0.0101658119233274 -0.10030834109119 -0.110524090727886 0.0387302491063286 0.0331231269345817 -0.369978847113142 0.0216297741944036
0 0.0120902172448178 -0.116926804112648 -0.128953465171659 0.0451955462393312 0.0387046686035717 -0.431679532921033 0.0254269598622665
0 0.0118042944818577 -0.142342757114191 -0.155675074538202 0.0545353551643117 0.0258221549954349 -0.520315980800965 0.0310300892595632
0 0.0102759957018881 -0.115894374143171 -0.125187073885358 0.0433988543990593 0.038038702992965 -0.419075972479224 0.0235878212896541
0 0.0393217881876016 -0.242018442644629 -0.264941877696248 0.137677538566079 0.117385433397634 -0.689886025854554 0.0679339389730416
0 0.00524828143150735 -0.0859678906420749 -0.0930682317325728 0.0326142981871382 0.00723429670031495 -0.311141446959085 0.0182743327451265
0 0.0333493296886358 -0.181526009129172 -0.203573721250993 0.0942963588040469 0.0810406122221599 -0.583993034278466 0.0436432865231167
0 0.0145624321842059 0.0150617715706995 0.00553163916620392 -0.00931114402706301 -0.0549799944022324 0.0025792107906879 -0.0140322860008086
0 -0.0489654183189305 0.285601569012854 0.309493724352897 -0.186091443625411 -0.178515165990698 0.694441503561185 -0.0972455465351256
0 -0.0664008136592873 0.381527310538654 0.416637989407633 -0.25039827885456 -0.211598564217416 0.939265584904269 -0.129528668160257
0 0.00689679760967365 0.00466863467612244 0.000162882450345236 0.000491470477392397 -0.00848453941183847 -0.00117858758577505 0.00620994703523969
0 -0.0617001070590142 0.402687907984959 0.432920982229489 -0.258960358448142 -0.221445144033529 0.975825842156558 -0.133872625182585
0 0.0663129568149756 -0.531757169559949 -0.573762497686966 0.289880438250275 0.252910181725349 -1.52615424052569 0.148986182990892
0 0.00324701126449556 -0.0394046052208066 -0.0431232420152159 0.0150871945715978 0.0126181030813006 -0.144406999529866 0.00783697681283035
0 -0.00979158424227045 -0.00614593823793408 -0.000187757501799002 -0.000571642635453173 0.00792312641921988 0.00131082656887127 -0.00860581014627337
0 -0.00114147377591856 0.0374305001825146 0.0351028351615863 -0.0299569804463298 -0.0323442642982936 0.0361555236664133 -0.0100138060201438
0 0.0137227071849768 -0.0849547393400041 -0.0969781785358759 0.0341703980536909 0.0240083828477271 -0.32642882514091 0.0232216763142983
0 -0.000717251872025315 -0.0155031398770253 -0.0210953810266234 -0.0122591366151052 -0.0412545461319382 -0.152703726241643 -0.00310086081494543
0 0.0342565770241228 -0.206534697368034 -0.226304767808906 0.11782893584079 0.100473245919839 -0.588128784215592 0.0573857327365124
0 0.000361390730434952 -0.0147562611502856 -0.0157554358136207 0.00548567765199959 0.00435239821402966 -0.0527605161195694 0.00217610104105903
0 -0.0379148148854824 0.281680662012912 0.301475345909978 -0.176787907364922 -0.149427628558812 0.694595916704834 -0.0976965946042654
0 0.000712453064722229 -0.0474918369845345 -0.0502641448714916 0.0176331631723503 -0.00537150463321945 -0.16816603744382 0.00953754386927663
0 0.00479799855225815 -0.0526057281846559 -0.0577872150567664 0.0202318669701889 0.0170421369599829 -0.193516270901815 0.0108739300540943
0 0.020655110609118 -0.120869450381436 -0.133287112057557 0.0716235394719913 0.0561736937419397 -0.338467556166733 0.0404410115511808
0 -0.0330795406603963 0.161406772682061 0.181669998642836 -0.103216084973714 -0.0874795825794088 0.44080841825859 -0.052504919256994
0 0.000334824766092368 -0.0145339350426439 -0.0155080120823321 0.00539886486369223 0.00427805191017061 -0.0519316279002613 0.00212454464224443
0 -2.83650534789182e-05 -0.0287878657331238 -0.0282711588163478 0.00944148342267681 0.00834430942731146 -0.0927472511185372 0.00433900150576649
0 0.0685709548923628 -0.480191770124224 -0.523043905246673 0.267452288336226 0.225074333771584 -1.38127466370879 0.143794202407158
0 -0.00854721092340593 -0.0157480435222523 -0.011020075541357 0.00310328962752404 0.0109929941018723 -0.0356198690890945 -0.00632357930296124
0 0.029952721595869 -0.308556076504138 -0.323866549091888 0.170963655904639 0.145376532743629 -0.821390105062118 0.0950914101678215
0 0.0404873669163806 -0.315089122143047 -0.339807486127923 0.176688114299809 0.152771526308666 -0.882186865328626 0.0907350173848549
0 -0.0296249475964361 0.208475666619799 0.223788769752857 -0.127796661981727 -0.111669895575346 0.530259402237591 -0.0654802497521461
0 -0.000255049783681738 -0.00964209448614151 -0.0100583029127788 0.00348665832977524 0.00264429369754682 -0.0336713082318263 0.000985224366585324
0 -0.0305758741770097 0.215226774879129 0.231106124648582 -0.131628807736282 -0.114938311722927 0.549161361966434 -0.0675104587146489
0 0.00689679760967365 0.00466863467612244 0.000162882450345236 0.000491470477392397 -0.00848453941183847 -0.00117858758577505 0.00620994703523969
0 -0.0391400688369714 0.211347347940169 0.230611454202098 -0.141616270621142 -0.115855331512293 0.506438792704813 -0.077778826213585
0 0.00689679760967365 0.00466863467612244 0.000162882450345236 0.000491470477392397 -0.00848453941183847 -0.00117858758577505 0.00620994703523969
0 -0.00518616508119463 -0.0288581110713819 -0.02380535642396 0.00754785296516358 -0.0100810059314811 -0.077595236911455 0.00315116860897957
0 0.0436488506233044 -0.271694467791787 -0.298243931611035 0.156971795905562 0.127275529617364 -0.770187039493346 0.0872393944542544
0 -0.00394393552239336 -0.0104525588546895 -0.00870197035354048 0.00311648592933933 -0.0170987909889808 -0.0295138490939575 0.000979517494559268
0 -0.0876384173236939 0.427099680781609 0.478529043208139 -0.264113416911957 -0.204078784059101 1.16209451631751 -0.146712512839187
0 -0.00306860942028342 -0.0170061706403613 -0.0161178987896817 0.00570161141469017 -0.0150864805774664 -0.0542236773281175 0.00251948305676963
0 -0.0262750087594057 0.0977968047347986 0.115312481547901 -0.0635623994287862 -0.0539925663634033 0.293215838793609 -0.0303485891631068
0 0.00757630184386882 0.000110307147168864 -0.00502430090977724 0.00239598553309905 -0.00695190250057509 -0.0182671336722287 0.00741352593392541
0 0.0491193172813356 -0.405457102507599 -0.433292300309803 0.225916197600952 0.19232449870385 -1.11813443435169 0.121620784327861
0 0.00507002456420347 -0.0709240680471366 -0.0752860656151664 0.0259094790508327 0.0227455484990382 -0.251387257905926 0.0136232828666727
0 -0.00328688313338343 -0.00478383083592337 -0.00107149904971093 -6.80945339444072e-05 2.59324583518072e-05 9.31541785238466e-05 -0.000857100762130081
0 0.0214318821880921 -0.126259847449077 -0.139143966686729 0.074703679426257 0.0587892607565799 -0.353550796222485 0.0420821202022985
