0 11.201513373434 11.2104921384792 6.16911771053464 10.5198628367245 8.14165594499635 9.21641220758585 2.92774470084358
0 -0.5894532861545 -0.55444202836579 -0.552468300933407 -0.340828334299103 -0.819673733409265 -0.628738304814019 -0.886317231874792
0 9.32362513034584 8.78844845389121 7.79779546402031 9.11833860857295 7.86155166132835 6.52331321854423 3.88318108903171
0 1.23930337129372 0.474725365111447 0.898599322548449 1.0320664192592 1.60941840877804 1.43051587755096 -0.756160317650965
0 -0.678016028979824 -0.696524944002918 -1.16410623942671 -0.334849909218323 -0.98610948161005 -0.552862235113689 -0.222760070441569
0 -0.870492668263988 -0.386560905933784 0.0669322117257649 -0.237914676825939 0.513191239934208 0.137794969175416 -1.59484256613429
0 -0.745392816119096 -0.767469648658374 -0.802072142605787 -0.492234918765283 -1.14447710944104 -1.01273959832001 -1.20969841820096
0 3.56134526998371 3.23994142230343 2.96701338924604 2.18579324105282 -2.47274525548293 2.77400312518976 1.47343937536244
0 -0.708155296554858 -1.06893785624676 -0.998131511504612 -0.687829596202497 -1.27844109770992 -1.94357939757855 -1.13064578532173
0 -0.85511181498798 -0.90930613824664 -1.50294135473445 -0.466531219809907 -1.15225951198957 -0.742565317422365 -0.275995762076713
0 2.51980709675136 2.48668447933344 1.48617788733811 2.3194252392547 0.480020234250116 0.267874364599479 -1.15784628221334
0 35.9932848415094 40.9265103648216 47.8931836811844 58.2695551928455 45.8226532746314 48.0880800244675 47.494057165266
0 -0.5894532861545 -0.55444202836579 -0.552468300933407 -0.340828334299103 -0.819673733409265 -0.628738304814019 -0.886317231874792
0 8.67553892115951 7.9630387376255 8.10754757495965 6.63122610180486 -6.06438557370868 8.06409161323083 1.35707050591666
0 4.36944333494315 2.22423372668941 4.06600116937756 0.299091314978064 1.62094186916584 2.92194205685947 3.5290027389109
0 11.0497856351175 10.294299904899 11.5764556885487 9.39781666213757 10.2958733624521 10.8848718394861 8.59891253142451
0 -0.723918208430253 -1.08709543529884 -0.985432801986678 -0.681697027705523 -1.29915688544094 -1.93428770662041 -1.23059526292611
0 9.01640582562376 8.49759994912566 7.95260943537391 8.69726975067543 8.5486068019975 7.76664030100493 5.16407869764599
0 0.787245155756636 0.24575076074318 -1.71290989270004 1.45107200892612 0.234985806805239 -0.400360508627226 0.0314460164363322
0 2.38530062367668 1.88149663950206 2.75981420881601 0.467009177952916 1.05740583391535 1.62797196304794 2.85979962445633
0 -1.55694300238485 -0.0777350521949018 0.727863275676682 0.296549441998083 -0.356797984866066 -0.685830676375509 -1.92162223287435
0 15.2568265296469 14.5889456359732 14.2951761193648 14.3120186404078 13.5656841120008 14.8604091836351 4.95617837701316
0 3.6413896492704 3.17465396870759 3.34476688542051 2.93208898129287 2.89014148749218 2.99257342442617 2.91578202171281
0 3.6413896492704 3.17465396870759 3.34476688542051 2.93208898129287 2.89014148749218 2.99257342442617 2.91578202171281
0 2.54920997357151 1.78985237595399 3.22212748388054 0.141152819466961 1.18923804556433 1.85624269856952 3.05392380613187
0 -2.8258452084934 0.556303851676938 0.303593456238303 -0.119064607531448 -0.762519389135342 -0.279385516919241 -3.48542615154279
0 -0.5894532861545 -0.55444202836579 -0.552468300933407 -0.340828334299103 -0.819673733409265 -0.628738304814019 -0.886317231874792
0 -0.5894532861545 -0.55444202836579 -0.552468300933407 -0.340828334299103 -0.819673733409265 -0.628738304814019 -0.886317231874792
0 9.17244065989846 8.52796661691276 6.18850768918958 7.8528480099249 -7.68478204681323 6.83931579354612 0.431420191987355
0 32.4591858989876 31.1341195610653 31.245246223755 32.5263717146194 30.1064872154506 24.4961033822776 11.7476607991014
0 18.0465315296363 17.929907164422 17.126507339016 17.1843231210802 18.661551629117 16.5829105056448 8.1727379851239
0 4.5066451284329 4.83842796866312 5.02560048828097 3.88882816867928 3.5674738134904 6.20399284970378 4.41639903855984
0 -0.717715101754553 -1.14325463893912 -0.982590817707428 -0.691841385009908 -1.27139981274798 -1.91192882863485 -1.1745746165389
0 6.337711943188 6.89051595793308 6.97150520355789 5.12299642633941 5.43983152060124 6.20339103196657 2.33577551423062
0 -2.3047188027453 -3.47746766974088 0.0287631420752099 -2.42199748658584 -2.17342115656774 1.18014938944255 -8.50024172327502
0 -1.61030368959324 -1.10880985311816 -0.206836345486634 -0.954825415293547 -1.30802947703991 -0.421087039198373 -3.35146361821342
0 2.2565877243297 1.74179869289716 2.86083330127537 0.218572749769807 1.04235110398645 -0.425777966901678 3.01734033037406
0 -0.743768294607832 -1.1930172873623 -0.959795897186535 -0.679425703243044 -1.30725551272998 -1.89795783392907 -1.38964522942786
0 -1.74985172945153 -1.20390748489195 -0.624544037129477 -2.36949690245799 -2.809391343416 -1.7331449806539 -2.44859545230803
0 -1.77345098163199 -1.09682214028976 -0.102635827252055 -0.624861583437886 -1.46785790210212 -1.89228719745712 -3.38952559205855
0 -0.730844828607655 -1.31327230833848 -2.84011753891131 -0.740624369334214 -0.692099978147658 -1.8853113104981 -2.00326459662583
0 -0.722482289067748 -1.18742007932569 -0.971262411849919 -0.696190832550184 -1.25850648072657 -1.8867389208686 -1.17207305070415
0 30.8957241764793 40.1373186791597 42.8286372620227 54.6759581819377 42.2465420243998 52.7693054361584 43.8835027342831
0 -0.693308967198182 -0.856099741234249 -0.869709546352915 -0.59763251970676 -1.12422164699721 -1.56236628747496 -0.928716665798997
0 -2.68336860750091 -1.1143504350587 0.372386854847079 -0.562335318706023 -0.63120046126821 0.170592204228281 -6.64984743998213
0 -1.82535211069165 -0.312146716976274 -0.378572256255081 -1.23811026124759 -1.74267371164268 -1.25908422354867 -2.00824561330868
0 1.02136408791721 1.19478271871645 0.419506891017852 -0.402940447897415 1.02185215096722 0.854562834476739 1.3472778142394
0 -0.687444716812735 -0.979322922020409 -0.867383814283357 -0.624757948786984 -1.08281769474786 -1.53011633495906 -0.910532263049652
0 -0.438567226356039 -0.668877077593517 -0.406665646442635 -0.591601987413173 -0.68903088164625 -0.765322453653266 -0.157006196515036
0 8.96746642918404 8.44666183920286 7.94963782842302 8.63651166363296 8.51958352444237 7.75804035199613 5.2337331825066
0 -0.560297027924101 -1.18423636906755 -3.23288575061082 -0.620926372057774 -0.464585380607624 -1.83323586735153 -1.71081677030974
0 6.3835007584202 5.74336413745395 6.59425846715135 4.87763389537791 4.88862770411116 6.22385841805223 5.39418978685579
0 -0.788331807522414 -0.999965812883999 -0.91343619257472 -0.606273430970949 -1.39464321618104 -1.69803645721817 -1.69896291093108
0 4.04192486242051 3.56254148563041 4.08717990912838 2.08807756739623 2.97361397838677 2.5928596080011 4.6668800659445
0 6.93618121945828 6.54042222138517 3.67621158938608 6.83341744712186 4.10084559934591 6.04328103400013 3.9946616974327
0 14.9284570556222 14.2909865182767 13.9104358083418 13.948221476756 13.1723628551658 14.5021040262726 5.08911039365958
0 -1.61482030920572 -0.527039153235582 -0.116355917088077 -0.446061838951352 -0.823818341939182 -0.470401402976381 -2.79122869202155
0 -0.811549536146363 -0.90425591543339 -0.866523232579854 -0.542754370265353 -1.39521255866834 -1.05901469288554 -1.78811068377797
0 0.959207651152755 1.38925406491556 1.58655877626483 1.05808490917252 1.00285652804188 2.31390143114865 0.728944998298383
0 11.9825431396461 10.8836299394757 10.7597881068421 10.2744256743723 8.92770887604173 14.1499589973179 9.68820045096437
0 9.41585197521094 8.88287645077682 7.93909030060247 9.18570757946995 8.27901823528446 7.11142253160388 4.0993432789601
0 3.6413896492704 3.17465396870759 3.34476688542051 2.93208898129287 2.89014148749218 2.99257342442617 2.91578202171281
0 2.01178399716594 1.82277160571775 2.67658484057731 0.173132409104486 1.11259486513711 -1.60119755979317 3.10092032393599
0 -0.678016028979824 -0.696524944002918 -1.16410623942671 -0.334849909218323 -0.98610948161005 -0.552862235113689 -0.222760070441569
0 -0.810021748142777 -1.21422257352428 -2.33001841868339 -0.381747717000856 -1.28120624094187 -1.15126435335928 -0.743363561981086
0 2.24295084344667 1.91138938136653 -1.40904071404345 2.46656368189319 0.532121219922508 0.765140116697117 0.236999819267032
0 2.2900942486941 -0.640631367391773 -1.61663417873334 2.94179283054913 -15.4108989655303 -4.70882437766799 -2.55935853157828
0 22.0813473753778 41.2944523682537 17.9265320737731 52.0074534819262 39.0119188521613 43.6589534497747 45.5532901293058
0 0.332880490329451 3.20093378148183 5.80561615164781 2.78043032660713 -0.387974927442613 11.9802168492932 0.82913386175213
0 -0.686579216110518 -1.26618914071342 -2.96224275167669 -0.719972256758876 -0.616349249874205 -1.89519637038194 -1.84107916610693
0 4.39271716698256 4.47494480296917 6.71788016810233 3.43447416319589 4.40734413253466 2.3768688286374 3.87846238573145
0 0.507408549445051 0.773664462954837 -1.11426240276996 0.846939921443421 0.585345485708064 -0.585914520884671 1.14529817956928
0 18.1942559770868 21.5366920134675 22.7100986543905 25.503302603778 28.5782884709007 29.299051826432 24.0536186403249
0 -1.82829455607916 0.0699468082104624 -0.358568678288458 -0.919950048355316 -1.79158473236907 -1.26739211773785 -2.00304256191178
0 19.9997300867802 18.4789957929752 12.9293363853803 18.6780242365798 -16.3706402328109 14.8795775092123 -0.177168812262384
0 5.95421291406034 6.24275005417643 4.83526146133209 5.23618525555307 5.48262333735771 5.73904852038291 3.98937010207215
0 1.24222509701445 1.41373058314136 1.44200511457713 0.0659681754605135 0.768077496552115 -0.666915380066373 2.54238799293586
0 6.17047700553538 6.28057813364673 4.71623700470171 5.61182590647457 5.04252465981609 5.95819096234136 4.1978382335767
0 8.62600185357238 8.07326326788842 7.98041505822809 8.18021095379024 8.24352389401882 7.61316780345718 5.65047159206022
0 3.6413896492704 3.17465396870759 3.34476688542051 2.93208898129287 2.89014148749218 2.99257342442617 2.91578202171281
0 1.0265555925427 1.34770190920841 1.5693696707773 0.435471176864148 -2.56245900610979 1.10201373195601 1.34473297862645
0 1.85998830549926 1.74770684347128 -0.226652379549364 1.88331494282543 0.838517288375709 1.30399541583723 1.39997344475494
0 -3.36844701400512 0.441967290253443 0.928491364270187 0.732002266225882 0.254961734953831 0.896083093255177 -7.50843241506329
0 -1.27222771007989 -0.500775992468843 -0.0551475094815701 -0.0647663669011127 -0.615345749569145 0.515646298002522 -3.4997044579918
0 -0.754967889441982 -0.78895583536371 -0.761273080377235 -0.445931133957983 -1.1258740856264 -0.833801965114846 -1.4063299564935
0 17.8905365820243 20.4347141270589 21.0191174950985 14.1178095426199 18.160834722478 18.6484261753997 20.5054635509215
0 -2.82667529438675 4.1966768401018 7.57896287737043 6.95050241728817 6.73641206074876 3.96269216245852 1.37248829478311
0 -1.56838136034038 -2.54503656501617 -0.294623736048107 -1.54919842692768 -1.46138973901397 -0.0586233948982557 -4.45720304933332
0 4.69771340870548 20.7682776766865 23.6745649854634 29.4670992774179 38.7603779708017 25.5219163177023 19.9551692101264
0 5.61182023046657 5.82879361390526 4.09912047730243 5.56854618298289 2.32564446250425 1.74194653241146 0.389871719140775
0 -0.542445212070796 -1.22687974503643 -1.34555429946717 -0.727640727677603 -1.20025519386401 -2.51660682083092 -0.833327391153208
0 18.2935725531637 18.1384020639771 17.082860605429 17.5178319294486 17.7939089610295 15.2148692142139 6.94793042880162
0 -1.54221378471872 -2.71771358465872 -0.415626978981834 -1.45411042810443 -2.1520931461922 -0.275293107616174 -5.67093401506379
0 0 0 0 0 0 0 0
0 5.96382201956385 5.42189560472077 4.67965234270006 5.70118616870522 4.54208104487948 7.87218236850524 3.91602700876816
0 -0.719759183713111 -0.783679260993715 -0.844700706053505 -0.553466088659579 -1.14636097803383 -1.38531994371849 -1.02122246725835
0 -2.37322759071811 0.815226418053953 2.48272180714397 1.09761542383805 1.12906839537063 1.5014957464499 -0.755181667760024
0 0.770624476424426 1.24786569907044 1.66882046847079 0.431971180249423 0.957658950882952 0.966882120635558 0.968568386993917
0 0 0 0 0 0 0 0
0 -0.704045118683838 -0.816875323497895 -0.860895977173584 -0.580231720228752 -1.13654544263578 -1.516341164857 -0.959540064159067
0 -1.87475732674893 0.896925236696257 0.537286191148907 0.945822906451697 0.308340020696591 0.286391535812024 -3.63877414763825
0 -2.63079400961964 4.67747855832761 4.217431190894 3.88190484619924 3.88935789779046 4.43411571273281 5.70809761973421
0 -1.71272281997598 -0.65010183725271 -0.235701980260594 -1.12398360308769 -1.14937048869891 -0.817968333317614 -1.67633954764794
0 -0.766549985575792 -1.19584179982524 -2.04773354691587 -0.721882049065211 -2.60336345018522 -1.39629113997659 -0.287020243322747
0 11.7616355433769 11.8880195189937 10.8451231377981 10.8420294367692 12.5671409065894 11.7886762435024 6.71388111557587
0 0.837202200139402 0.294513071996092 0.283691352730425 1.35654501146183 1.05319011164949 0.172113451419113 -0.616406700622864
0 4.38123761396276 3.62807492194805 5.25811573534958 2.58009558990799 3.19425044842698 4.92486272163649 4.64453675506292
0 -1.73255335354453 -0.940786279823422 -0.866039977692733 -0.238305927212046 0.167372055398129 1.97091475001523 -1.62725636464916
0 4.16653967391961 4.62668010402994 7.0470604140781 3.55637628408001 4.26907991552243 2.58441128192252 3.37361967875469
0 -0.5894532861545 -0.55444202836579 -0.552468300933407 -0.340828334299103 -0.819673733409265 -0.628738304814019 -0.886317231874792
0 14.1075295364759 17.6538565661284 14.9644270766832 8.96296167752605 20.3252484510358 20.1542951781795 16.5203831644081
0 4.00979202740378 5.5656591682216 4.45372708649511 3.46309219562425 3.99787641080022 4.61136481367748 4.33470334533569
0 -0.685786352989141 -0.921477107648416 -0.873138169306925 -0.614888511815278 -1.10323114445645 -1.56065896406253 -0.910876214418082
0 0.799213445312176 -1.30324472937246 -2.42724261317639 1.18692212907392 -8.00026940004604 -3.49173296850562 -1.57177196560667
0 23.746050034727 21.5037168995661 22.8649900093814 21.5037269188946 -19.1055119695451 22.6613967873647 0.700338734804401
0 8.05190791680031 7.36273744984748 6.66642283751422 6.53172658200295 -4.13782587552584 6.81667113887552 2.76868225617247
0 6.6172837096347 7.01102107959922 7.78034115212923 5.0711897617559 6.81386098471978 7.42844780130869 2.95215674858574
0 15.3476815809108 18.6783998813614 20.8085731262344 15.572124209479 10.9932349021758 23.6037200198539 18.8765266717821
0 8.56066259650203 7.99829262799467 7.99251407416365 8.08572585883215 8.1788733655442 7.57289815737623 5.71878109702855
0 -0.488755351701222 -1.87000105050372 -1.07566296814005 -0.786238740357335 -1.61004463859938 -1.60501170378179 -1.50786465484817
0 3.6413896492704 3.17465396870759 3.34476688542051 2.93208898129287 2.89014148749218 2.99257342442617 2.91578202171281
0 2.66741171978777 3.21640396547821 3.95591130887369 2.43208715674594 2.73056723251433 2.34909332722237 4.19186103509478
0 6.28297695594361 8.30492933622681 8.59995404516358 4.47218170157858 -13.5224023466201 8.52807160290928 0.652457206901966
0 -0.259753223976459 -0.701552911187867 -0.575542945665172 -0.656103349121013 -0.865539702611768 -1.67161007347603 0.013020272009209
0 -0.669874493198968 -1.50699917840408 -1.35268539734594 -0.818640222067023 -1.64038386786646 -2.95133933834147 -1.84523455641357
0 -0.744065948635802 -1.12791621982375 -0.965928547035093 -0.67126267775859 -1.32557334109629 -1.91561242996711 -1.39781524668912
0 2.35291440669998 1.70627311700636 2.82554475406511 0.120801383310551 0.971324190554525 0.99217984243462 2.93725363662214
0 -2.38229595404447 0.406157479609537 1.40685686744385 0.964507424843561 0.396059966426376 1.21202069068961 -2.46677826714823
0 0.395208071401123 8.42676963406015 8.88257383821292 8.36073210072482 7.975789750063 5.52381171258846 8.21780527761596
0 -1.53680629091815 0.162174564014465 -0.323327519254939 -0.802642745834957 -1.43524042505603 -1.02959326887696 -1.62630594828548
0 1.12273589326143 1.35876247468462 1.77190323337433 0.377920723058258 -2.63612761268435 1.17848549969875 1.42342600088972
0 14.2027911784591 13.5685770228891 13.2271776069317 13.9287380209071 13.9929858145015 12.4422397866272 7.96831723599848
0 5.87924295569116 4.72164187338668 6.81801719637386 1.85145972268317 5.02936029713496 4.71935048005165 3.52933973410868
0 9.49051887581132 8.9502787007386 8.12211610573855 9.25140824608964 8.69196248192239 7.67256599818287 4.44152409918018
0 2.09433826334104 1.87329721983252 -0.89419266083955 2.26567770552404 0.798278219994696 1.29133867432961 0.878130759030021
0 -2.13683739114557 7.78072802315741 3.33220551089721 8.62156078792723 6.51769308558218 8.945809907124 9.75659254477813
0 -0.438669301165467 -0.832841514362633 -2.84667377342397 -0.616824437728712 -0.33274792037195 -1.75823964463495 -1.09116480713596
0 0.555335770717426 0.669302831832649 -1.33788870347466 1.07444956672148 0.593830133523933 -0.530090827050383 0.909246058480351
0 -0.772904846031136 -1.02971508536436 -1.04379587736793 -0.708010545886099 -1.55565139960856 -2.05629031773459 -1.71274461169519
0 -1.53549866913897 0.495723944889546 0.585603263580424 1.02433430592858 0.69612371116557 0.462745162216958 -4.39424570082264
0 -0.753862783358701 -0.739374389420469 -0.484726600023967 -0.328362115192495 -0.424044087273123 -1.41817536291242 -1.24793541882845
0 3.50554356984787 4.48026356155495 5.18351243633693 6.60073401520433 8.91478033504603 7.10946478448411 5.80588805436919
0 3.9497178765467 3.53272392193445 3.51205602430332 2.57436442498153 2.42665306039617 3.5336341389155 1.74590674693218
0 -0.418292803244327 10.3415269051106 2.48113036839772 15.5220715642128 16.1344502458103 14.8121183563143 13.8041316119182
0 0.789157016358127 0.278985674845769 -1.7200162021298 1.48229710527508 0.283915068120976 -0.310541700091792 0.0652225964172892
0 -2.24145433825853 1.03154239007253 0.440557229481382 0.87300893002828 -0.308728727465122 0.252571751077729 -4.42623664593126
0 2.24283345620262 1.91866586027661 -1.3888140390495 2.46590538771397 0.563393669162713 0.833007016331254 0.280954031306979
0 -0.823481643062929 -0.933081268517875 -0.83372346829398 -0.506812656031794 -1.38810656813549 -0.955775577022678 -1.98977525202598
0 -0.819699371294235 -0.963112389099916 -1.70957253751036 -0.579199555446244 -1.4316252984179 -1.1763892363099 -0.219904360928676
0 -0.584917349768576 8.22896057999038 8.13191368203184 7.27841925165746 6.5603993351485 7.59058070936583 9.15523264252459
0 1.57000175609682 1.63376013630585 0.468586598257493 1.22490550055141 0.759931721507393 1.12601540767968 1.95570059452382
0 -0.678016028979824 -0.696524944002918 -1.16410623942671 -0.334849909218323 -0.98610948161005 -0.552862235113689 -0.222760070441569
0 6.04562947097858 4.30109741581704 6.75233346801266 1.18158171997931 3.070874362322 1.84940787329758 6.00818795170556
0 22.2518825659189 25.6297434746065 24.4067901716183 19.1536272064752 31.7378667433541 31.5293732789201 26.1178996044488
0 -1.52377465570448 -0.610406545182038 -1.27145899324926 -0.133173762972695 0.208668997293443 0.435561691967583 -1.06053242483789
0 -0.919236430862631 0.205174715132875 1.29766500950815 0.0902867503409635 -0.480682758540329 3.07840789763731 1.21262794570072
0 0.790109495634961 0.525673065132015 -1.42895436069363 1.56004947583448 0.822314947031785 -0.447192189990766 0.796160823532722
0 -0.693979366559546 10.4629068961422 0.679428371843258 17.3454095842598 17.0035522586769 15.5602794254604 14.2655876035146
0 10.0237340484793 22.5262376490005 8.04330168080315 39.2025250315625 33.2354081654944 26.0585903566772 29.4417671844172
0 27.3714052870412 31.4330994398302 35.7390215296514 40.3837167524698 33.275886115339 36.7050700413636 35.4860290484275
0 4.45762801791815 6.18266619668895 7.02257133999823 11.9879875559549 12.7039062517836 13.4342720092159 8.10304228972496
0 3.60933015663975 4.20063602559483 3.31437784178387 3.18086808434314 2.9787998193344 4.62962423327048 3.75605623502758
0 3.56134526998371 3.23994142230343 2.96701338924604 2.18579324105282 -2.47274525548293 2.77400312518976 1.47343937536244
0 3.6413896492704 3.17465396870759 3.34476688542051 2.93208898129287 2.89014148749218 2.99257342442617 2.91578202171281
0 -1.43546577111398 -3.58601394945095 -0.812276385645937 -2.38462601682413 -3.46202839456332 -1.2934154238023 -4.17075210715504
0 6.50529802493556 2.69937385526094 3.87355983593722 0.726472017529616 2.15708582726022 0.477099442468671 3.90447742430823
0 3.54420176390343 4.27745580577132 1.18548700439529 6.09505728074994 4.51265741869791 6.86715123898603 3.49158362430942
0 21.1944863747172 20.2633795384898 19.9959020724745 21.0805715760608 20.2800830159804 17.270525760037 8.56248208535607
0 11.8401576550473 8.42662967074056 12.5126680236045 5.30984438535393 -16.4497733513041 12.9266370513247 1.80944852868723
0 1.74693156429576 1.37903721624477 2.22481452215855 3.89799302097665 5.2884743526632 3.16689551295996 -5.00414125100523
0 -5.63234165043831 0.379387832521296 2.64750468753586 2.89743550060016 1.51359387277974 1.35701019171973 0.802303896947116
0 33.3541585579788 31.9627562541881 32.1081143534086 33.4353553806461 31.3117019843009 25.7626880254477 11.3858697841657
0 -0.576995530749542 -1.24416951436995 -1.33560076604081 -0.750017493157957 -1.27747912329477 -2.58804096611198 -0.943362412946758
0 -0.371849586168319 -1.55270685905694 -1.9594492077148 -0.709733830997028 -1.27216316890893 -3.65720869511032 -1.27390584604286
0 -2.95554905242709 -1.86491577308566 -2.34544673575289 -2.63376527807328 -4.52986751644092 -3.31580264827721 0.438438758978939
0 1.81248858399554 1.57792814401113 2.2011869442569 0.0906417104495327 0.873799928179789 -0.349016896953315 2.79259329700486
0 2.41753346686782 -0.140702075090914 8.02241307571972 1.5626121944379 1.77068882831396 7.84754311377033 -4.76188546964285
0 21.1840631326323 20.2281747847292 19.7589456630112 21.1215099571918 19.2690559352451 15.774604065354 7.57921101750983
0 -1.6245658345526 -2.75974212624737 -0.589626734493234 -2.43149097903254 -2.89713516213071 -1.21032219641468 -3.61880050425628
0 -1.25600923327643 -4.11427984122335 -1.07400940668164 -1.62081786736697 -3.4861974222611 -1.11495615021029 -4.99399054748285
0 5.32557812352849 4.45052508717229 5.32170433079703 5.5878740486787 6.07691158029991 4.72606110576001 0.415102705833505
0 -0.678261208767589 -1.10737677807215 -2.19906738867219 -0.723746253732541 -0.523939740013383 -1.95780738488976 -1.58307705087823
0 34.8388241762914 51.6416770643585 74.4560498512178 68.784144656337 72.1243397565462 57.1582843062005 52.9383370713099
0 2.57006953251194 0.141260333610454 1.46743621944383 3.30612854618203 -15.3289047664213 -0.56493946805343 -2.35173575247549
0 8.42033412158706 9.44789664033357 10.0120350460729 7.35224383190997 7.75259408842177 9.02521547578625 1.46351983357915
0 11.6695047339605 13.4923395814876 12.2388869785943 7.50837515701926 15.9307570668273 13.2312312882379 13.0311456086026
0 -0.867963231752284 0.775582696170504 -0.114507428253393 0.286407674469991 -0.574967663253449 -0.171806368862975 -1.63614634259909
0 -0.708963857597143 -0.804308215129927 -0.856258160727011 -0.572242233029086 -1.14041568287746 -1.48333745606608 -0.976435080298827
0 -0.241675110625277 -3.17548250814528 -1.29822880184441 0.614599524115762 -1.89940371471828 -0.964075070579145 -3.99796481992298
0 -0.095940614112159 2.88569971735247 1.59556822042125 3.07661349737688 1.97017285305479 2.15372529279685 -8.1029362461889
0 -1.8948988342014 0.67372405718099 0.544378363278892 0.893716249608773 0.362030583603612 0.40598609830331 -3.77621484201621
0 1.59604033945043 2.24639355037173 -1.06576652051529 2.810216798086 2.42063470862059 0.759727406263835 2.51906550405065
0 42.4272638220315 53.3321400109816 58.901904890936 77.5623622653322 57.074894237306 71.7977237827374 59.878303236159
0 0.766119406507044 1.24687904953301 -0.151452279786633 0.295789716909467 0.856613059867576 -3.77318488557087 2.17138745553096
0 0.588675925861531 0.2174582110319 0.776192375153603 1.146659503954 0.936289446971984 -0.163629214729799 -0.609163354960866
0 0.181371237160471 0.602071972936731 -1.61413296254477 0.388016623968455 0.358328470911029 -2.31999107363311 1.06142599445045
0 -0.55662853519095 -1.22795858623845 -1.35212042562104 -0.73787896123484 -1.24461102224985 -2.57838984264671 -0.901597751072124
0 2.07632465398536 1.45285868211132 -2.4950559169463 3.78376020733944 2.13826032203166 0.251532247078535 1.22167595525002
0 1.96129063695803 2.90071200843153 1.55934335140164 1.26307701946152 2.79245814021594 0.245859243518439 2.86165411108886
0 -2.80242291199115 -2.97985982741958 -5.76633013504781 -2.92810618043465 -4.12307417734233 -1.16671317584197 -1.48868537207434
0 1.97643371821338 2.86223649427765 2.74951804536319 2.32067988937004 2.43389916936524 0.994432178055385 3.7644713063389
0 27.3381751538356 26.1575310339134 25.9844850146388 27.3543520212812 25.2986651557948 20.7362685847822 9.37470117815942
0 -0.508045703081119 -1.33335169701226 -1.48396748784322 -0.72693071242222 -1.21147219466891 -2.74526576899844 -0.930629326968925
0 3.22081443020158 3.10382995985037 2.867185963119 3.4245462939491 2.75830465368583 5.90609719151561 1.67961289226886
0 -0.772033768465331 -1.06361034609894 -1.13950551042895 -0.773980457757514 -1.71494595835822 -2.25736012939069 -1.939691554458
0 11.8070504199249 11.9233688406736 8.21990071203278 10.993270270089 -11.4676998473995 9.50628922450491 -0.614390120765851
0 45.8221178611739 43.5655048022511 40.6200907512778 45.2068497074778 40.9949807118684 43.989459222512 10.0487266893648
0 3.00175076566322 3.05844452976959 3.33548075158477 3.42253563679166 3.44252619632888 7.40883188377752 -0.0490843028764871
0 27.0277453444383 25.8757949614821 25.7501836960326 27.0277399161586 25.147296271576 20.6897318825834 9.77573785554903
0 2.13694212040626 4.38555714338008 3.15392114439367 7.52487586064336 7.21592338286418 8.19132763298554 -8.62227697652463
0 2.21369079159534 3.47919141753355 -2.22525316373063 2.72613766659486 -11.7896137753837 0.851461444409376 -2.47926703851223
0 16.9653483225431 18.4411269858915 14.5940061806857 15.6384074052668 -20.7337675437143 15.8214711933565 -0.122792945663818
0 3.56134526998371 3.23994142230343 2.96701338924604 2.18579324105282 -2.47274525548293 2.77400312518976 1.47343937536244
0 48.1029928171054 46.4016136181582 47.743517596958 48.1482576347678 47.3373581074728 39.8804622247955 20.934529629908
0 -0.29361796733626 1.73275408436112 0.635485517684828 2.06612288801168 0.785522445235096 3.35969779237878 -4.02463212421247
0 -1.34119971827842 -2.29381822211677 -6.56682593730896 -1.72399666519654 -6.19471765325822 -3.27878135116235 -0.966727846472164
0 -0.5894532861545 -0.55444202836579 -0.552468300933407 -0.340828334299103 -0.819673733409265 -0.628738304814019 -0.886317231874792
0 4.42477786760438 4.76794687968929 4.25358821973096 2.17164814838774 5.31436834411285 3.73344235060289 4.23447473859962
0 32.6381105724552 32.2532797945863 27.5736984466168 31.8880244361247 28.2819441479782 30.1794944494998 9.41709059938373
0 -1.62447753709416 -2.72185207974192 -0.224038502195339 -1.64051565574944 -1.00505004818302 -0.031579298377864 -4.07326361496994
0 0.615242519927341 0.609271902262836 -1.55428729093076 1.13295430239557 0.742871096364894 -2.61255098580758 1.05554435849998
0 0.968068166604852 1.4032958431832 1.57140871738272 1.08969062703112 0.991993070999143 2.3536296666633 0.713049127605383
0 -0.819278522587732 -0.565131564043416 -0.920265480198092 -1.42845111933216 -1.32480849424956 -2.84422042128843 -0.0539207311390584
0 11.9645365273837 13.7928842832484 12.4538926928443 12.684049776954 5.70946516125364 6.90523090156518 1.63604790867798
0 -1.47345966945282 2.29664473612199 -0.825813756424786 -1.64669634028223 -2.50569201604512 -3.47930143581896 -0.33145523513828
0 -0.546238429458546 -0.423399069385985 -4.10270221258202 -1.14743103302283 -0.124821644513743 -2.17987459023296 -0.46440732517032
0 11.2318941545513 11.2305324543935 9.1583485388916 10.735992268083 9.82274121695626 9.71274108187107 6.56028987216085
0 1.32628541814026 0.978319756054852 -1.82229441822504 1.09956083774436 -8.68217500967762 -6.03772798661152 1.12090739276541
0 4.72565892793779 3.64750229340009 2.60567531803312 4.2805371130476 5.71559677312064 4.01574806845571 0.987173773455664
0 -0.577614062398567 -0.702716456194214 0.18271344017421 0.0671502427573327 -0.0540701534910504 0.422238826227959 -2.86333068696325
0 28.7951238233967 53.2983309125528 58.7791511388638 64.4705346397114 63.0416663649689 52.3357608851437 54.6630440407467
0 9.85261504164809 14.4702141591773 8.58139732149512 11.3082166238746 -26.031209136178 9.4835356099125 -5.51308293920785
0 9.7813018547724 9.75860114758874 4.80487233276411 9.56896808496575 5.92515714516948 8.94868921830717 5.26609102700839
0 -1.31748331176099 -4.06182385711958 -1.08518564598912 -1.85846132913068 -3.6893211680116 -1.5110310358224 -5.30099734746277
0 -1.78146867057413 0.202904653316075 1.13864391436993 1.57734662801262 1.48239269357088 1.24547180577868 -9.39651711708384
0 -2.43492250823929 1.74122663820662 0.339981913910568 2.17670387151611 1.69053613820948 1.29176687004687 0.0280324864675059
0 6.45614020152407 3.14194492246293 5.8819078451754 -0.941500480985205 1.67618047610936 -2.35148433002697 5.14566760709523
0 7.84743964057992 4.99691047727435 8.74068082740444 -0.035739642395523 3.08643214896306 0.617750747888859 7.34546797417035
0 0.379996026599919 0.670883671114525 0.464881522717112 0.214744668959028 0.957846609469472 -0.901671334327928 0.298362440229427
0 14.2543549271244 13.6324640293464 13.0515566152862 13.9910793895176 13.5597076409677 11.7950587604405 7.27620255582167
0 5.7666101691656 5.53440612418704 3.00140409722184 4.67707202156268 8.2038900097132 4.52702395559408 3.48030121242778
0 -1.93340479127779 0.405141733698846 0.558115736173516 0.440774283082361 0.765229808270913 1.21658431005073 0.18132864353394
0 0.384303917561116 0.582631354171482 -2.07508238150208 0.477544904328317 0.54217863524522 -4.9136384270243 1.12634435038294
0 -1.64223593297789 -1.08922293301168 -2.23180156101986 -0.57278890433111 0.0485135658017306 0.458050361553002 -1.78645176449338
0 11.2112731701017 13.2873146167831 12.2197181625492 7.66082719426359 17.0417902447552 14.203471011766 13.3177686148014
0 -1.44464902359996 -3.56769343049304 -1.16504425608606 -2.70471195187057 -3.49807388836107 -2.42536764302851 -3.69416295567196
0 -1.63805836521093 -2.10065418376674 -1.26204816506275 -2.88768768205956 -2.82865645191654 -3.07787201794841 -2.44787959388785
0 -2.97168622134329 -4.41350883026266 -4.12313437629478 -2.04941604919255 -0.445347190231445 -4.64047569713133 -9.6962511372202
0 2.05919306973526 1.6381459452599 2.5109852087937 0.112587047537807 0.925020748590234 0.929959503830377 2.83359709521255
0 0.731566400448357 -0.376976208904566 -2.19067780589108 1.42508471805424 0.109478825243515 -2.75644797223269 -0.362560442965107
0 -1.7468244465821 0.25428017779233 -0.189328359165017 -0.120500438130643 -1.36195612800578 0.427832086929574 -2.87067310533051
0 -2.955354402184 -1.79208484177381 -3.75105884685245 -2.54090780274605 -3.79683077533838 -1.44596720599085 0.132423524198872
0 1.4906782684359 4.06745952291124 1.22966558573454 3.88768386243984 2.19118108097659 2.6222858158468 -3.70315745632615
0 -0.467968419640852 -1.78222547862303 -1.8528525787695 -0.794757899999331 -1.4994741737474 -3.76224539213789 -1.59372704710628
0 9.79687848118401 8.71395930515759 7.18147145398074 8.31648539939217 8.71448734459525 8.0637275367514 6.91858829257745
0 2.62955463716148 3.04015118721236 1.7327378288647 2.58904792313924 2.68790931923101 2.97490994737857 3.56507288437369
0 20.4107938430396 19.5528649015771 19.310143793261 20.2459284608127 19.6695734730474 16.852798067914 9.25679081141345
0 11.4250845580313 11.5122263019512 11.6775363593092 10.175250634817 10.2841632871519 10.8780068222591 5.88937414593129
0 1.77355402425964 4.77736853051756 8.17188600086368 2.77736823386239 2.43749849031668 6.1695040024005 5.97576872011715
0 -0.857461766721453 -1.01403983254353 -0.721051957907014 -0.47412904381208 -0.622564807192372 -1.63373048812464 -1.91306521232279
0 -0.75133711382882 -0.775073407022865 -0.782736509847398 -0.468740065984845 -1.13684270756549 -0.901922592609072 -1.30177631695724
0 -0.514407796355333 -1.13117728721844 -3.47296763920361 -0.596190630334083 -0.433293999693922 -1.76936081754 -1.59989967063444
0 -0.828211873219414 -0.941393215127791 -1.63210896229618 -0.553820930740705 -1.35372141871491 -1.06699000926191 -0.216818386302142
0 19.1464332461178 20.6008826624442 20.8253863869377 13.3997451960651 19.2595041421356 16.8298660036046 20.4287098493664
0 3.89816258683005 4.95712654243118 5.35456211521343 2.66850833828273 4.1304158178964 2.74173208656972 5.03079952921661
0 25.1688853672908 28.4508728181432 29.4814289894163 24.9847039031732 30.7662315016176 29.8131187711645 29.9343607436594
0 -0.53146936718971 -1.79625273228388 -1.68581118966065 -0.803855732198645 -1.54868552281528 -3.47195269396978 -1.71710183696965
0 -1.05889303143167 0.503838561591616 -0.651596557928023 -0.17369511003263 -1.17105376981025 3.33420348378425 -0.366221021950052
0 5.41150902927071 6.25505849477114 5.14197275515142 6.50654109210375 8.39756266529777 4.91023912979739 0.97537602746285
0 -0.986558287507045 -1.56244548614807 -3.34451073519792 -1.02552190962916 -3.60315955959185 -1.97082410709273 -0.440702384248523
0 -1.1129124517354 0.903941160856846 0.144441754273718 1.08738504052297 0.109760869791431 3.78572043637795 -1.39003302286534
0 6.204425087813 4.12714907676232 6.93686112600276 1.68032134763376 3.19463344747673 4.93290160845668 5.64750794062932
0 32.7029310933034 31.3791182048259 31.6189772465054 32.7253708055627 31.1566523536053 25.940133337939 12.3235906302337
0 8.25542902164732 9.00387824763382 8.15915745250195 4.43922142042977 -13.4225192141433 8.07403938678162 -0.185660468789857
0 21.3397813045566 24.5739759167421 25.5240605052143 23.0289419363255 27.4533784250464 26.4957506471347 26.1052173371224
0 17.002736948845 17.3663890781334 16.6313854957983 11.5782387814094 20.4202016355866 12.7248838323064 17.1169694538716
0 0.354129763903426 0.345526949526044 0.175707668490411 -0.0528372622185147 -3.28063068510126 -0.923579504196415 1.37290331822257
0 -1.69139832798214 -1.69148918074073 -0.655707522860304 -2.5710742512536 -2.81326938128687 -1.62686926986761 -2.2826343026778
0 -1.59116525570163 3.82201316523234 0.505804256560399 2.38906958897541 -0.435553887549334 4.09271740874828 -1.14924640433071
0 3.4491127721663 3.28053581521393 3.30489428588794 2.54475389725086 2.95116129808541 3.66796559286151 4.11267860333603
0 1.23815886247563 1.45299474335569 1.24071839431216 0.0956549293871807 0.843927536063805 -2.37232929165243 2.59691137776638
0 -2.40878665974415 -1.26539248901039 -2.38121731909586 -1.09195689105052 -0.785246348311635 -0.10481591437727 -1.09181897751844
0 1.96603206563128 1.81854259489115 -0.518201014388698 -0.0103499228262609 1.56340078574791 -0.742354039886813 2.05728141250674
0 10.0076637589799 10.0066846695152 8.25614958276455 8.19576112896553 9.43026645308555 8.67820507943159 7.91908629307
0 -1.60912540046736 0.436498982281555 1.60295198010514 -0.458027005140529 -0.915126532826111 1.68947333567648 1.7696087347286
0 -0.352036767707041 -1.40666854439113 -1.98425557889455 -0.715178673395325 -1.22234526242748 -3.74527576587298 -1.00855775441093
0 -2.89998177108763 -3.3638563259561 -7.16248914128041 -3.97843457398048 -8.75190949688939 -1.24474049024435 -0.994625735615937
0 15.9372386578042 15.8509291164764 15.5388915186513 15.0067186667941 16.5755372135421 15.9596473933498 10.8858621421046
0 0.853571101354201 0.0213070041084746 -2.84129349525791 1.5216449868459 0.524305981067657 -4.90877125660736 0.0766292088078044
0 -1.25341720905657 2.00166639881293 1.57702215839006 2.47162076761972 2.07675684823207 1.84505444765617 0.94751303226086
0 12.254957331455 7.59661601969145 13.5244993211904 1.62213717941171 5.3610625096493 5.38994442656705 10.2383757170767
0 3.77996416745648 3.47758954739637 3.54039334391464 1.82008669046373 -3.24975655833945 3.444521295448 1.09677157639575
0 0.707786428952192 0.511756139822316 -1.60114191869669 1.49222944949853 0.574706069510933 -0.315932662828903 0.494237077733272
0 1.37386215323022 1.58214122022984 1.46289028598108 0.129245623764426 0.945609678344437 -3.90153384012958 2.78323821969771
0 -0.763674754007842 -0.926625358110522 -0.948827906680576 -0.633520829332065 -1.367114145534 -1.73060304118179 -1.40044521968774
0 25.8616364015209 26.2021116797919 25.6875347975792 24.2656707133932 28.573334016064 25.6556626759924 13.0381188526534
0 -0.747926584772438 -0.769596718631418 -0.794927713690196 -0.483227000719359 -1.14197932760376 -0.96626662729519 -1.2434250675182
0 24.202534656213 23.2760223139259 19.594439363957 24.2728504459857 20.4320891694944 19.4062782236075 9.63477575936452
0 38.8963624988262 37.3161722640336 37.7261247645886 39.0609558136612 36.3930419757326 29.6691691851799 13.348780768449
0 -2.44899452122788 -2.85836053400213 -0.267413028586297 -3.36285349721468 -3.80889050238936 -0.0584147817282927 -5.99056345978158
0 -0.0463774859060635 1.85233042516397 0.50102321099218 0.215103524401666 -1.07557374694915 6.371752321131 1.64139377333474
0 2.69809447355969 1.7842578498472 3.16172786662607 0.136475940976036 1.04693726355495 1.19898664526011 3.04730596113779
0 -0.786385958987833 -0.978413361475786 -1.02552095138286 -0.693290497484134 -1.57447076124948 -1.81429992477384 -1.75258411716581
0 49.4509546791861 69.9457485323441 93.0786273094571 89.3187308815661 77.6905254770694 72.9166097322695 73.1026527415898
0 20.9639947877623 24.1390467491914 24.8259300756772 18.6617907754388 23.150223054224 20.6011603182501 24.7449276376557
0 7.25732861051711 9.41960472436005 10.1266251348543 11.7774934481493 12.844708061896 11.9660897356795 10.7753639005475
0 20.6632180945331 22.7356110558812 23.3052719327013 14.9024387563499 18.475352778534 20.8604185254489 22.5213564724475
0 0.824783992727679 0.639335608834447 -2.47244497485764 1.1555967564703 0.82539160424284 -5.90039619629963 1.02855237254386
0 5.01603175513886 5.2923259686845 5.96091072293675 6.22283375143147 6.62216983603864 5.64446128976198 1.46122008041498
0 -0.553228028020288 -1.38271121532292 -4.10255677014391 -0.616461085341437 -0.558844588896063 -1.80543653456765 -1.95834720383927
0 9.43263065113344 9.55361890086626 7.57803223664659 6.22437913905809 12.9223454301549 7.25802205483408 8.52706890505448
0 -0.752563733475857 -0.778263147800625 -0.777094231876894 -0.462413028082088 -1.13416073823794 -0.878546308732157 -1.32906329618783
0 32.3012504040086 32.1640006273376 30.099951296508 31.4039609159357 31.84193947648 28.878325712706 13.946433587144
0 -2.31819573071788 6.9498784288422 4.75089823826089 4.78895613542786 4.67122542804291 5.78119288167493 8.10994866168492
0 -0.373721856204606 -1.51512236041602 -1.97048214126243 -0.724800313701768 -1.28496685468813 -3.74818970161034 -1.19182709905931
0 0.758931937167818 0.180116941152938 -0.203365404722271 1.15500353292398 -4.36485748174109 -1.09052976529585 -0.391905535318976
0 0.663620199045358 1.10444145073563 1.58137595658614 0.203192134642531 0.889255803980409 0.715035755985626 0.965294413611987
0 14.3884204835339 9.2199845978221 15.5891258557983 4.53905907054054 9.39286258525469 13.6322827272277 11.3324443582769
0 0.261535686104705 0.624631730531455 -0.529315471067122 0.209716896577875 0.974140682633418 -0.770177909155329 0.331271816796164
0 -2.56266985407532 2.07884212279624 2.64087464965844 0.661838480440787 1.34046035734222 -0.247173574229036 2.68170513837498
0 15.1523734217919 16.3672468309107 17.8739595134921 11.5581579141635 11.4679755229017 20.0363400895794 16.2374526210129
0 10.0123061788082 10.3185294906312 8.99415266540187 8.88883660156144 -7.47898337725967 9.43784776453892 2.39458540560304
0 0.509820720838135 3.31704728919143 1.85301208867991 4.27092741918586 3.16526112683873 2.03378850531754 -8.13015419070669
0 -2.41685603676313 2.7584563973003 1.29516089078702 2.05802558310608 3.56259564123598 3.97083537083194 4.31767280709278
0 15.3188614414166 13.3939198731097 10.5628819102544 11.9318502111286 14.1472755020223 8.99584748602627 10.6774589374241
0 -0.825492392088671 -0.945196577292867 -0.826881066449166 -0.50031219331826 -1.38609846631826 -0.974457106279905 -2.04369503668665
0 1.67335164474904 1.52551142713706 1.88012989741993 0.0759101576248753 0.809711336784521 -0.945828491922626 2.69632200784574
0 -0.5894532861545 -0.55444202836579 -0.552468300933407 -0.340828334299103 -0.819673733409265 -0.628738304814019 -0.886317231874792
0 6.42386426893409 6.00204420034797 6.55760572515801 4.80723054659418 6.03348908090366 6.80475059407968 5.20952761798917
0 -0.753862783358701 -0.739374389420469 -0.484726600023967 -0.328362115192495 -0.424044087273123 -1.41817536291242 -1.24793541882845
0 -2.74692947670782 -1.80504440457808 -0.184106147468174 -3.27252686815872 -4.00977225891105 -1.41611438656753 -5.14273864621657
0 44.709136229606 42.928959345109 43.5522186853562 44.947129275516 41.7429420556435 33.8370789571009 15.0120590076654
0 -0.779743656276245 -1.16675988130473 -2.04533177755102 -0.738095140009227 -0.706867731717222 -1.69912097344503 -1.90675599054831
0 -2.90467834369893 2.45747914842002 0.116420105335246 0.393499714466452 -2.21166646435849 -1.15876479400236 -2.60627334167581
0 18.8238697885566 17.3919953669612 14.1334057957543 17.4242280104046 -9.88418181531645 15.9031688228781 3.00615534509121
0 -0.691153393631151 -1.12084205825277 -1.43841028710672 -1.17917559968971 -1.59119585846406 -3.47419886282467 -1.11423154670957
0 9.35309390434986 8.8177234175665 7.8344828979575 9.14181779834576 7.9637590634228 6.66495923158198 3.92192705920265
0 1.03551001192848 1.72145530058606 2.32496193292694 2.72842701734647 3.8858106598074 3.14359942081406 2.45258919275621
0 2.34757587940393 3.11568357251863 2.67121307538833 2.44072089719885 2.74567128660341 0.222029431069283 3.97086320666257
0 0.618934847420248 0.942629023300613 -1.05263763884388 0.501176948835309 0.698476480653247 -5.12997386164562 1.73626759686329
0 2.63412182299184 1.15172180774061 1.52266744237745 2.54237816861694 3.1273496491982 2.59881445699802 -0.835499391322333
0 13.6922485836926 13.0815124776472 12.9550649672056 13.3401190137608 13.6253361442454 12.2412520738632 8.47420290016006
0 15.3865088630718 19.2282003286656 23.1456907816363 13.519763712694 20.7999676235489 16.9444352353731 7.72709833078499
0 1.45196987218569 8.13565135000839 13.0495603083734 11.7869308774911 10.1085156299089 9.85899674062862 2.23734712417178
0 2.07433899002396 1.73893222178324 2.59565858168827 0.13491721714032 1.01748356492182 -1.62982405033634 3.02985013943567
0 2.29254790911075 2.00161531263165 2.0453439579056 1.12226501037685 -8.16162543835406 -1.62058350599164 1.91857875041605
0 19.7464775857134 21.3024123429075 20.2079076855941 12.5781383024758 25.0162608628229 17.870264933024 21.0820250898415
0 -0.742478227164799 -0.909903345036923 -0.973247269503838 -0.653067867871813 -1.34273322469812 -1.82986480156245 -1.24595506100461
0 -0.557024990958375 -1.37532759867583 -4.13261323890814 -0.619635688760901 -0.556062806562925 -1.83894944161866 -1.93068827453582
0 -0.586793946438758 -1.4180704632666 -1.45058786126126 -0.785208060294501 -1.42446991570418 -2.93738563373616 -1.28265270506051
0 0.898224053384265 3.77016801962556 0.875772035836022 3.82239261350962 1.7724988913007 8.20614682768629 -1.82450925271011
0 0.868654015479827 -0.410760776848527 -2.86364419657027 1.48084373600202 0.169034951050673 -5.04528041837412 -0.446203460456672
0 4.54965888966619 5.2220248937361 4.72196328660022 6.02966107039262 4.30456456957427 15.3028930356338 2.37355755872237
0 10.3581191598462 5.29364316477447 9.42885883939061 1.14626447815991 3.83444431038017 3.12134380904377 7.33657638187708
0 -2.68077435966515 -2.88924394996262 -5.59837003908054 -2.62796117187761 -3.41154256840833 -0.79405707334551 -1.75632336885085
0 3.72350955026519 2.39390022871391 2.99854547866209 0.788568915753684 -11.4916255125312 -0.42785733051844 1.91777054763926
0 -3.01383169619764 1.64738717369044 -0.0655322496201238 -0.700502957664178 -3.18373321855421 -1.59613620430987 -3.53765743608874
0 -0.802075582523448 -0.967259943307145 -0.996237257552188 -0.566038746048493 -0.598195260323388 -1.5523826833751 -1.72137171147719
0 5.58429162300963 7.91143088714581 8.51042999978996 8.58030623224749 7.03080760340853 8.01632781921336 8.42748275936337
0 26.7235550609714 29.8175347175158 30.6451310525043 23.3806602607614 31.5549551750889 27.1055894079142 30.9005317088099
0 -1.68650577526879 -2.22543579874736 -0.473672889996332 -2.33471840589278 -2.41091127095934 -1.03950725274627 -2.86019946456219
0 -4.536947604044 1.06396528181139 3.77745849801969 3.56409101643321 3.43866753483242 -2.2644621778542 -7.9456059650669
0 21.3197714081459 24.6637705723183 25.5521184063099 23.0296007662995 27.2810360759356 26.2697626726859 26.0663258026084
0 32.0828940571633 30.639188815809 29.9873752186436 31.1142883328786 29.7075196081427 31.5806806417838 10.101266368103
0 0.554513344087178 0.565348692912373 0.919826972752264 0.0915538080746146 -2.92404878004913 0.134604901427634 1.41676547666661
0 1.13239937475902 1.22652242104596 0.99001477940586 -0.36672065900949 0.92872439973881 2.15311517207596 1.26240208596141
0 0.708281548030952 1.17063653073976 1.6231939220692 0.29051353244561 0.91671915307234 0.774679542483382 0.9736456337001
0 13.2101210546203 12.6067315583608 12.7616105597208 12.7409879202783 13.196437840503 11.9609046573728 8.83063424717168
0 2.00899112075464 1.3956042638143 -2.98848048429976 3.72840478551014 1.96506483601503 0.345849501885095 0.836854724341096
0 2.28733880853585 1.92479489582352 2.91277546851179 0.199663739648111 1.18339608445663 -2.5409821794979 3.23877975024313
0 5.35030758344744 5.58347026694276 5.83505820473046 3.00258630610277 -6.09665498632059 4.98012295231525 1.70525547729006
0 0.825240144230217 1.33431435943631 0.284352818322056 0.103334517889745 0.811044787298075 -4.20867446490227 2.39504044361157
0 -3.05815924663865 -1.8233468813096 -3.12905963109471 -3.03786426234748 -5.87566500950066 -3.76188736157529 0.362029243325289
0 -0.620874449783869 -1.65077715241868 -1.499711544806 -0.837244328058807 -1.63387149004949 -3.25351116038378 -1.76955354911539
0 13.2136280516348 13.6730220039504 13.9582290063437 10.1150963379829 11.0544589742308 14.298919584882 13.1551092971702
0 -1.72054603033715 -1.50555443250672 -3.12426076010835 -2.62817709910481 -1.74179429772496 -2.26330157637965 -1.71735153043108
0 0.777282433448241 1.23380497077124 0.386254725594914 0.0507418129729214 0.673402812392457 -2.20303266069249 2.25210984370591
0 1.29990125857267 1.52074571881439 1.87323748764257 2.29018162306787 2.65987216194726 3.68062153851786 -0.247800262074529
0 -0.404609544748738 -1.38158220623588 -1.82790720189482 -0.723186620299922 -1.23038287075545 -3.45854798129851 -0.982190346396284
0 -0.685164170685971 -1.49765755296494 -1.22820132429538 -0.782337511687749 -1.51816166560267 -2.55761632589386 -1.65001858118063
0 -1.79705080817778 -1.34683541687516 -0.983386647929507 -3.53660927137378 -3.53829924515528 -3.54693011312196 -2.25167640291044
0 -2.28638150845079 -3.49397330673918 -0.00151118564208552 -2.42066391131385 -2.32246396263712 1.18228372848606 -8.51731625718916
0 3.10861281684866 4.19050740363422 2.78867237824958 4.63862709952002 4.11772683277876 3.45991630500203 4.62793565251224
0 11.1223369219394 9.7454175038276 7.23961393604497 9.5703715602378 10.2179415303212 8.11754402446041 7.04838678718135
0 43.3985122224307 41.4086084303144 29.5084746242941 42.1776474543881 -35.7307705057574 34.6124239599679 -1.48756090489815
0 26.3430984494019 39.2411018208368 25.416949579404 37.9877052766883 37.9684497364995 36.0242314046403 43.4097654441919
0 -0.534248269720901 -1.68279080305927 -1.70347908490792 -0.817883490349362 -1.5511628187563 -3.56814558578623 -1.59426431752489
0 6.83752953052909 7.48332185700658 7.95035291995456 4.6998429529506 -6.98698061484591 7.39118668804353 3.07867077290657
0 -0.365772140246883 -1.64347497966738 -2.08193492479056 -0.759876857356862 -1.38708973609139 -4.10964377812972 -1.35135228424238
0 -0.695351143816035 -1.03235390295127 -0.855008481054727 -0.631477042931004 -1.06005950330498 -1.49169774655829 -0.91653735829915
0 -0.509026235723786 -1.32084975195201 -1.4983688547239 -0.733498105905216 -1.23293580778001 -2.81982548001692 -0.935531482020019
0 -0.860994262204554 -1.01940762941822 -0.706600667446227 -0.467222992129363 -0.623677207793375 -1.65199218089292 -1.93010974350124
0 3.46872957370398 11.8603498679307 8.99775114530594 10.1155477718263 12.2028907221501 14.4358217136273 10.8344790249176
0 21.2525137549676 20.303219983482 19.9107556474199 21.1661754327624 19.7703811846473 16.4858516033661 7.94098009104132
0 -0.478713601600465 -1.29432473247774 -4.32100532441383 -0.556275619882997 -0.47451205859443 -1.76940193456373 -1.83615108470417
0 23.335785070497 30.6792783530699 32.1495925317119 42.4724583910296 37.0478214654676 43.1550048012801 34.0005465549275
0 17.724843257905 27.043384262634 22.4743600523409 21.8316154793716 21.7114404429041 22.9392441006681 27.2052133024338
0 -1.3341497790446 -2.03206213769803 -8.22918076744435 -2.00005326083862 -8.76928954311413 -3.89389404671048 -0.879960737423078
0 20.8391633340542 20.9855142178767 17.1672900632823 20.0958635781749 17.5279424490192 18.7088671249295 7.41924990595519
0 -0.457225766908863 0.0565937805342793 -4.1741951736655 -1.88654093339313 -0.135230254135388 -1.71617992400646 0.501025977163264
0 -0.849029367926164 -1.00264161829906 -0.757764608730954 -0.490067892480113 -0.619637250879063 -1.59704378007652 -1.87515441841435
0 18.6534301539124 28.7026668351954 34.8615928553823 25.7296935183203 28.0640823688694 21.4157932505858 20.6694295215735
0 -1.72886536056344 -1.70500410669261 -0.829364607780954 -2.77833493272419 -3.17611337621463 -2.32615014093108 -2.92437750316641
0 21.5658925887625 22.8199797032639 21.7317795568431 19.2913651624894 25.9246139949728 25.0626080116887 14.4484695119244
0 -2.91788517997903 0.445766230354717 0.252009621570599 -0.230619537447908 -1.63300484624826 -0.697234133754158 -4.84636634045489
0 14.6341959600033 13.9695505898697 13.4563131418352 14.4038218719059 14.0609240189347 12.2835659819971 7.24158185854893
0 17.1862784691047 16.9856671811109 15.6479338153434 16.2768733537471 15.1422199306493 16.1260318369993 7.47813123084659
0 28.5878376760828 28.4376192240093 17.227946335204 28.6177927876789 19.0514405921868 22.2158111968512 9.2653102484326
0 -0.741917943797058 -0.766243851652591 -0.810320607921865 -0.50310464843616 -1.1467785237783 -1.07406368681664 -1.17130159924726
0 14.2816265473371 14.402679725151 16.124777036551 9.73872125241326 15.9058308647304 18.0548081486485 12.0049744046728
0 -0.686636414933409 -1.7344001352146 -5.52676015528938 -1.04115761475297 -0.8412357939857 -2.01576660638207 -2.3946436326964
0 8.72564162686991 8.08343638043797 6.65252604919917 7.35638096454555 -5.22888948874306 7.17731581604521 1.71219241010024
0 1.65314262269911 1.91301691514174 2.22344672379259 4.47484667067574 4.93110864001049 3.00797276644629 -6.34145042794128
0 18.8900601220628 21.0170426100922 18.7859983580681 11.8790098819433 25.2400454872406 19.3654599113364 20.1555429294383
0 4.45762801791815 6.18266619668895 7.02257133999823 11.9879875559549 12.7039062517836 13.4342720092159 8.10304228972496
0 23.0391551161606 39.9508354193124 17.346594898581 49.8755658601742 44.4713404968421 44.2592964482095 45.0658469566965
0 1.03551001192848 1.72145530058606 2.32496193292694 2.72842701734647 3.8858106598074 3.14359942081406 2.45258919275621
0 20.6330671834787 21.4325015276419 13.7320537827128 19.3590172897468 17.5742732291512 20.3147975769715 10.5003969496285
0 -0.762794422812574 -1.07052841997312 -1.7497613330288 -0.705724372914853 -0.632953802947388 -1.73815906287117 -1.73103291671047
0 7.96690061560818 9.33661519103589 12.9585431691722 4.32338055706442 7.61260335179668 8.22044171620628 -3.88160664105889
0 -0.634352053017139 -1.06326672027298 -2.46119371466114 -0.70766595930928 -0.51615436738273 -1.86435408279007 -1.53551155852715
0 -0.699258723241677 -1.06208468721447 -3.93926643197904 -1.14304386009102 -0.587309006683558 -1.97366867170871 -1.34620591902708
0 9.01924096113348 8.87803042361828 9.0116191036622 7.51883948199881 7.56750737879352 11.6720583372829 7.6073442690516
0 -0.366266396355363 -1.46118133101316 -1.96979626966093 -0.722515054582265 -1.25424038313256 -3.73280575506331 -1.09346238631555
0 59.3815442771388 57.2478356763361 55.2390302120797 59.8701820247257 54.100239677499 46.4485065578091 20.7902946307352
0 -1.18131968175482 -0.71521702403743 -0.0350820911004797 -0.107094013818192 -0.507196513579582 0.281047290035826 -3.80514001175192
0 27.8825477787518 32.4436833189914 33.5186985094801 31.2728029092298 35.895536115553 34.841580580586 34.3333527657485
0 13.241406113985 14.6790503243109 15.1998695081939 10.0294729325128 16.3949790026216 18.0393335525927 11.4981069308223
0 -0.219886971565532 -2.11361795263424 -2.59605252842548 -0.762457636668427 -1.57260634935729 -5.22820104974898 -2.09916187659269
0 -2.99070240844179 1.01519570607776 0.0571594999357155 -0.707571486853422 -2.34589241934437 -1.15911787435205 -3.32237811108921
0 5.49871893089852 4.06806214315235 6.18078699727204 1.36594820784553 2.97909639557295 2.32582206120183 5.66300246016792
0 10.1848260823387 9.99330950570792 10.9773563571351 6.64825565085916 10.8685230971465 14.077935715379 8.8379698361965
0 -1.47497485320807 -3.27141965672181 -1.02104262954993 -2.84083438687433 -3.4584867207018 -2.16720428850062 -3.27189208703012
0 0.827695324748243 1.30039784956856 1.69107587550956 0.585693536783854 0.99456987774963 1.2881792343307 0.939972659056709
0 6.10123792732668 4.28898453220811 3.13017392580228 6.27055419007554 7.46705572592292 4.95267497689457 0.442258856665568
0 10.9942054817721 12.1707779058838 9.50090589117413 9.61005810941531 10.6130206884654 12.7832486520655 8.03433855907673
0 -0.526290587409067 -1.14371194177516 -1.49365292861075 -0.776263602633797 -1.29664130168633 -3.04499022596445 -0.794033076434066
0 6.19051935484952 4.017053317818 3.08315038200726 5.46470516166535 6.87445706575991 5.09415971500368 1.05251511642405
0 1.10157507177682 2.02142409232 2.668449220027 2.69851288293334 2.98944270108712 4.82938512036522 0.213994840726679
0 -0.525360273362755 -1.61653206497014 -1.58154801098974 -0.759285690760053 -1.37729786386614 -3.05014248065984 -1.37966770245446
0 0.515993099450544 0.67772262375332 -1.12478516317521 0.928424405595118 0.652470275993497 -1.50407435399635 1.18366058763385
0 -0.215467164618137 -2.56512174365619 -2.66781501149128 -0.705464812259725 -1.79003888966687 -5.48237754822411 -2.81875916304382
0 23.1448085988765 22.6552813923936 20.5156962155614 22.8446685600451 21.5512172494787 19.9635451843081 10.9324698446812
0 27.1418887139128 35.4406665761035 37.6359896044059 29.2257575124014 37.9700963751073 38.2395539948776 24.7611476392333
0 10.6505251068481 12.6569261322338 12.0712543462846 8.68179952130695 -15.0237319285729 12.3094191286703 1.72363960318859
0 3.32575759995915 4.40547576062685 2.54745414686131 5.1318414590739 4.61026918325908 5.34030109625063 4.62884113185353
0 -1.62175838889757 0.138108291262856 1.05710193972194 -1.12013757532984 -1.77691867256114 -0.258327322244719 1.87390246781009
0 -0.384157070748498 -1.77222045289756 -2.03499067470484 -0.75814935982786 -1.42744258484132 -3.99609992639625 -1.56833887851591
0 -0.740977737742712 -0.766174765219639 -0.812326180627307 -0.505822373133164 -1.1472306754462 -1.09013217263014 -1.1620675103202
0 0.721846284436885 -1.22857681398351 -3.46599060326622 0.946776026329357 -9.12646545555419 -4.37790309175328 -1.53890263693671
0 1.39942308725932 1.86131677657508 1.96068405168999 4.02144072841358 3.55594996770323 3.03679288302353 -7.58248841284533
0 2.19981872842399 -0.00938985503055889 -1.03849796740482 2.51003676405122 -15.5698447133476 -4.91778837462707 -1.84006645803354
0 18.1610826285732 20.7966234188225 19.9705678481607 14.5510706182949 -22.6661066509886 22.2615890299869 1.36904369163783
0 30.8758630354039 39.7436869928405 40.5948537516188 48.003140613754 43.566291879178 52.0306847104649 42.4038791425646
0 0.655437453470234 1.10064336946211 -0.328227926936153 0.276278484447245 0.731155623770494 -2.7302212481299 1.97634668731107
0 -2.19005125122253 3.17661016391987 1.24168904272169 3.22447656587209 1.61933464422707 1.93078120466376 -4.54741229218503
0 -1.40201596353966 -0.391598759647529 -1.57762269843941 -2.14806237815333 -4.3797776218464 -3.49260698696047 1.56234708719182
0 20.2191491062551 21.8863206931555 25.1088211677176 20.1717026840313 18.3731117179456 20.8332274378479 23.8089285277158
0 40.0791908620256 47.1488450474472 48.8320520867368 48.6822769233999 51.0262187328872 53.7763990451049 50.0230694318172
0 6.75353813541043 6.19890046814832 5.92867021892691 3.76350998567614 9.30932049505224 5.05085203090694 6.08664841590613
0 -0.76234107303617 -1.32012842480763 -1.14123603017 -0.777144474909717 -1.71499001751945 -2.57123517299451 -2.16805194391311
0 2.58537913582005 14.8322908411583 1.96528787722179 22.413087274822 21.5146367348992 20.3530642976443 18.9255786606596
0 -2.78694014686276 -1.62208338412778 -0.046314132713059 -2.70508443533161 -3.22032619858487 -1.08384580046678 -5.07219602761672
0 -0.582842720904846 -1.68131054665552 -1.53780952017628 -0.80790907055991 -1.54036247844494 -3.19134873524728 -1.6364068508149
0 -1.67181817590622 -1.19235212986413 -0.270864715447742 -1.02105260117094 -1.74136951366359 -0.607769100595685 -4.15225492095709
0 -1.1726472162312 -1.84779497760269 -7.04042609548296 -1.7354546802773 -8.52767380745661 -3.28061043593447 -0.905976849953761
0 -0.479063342570195 -1.67676047787737 -1.7316884638591 -0.759177752604932 -1.3959971326437 -3.3616977096927 -1.45038421526448
0 -0.783439952289458 -0.96348579717869 -1.03025233748388 -0.695593639961559 -1.5684657244113 -1.79541252159322 -1.70848400827956
0 22.3758468958584 21.6391414918194 14.6834042374681 22.5691447808898 16.219241605405 17.7406863552586 8.04697396680089
0 -0.702607019375443 -0.892659663490565 -1.00867686618471 -0.675990598829755 -1.29536504399089 -1.95453569303372 -1.03633449146767
0 29.6715575028347 40.4714123634365 40.97071833216 41.5687430721882 44.7587442661823 43.2502290758441 33.6157467431229
0 -0.436902398899837 -1.50801917876636 -1.80371409145382 -0.741135011154636 -1.3150345442952 -3.46566641109081 -1.19800922369592
0 -1.76962613450255 -0.927810980896361 -1.08013236988026 -2.72164311603419 -2.90350503052522 -2.97264614581313 -2.6665673920319
0 -0.764545512873876 0.363649612201982 0.669941213603005 1.36543533858395 1.0724036863379 1.18220088395435 -4.91198669784628
0 14.5987136681347 16.4236271507434 13.2166163806522 9.45050993634299 17.348913819391 11.3854051884718 14.349363283681
0 10.9783134171802 12.7598139501393 13.2296899329017 8.28232681820777 10.8537056535535 10.9396386385082 12.7566680937489
0 0.60362932163236 0.213525953651568 -2.52905297067302 1.16711469291086 0.528807671572708 -5.03425434846825 0.46271489892162
0 1.34318658273624 0.681266205842828 1.2613247374996 -0.0758382806710776 -4.75768164492636 -0.911571367550581 1.3248418076812
0 0.490185473732144 0.938212131762187 1.12045550799851 1.08203335050862 0.928225250487388 3.28153477159347 -0.493013755131431
0 -0.484245376616538 -2.13588628406757 -1.92229658109726 -0.826595212304005 -1.72103342075682 -4.09561990706181 -2.24717600953673
0 -2.69665422961595 -0.555635542811869 -0.523155971757704 -1.22189383472266 -2.40940030061915 -1.8568805311279 -3.88199444002095
0 -0.691368490791407 -1.01070154941959 -0.860921695522073 -0.628953021123905 -1.07003315448817 -1.50828190412767 -0.913558697466687
0 2.10164398505637 1.10808503107556 -2.96711434466711 3.68486604818681 1.80661621229159 -1.19173821804543 0.834842972580102
0 -2.29271267809654 5.10371407973482 -0.1749242736716 0.909596877588555 -3.67470468208927 1.35356046055304 -1.56130003520379
0 12.9103524421087 17.3016252632482 18.3921004457127 23.3056497112169 19.7824419165419 23.0965214224812 19.1318059517585
0 -0.403164710044459 -2.03991510053951 -4.51160397107377 -0.445811304121374 -0.944750791382402 -1.39308778585424 -2.86772037562335
0 26.890321930338 26.493651612571 21.5748403396953 26.6928872642011 22.8262092999822 22.4427581762537 11.1163588048176
0 2.27738542636548 1.63624843683735 2.14943605995544 2.68198495690284 5.26567582000791 4.23976062655924 -2.46199387003335
0 -0.232341104695817 -0.618822683854493 -2.26389683728337 -0.581290626648854 -0.206058548959392 -1.76585489547554 -0.839487104307514
0 6.47469389867309 13.083305023015 14.7397962960598 13.7296424121997 12.1194883112393 11.7609451108034 13.118214795296
0 -2.10055653713655 -5.85831926643022 -0.391669317138565 -3.03376855363945 -4.48524231056656 0.574128379847682 -8.83448655983748
0 -1.61907368600185 -2.33424330083339 -1.03181432542186 -2.95399175067991 -3.15638087418405 -2.56433772757461 -2.61359073860512
0 2.27781613474387 1.68781292804966 2.68380275501339 0.106055483221659 0.933758768156297 -0.36587335004034 2.95364883146392
0 89.8355540358918 143.180022956038 163.078259119318 197.545519376335 227.222989382128 126.302986336845 171.478490235794
0 4.26667746481726 5.77013946985059 6.17717949122178 3.45423115631982 4.20613087394356 3.07417008882563 5.81460767790759
0 -0.5894532861545 -0.55444202836579 -0.552468300933407 -0.340828334299103 -0.819673733409265 -0.628738304814019 -0.886317231874792
0 -0.686904734775693 -0.649568379930819 -0.822205404639292 -0.559791075694165 -1.12912213619611 -1.13762830857566 -0.722778131170363
0 20.6175403071205 22.7730743239347 23.5191758156425 16.2472400099615 23.0537563621059 19.4810895753316 23.4720849681169
0 0.202889458761243 1.47151505303192 0.738140741075983 2.26718278116095 1.22614765306146 4.20729879966172 -4.08543470413077
0 9.91295960316979 20.95309279496 10.6241674193508 14.2337579669674 24.0104568435176 24.8591464513792 22.7157563569282
0 -2.39489900915859 1.16584483011071 0.978114784647779 1.30805576964266 0.481150398126569 1.06161275777618 -6.93267273870936
0 7.54879179054237 8.16346889182009 3.15216884486651 9.35350932128205 6.61159829331868 13.2172623928787 -0.581589787611705
0 1.21512665598976 1.41482310294335 1.10548701517521 0.0681574797758842 0.775281686108731 -3.19281017498585 2.56203729539362
0 0.782259259530021 0.0239461007190087 -2.47725429256267 1.5358173371565 0.494142800147054 -3.58060613207721 0.114221096685686
0 -3.74719460937612 1.52551669094032 1.03727815080953 1.4985144119302 0.409163699541272 0.213015840606538 -6.12519046751843
0 -0.754481143052015 -0.785963931063629 -0.765374617262693 -0.450027482622554 -1.12811393234574 -0.842546576461383 -1.38620340198937
0 0.44177213014706 0.391383095628111 -1.85046821928994 0.529906018135145 0.293659640378358 -4.86307388160811 1.00420309749074
0 7.69417595928608 5.7782172078175 4.16482112607723 6.85075650013211 7.69643454088563 5.54758379521154 3.33252996680006
0 -0.745921563735218 -1.18730721519099 -1.26480994518993 -0.837551298411947 -1.81441968161208 -2.80874321899094 -2.11325013334869
0 -0.801116170988188 -0.894494764182038 -0.889003110518361 -0.568009783834253 -1.3944788512557 -1.20056192593724 -1.66549541647637
0 -0.831593233380581 -0.984508167129157 -0.841063309580106 -0.520679917810628 -0.612557105960598 -1.55104311073523 -1.80782554047615
0 0.612844416646986 -1.44264246121625 -4.86091496228291 0.716972730606484 -11.9043152248986 -4.77688283886906 -1.9489736133602
0 2.29151775984462 2.20204219969485 2.06721843568537 2.92143878814019 -9.20964927941247 0.991563888319693 -0.738190364283248
0 -2.81311109764039 1.6179980127432 0.292468476116045 0.674323845607961 -1.19316595126815 -0.335704139456463 -3.9406918932694
0 -0.437251882651529 -1.51035315527432 -1.79923679167535 -0.740361232565057 -1.31135961711516 -3.44892314948666 -1.19611109333369
0 -0.452455645095851 -1.70406418742523 -1.905549408775 -0.79171074653151 -1.50273360040434 -3.89779789813529 -1.56265253280971
0 31.8929231253217 31.6966579135003 28.6333232527316 31.3375330399568 29.741598139683 27.4470564116272 13.8765773964016
0 -1.76126734071482 -1.46072532148818 -0.367278164948699 -2.00457661098814 -1.78961440229554 -0.967731500882624 -1.94896855372485
0 -2.28450826715651 2.06540763884253 -0.0629691630543192 1.29028772241395 3.82699069411482 4.13367039379788 3.77351815115614
0 6.24294420685984 5.67278537452107 8.16071943086942 3.88520769206221 4.86468500971403 7.18666445808298 6.92151661062897
0 0.756544196062035 1.30654521144457 -0.191365725454801 0.107694824511257 0.801948688525756 -5.91307090310599 2.358065328403
0 -0.122462826321657 -0.288075543794299 -1.07984943036467 -1.14822203845813 -0.76445542178789 -4.11443920835378 0.580364609855828
0 1.97713633018014 2.85284967206691 1.77596570879748 2.38577560670628 2.53658202476414 -1.00713658739646 3.65787580976532
0 3.80854453916454 2.23586812484539 4.75346076952295 4.33688742928441 -16.4812412865951 2.8498762094428 -0.681492357936706
0 3.56134526998371 3.23994142230343 2.96701338924604 2.18579324105282 -2.47274525548293 2.77400312518976 1.47343937536244
0 7.58937443783658 5.93672119078802 8.47709426537079 3.73820516865051 5.01870410231888 5.90372294486318 7.32017123543439
0 0.786367983059774 1.25325053331311 0.226790687812439 0.0468762117006536 0.681937842133263 -4.45391089965838 2.32681032674945
0 -0.619386280387362 -1.09665692695308 -1.04418423191755 -0.692867000432346 -1.15031981473586 -1.86030459916105 -0.833250420981375
0 0.786598903479293 0.844238515377152 -0.703770772404253 1.24597719021008 0.79240537395478 0.376794508287555 1.1784106512683
0 40.8621645940676 39.922043324407 39.3623399807601 40.5704632095329 39.073440459982 33.2823328280677 15.8551551640933
0 -1.75330454698611 -1.71817120096587 -0.470901714819339 -2.19137481182837 -2.71538362260582 -1.47248973834704 -3.31506171153813
0 -1.23992354530742 -4.03338168376536 -1.20264078085029 -1.65074226786145 -3.65606235892777 -1.53305539102671 -5.31570980746259
0 6.27133936874628 4.179373885828 7.04249516241146 1.17902626077889 2.94628016879123 3.79518430223032 5.90470498220404
0 0.131930192410088 9.80640835701588 3.08839852124525 7.14121498070817 12.4257583621763 12.5886305023203 11.9733843499592
0 16.3799457531662 17.1042725080997 15.6350845707555 11.9089314643894 16.0271663642129 12.112384324376 15.5639527445078
0 5.71437614057681 5.34502651167326 -1.30636035825844 6.01034816900005 2.6503270766497 4.34457195041318 1.67047549324178
0 -1.4672777750555 -2.51150907419475 -0.421292650310539 -1.33967009472374 -2.08054573851141 -0.0137612963480036 -5.12697871360385
0 13.7772832480296 18.4413725310564 19.7713215392975 24.4429543741655 19.1536945894064 23.2669461435419 20.2115520318581
0 0.758818238963189 1.24445463071218 0.0541438606412759 0.0459826988368461 0.677700960228309 -5.34405458545996 2.3313653176709
0 -0.531498283249521 -1.6030465212866 -1.72230467313825 -0.821884876587641 -1.55992393868948 -3.63838053217338 -1.56858397882998
0 0.673282920779177 -0.344220648463745 -2.5673293909274 1.44363051863408 0.221100926679101 -4.60885791336919 -0.357512965038344
0 36.2354034136637 34.8946650942098 30.2388953669502 35.682515271387 31.6265600523676 33.8638428722907 9.95487416497197
0 -0.460027797213847 -1.32882161604535 -1.68651536141907 -0.739100630520229 -1.26570097867124 -3.2538459186446 -0.972250501282764
0 -0.985613831322975 -1.01527444431334 -1.61667548499803 -0.60943407853226 -1.35622024493766 -0.958823757272742 -0.305668865387938
0 8.42063830629114 7.83310483608254 8.02097346211001 7.87417652181278 8.02966444404204 7.47686586839161 5.85715095922977
0 -1.64399855185794 0.134402009581429 -0.235293352655934 -0.577942241701471 -1.44426598248656 -0.578534209375593 -1.66764752696426
0 0.765316411441021 1.24205107666134 1.66566017601159 0.418942907630103 0.954125721360489 0.94443087353998 0.96991807386306
0 -1.7383169122398 -1.15021504352619 -0.850704315489674 -2.68543781099742 -3.20700311376754 -2.45961748912587 -2.81500539434017
0 60.8592401370053 80.5796738269634 85.8535915314641 127.78074780588 100.054207192387 128.782434299284 91.1207355254138
0 -2.46482713283326 -2.84755953810131 0.0655297010618403 -2.56160343525713 -2.2770935420872 0.533239773681903 -7.03842103361545
0 -0.435950371168978 -1.80827209968674 -1.85753556800962 -0.478490623628442 -1.46394896392081 -3.53488102046452 -1.90688745017582
0 -1.46715353426129 -2.62175880580901 -0.4307131110325 -1.37226589242523 -2.0984589730218 0.00205925881354752 -5.07566317214608
0 14.3630280520416 13.7269709846113 13.2490818461993 14.1042298738269 13.9309791919728 12.2629774393533 7.54487126183203
0 32.7052804672694 55.8200434796729 83.8487891845788 75.8627749137501 97.6090847584373 78.9569083698134 59.9172513126433
0 -0.793660954904178 -0.989223356524557 -1.01406119589512 -0.686063119391592 -1.58643272482823 -1.77302860631048 -1.82497363782623
0 -2.64115085066858 -0.716401746775837 -0.0833603588965106 -0.597233815655282 -1.74068853885788 -2.42270135235627 -4.57895805496073
0 -0.509214992089037 -1.58258163887596 -1.75211303439875 -0.803869813210366 -1.51101538229388 -3.63166682844727 -1.49516968888421
0 2.85766917532773 2.99023278468479 3.42823067415224 1.37962217088722 4.36449409135767 2.2865095839665 3.25490719825326
0 1.04125703740779 1.36622332504793 0.93416136228244 0.0976081906894812 0.64929156466346 0.42320941779012 2.32200231620042
0 0.473422525876517 0.590448044004851 -1.3979383448583 0.963932915009346 0.644310296870091 -1.26013874215596 1.01629613355456
0 15.9462567669816 23.4225586272819 24.6248500674366 25.8095294371017 26.8542379840058 25.3362015815881 16.251352801043
0 10.7808502714071 10.1175722063142 9.4010974757548 9.75353617398406 9.66775533071571 15.1404634093461 7.76530101012151
0 21.1935446875075 22.3300059000736 21.2539385628706 19.049778189556 24.4601446651916 24.3145160205155 14.8470622208371
0 -0.688251392213732 -1.31090745461387 -1.24415127185452 -0.783548420391651 -1.54436810657784 -2.64550521060462 -1.61739805357026
0 8.73978563317897 8.68432309623142 7.417638390192 8.21828173186603 5.62910397015336 8.88591216042787 6.84984488790615
0 1.78501418840148 0.929333159849064 1.39076398439467 2.69424872344342 2.80685608647117 2.36505656667823 -3.12223578033118
0 -1.07864765341498 -0.898757502957382 -0.0317786682840513 -0.145169520693904 -0.506664721162924 0.411747942685459 -3.94893679953951
0 11.9920155548259 10.1172851918869 12.3717975149991 5.24155696779163 -12.4097298107461 12.2484958850835 2.84879164190139
0 18.1992747942531 19.3587578420611 14.8539323817197 17.2451356056484 -18.2231107955205 16.9276333351977 -0.402147900735113
0 -1.63133843469815 -2.10513494740309 -0.472149851342531 -1.85846562128567 -2.63048457510545 -0.905318514541216 -4.3989804889096
0 3.43161212593867 2.78694387362576 4.51547959870737 2.09710665739916 2.74097382336299 1.02240836582811 2.36948779433959
0 -0.700517019428962 -1.04972438774581 -1.13370578431829 -0.740018607251034 -1.42575459649677 -2.33165465806553 -1.2724690789398
0 -1.77926117700935 -0.484578786079287 -0.22997448717615 -0.745349199158692 -1.56573952084972 -0.75396448899987 -3.09918934940552
0 13.9732340387576 11.0251664242016 14.8829992033258 7.45338887660469 11.9825460449992 14.3538342026367 10.8256264615769
0 10.5849392218317 12.8412592216797 13.3591031149006 9.6321857499031 11.7672593760245 9.14942598447793 13.1573410382897
0 2.51312294898237 3.01367200984545 1.78843787560559 2.43379292969544 2.61172727863721 2.62433753501326 3.63197179097272
0 0.452340323802689 0.575076583999634 -2.0740808685951 0.621803765573113 0.544418478164623 -5.30680986682855 1.12139771019644
0 13.2740446144935 11.9194589452086 13.5544016664199 8.53898641423443 11.0546867546825 10.4336415370718 8.24509929613257
0 0.287316862405465 -0.0752688869603086 -1.75331933326375 0.0295858358613432 -4.6240251408941 -4.40945721264104 0.778354974080924
0 0.513103082019877 -0.794367709147703 -3.28394483040456 0.695237035628205 -6.79871821539603 -4.74355140407535 -0.63966549175358
0 3.39559075873698 3.47404841695948 4.64679417634232 1.95483695369996 -5.94579718031452 3.78728785970863 1.65760015864984
0 21.6805557136348 20.6880224801302 20.1909763668228 21.6289643706956 19.7662515708643 16.2257938783529 7.17736452147544
0 -1.44021041946795 -2.96691671467479 -0.769311977908524 -1.64450784108087 -3.54686397444563 -0.977470859480576 -5.80522422643032
0 19.9023419378591 19.0995983005598 18.9536329047231 19.6899923719749 19.6096830970602 17.0732120722356 10.0547327360932
0 0.514184193442675 0.132453888420243 -0.107539273116752 0.310758193719118 -3.99076621721535 -2.07621164906345 0.778255443492864
0 10.6385354594215 15.3582880457306 17.9684466471755 15.1998510211403 17.8264804376273 14.6803250576699 6.56532582756304
0 30.7338560078744 29.4449954478126 30.4589334157744 29.5676288329473 29.6771353662145 31.04252730731 12.2715379213945
0 22.1800434249961 26.6980005054751 27.9804660280905 23.6279601465847 22.8992985286051 21.4304296054897 27.4167431538823
0 5.0866225205249 4.60186901037811 4.66646053857598 4.3293172441326 4.7481477242264 6.29858924327395 3.34587642269674
0 2.05044424386042 1.63292025684317 1.76548929613532 2.83333064346061 3.22167722925243 3.32559424816613 -1.00563199698448
0 4.38749485713751 3.19225152580397 3.49637384840318 1.17959050839539 2.85224338624711 0.337749953895775 3.30667599814056
0 -3.65730620496842 1.2614473406717 4.14392794714589 3.55946517698564 2.69417649485959 -0.214177366222923 -5.29234838737139
0 9.07616865379539 9.42747425228951 8.28398263793647 7.95825400718591 8.30678074083857 10.2756008050697 6.66692223835783
0 20.9491779561576 25.6147771337709 26.8218004661745 31.5999226508775 33.3231702157458 33.645867991042 28.3657694468861
0 -0.585455861692095 -1.47715650969733 -1.56969602166469 -0.819123709348492 -1.57043424945222 -3.34135754003547 -1.59463601344249
0 6.32475219968498 5.94217293180979 4.47984499432226 6.04353216729479 3.74307509294635 5.74892011974859 4.63559720631855
0 5.70403230501823 4.03411596131188 6.36206772362364 1.19290137743663 2.8622085727572 3.50667862371253 5.67680931625276
0 -0.763211431080696 -1.50702385225269 -3.02607081364457 -0.76052591984882 -0.83080531803136 -1.91736859233465 -2.4171598274471
0 -0.992314769313012 0.622187563063652 -1.20010072135607 -1.70558430178195 -1.51489889804789 -0.618000364509402 0.184268162882335
0 -1.59529731624499 -1.89371344116345 0.421147303700218 -0.522188262822757 -0.0271335351480868 1.26782453470416 -6.81955235532357
0 0.6576855639695 0.88366786577088 -0.505423467770068 0.776293220588949 0.7122055874287 -1.34393231067411 1.53917367076562
0 -0.752719688418894 -1.10095837808467 -1.16742404170134 -0.782070864890242 -1.67789943542141 -2.47100276349416 -1.84785895515929
0 26.0092624469826 24.9779840584771 25.1932209986523 25.88757337933 25.7219259050445 22.1642012716102 12.1099509232419
0 -1.58773305746886 -1.9193662371576 -0.388439647581949 -1.40973630597812 -2.19529687521359 -0.508215987241387 -4.89103232721264
0 5.295622008008 3.95128150070967 5.89596371970096 1.39320405743394 2.88611224625764 1.22459581359965 5.54782042313296
0 0.119548126584001 -0.215229233277019 0.733381303604109 1.35071336097166 1.26848316056449 2.06215917973452 -3.93260906025168
0 -0.817722935528709 -0.920523503641618 -0.850962418083883 -0.526183786270443 -1.39358250206121 -1.01904943584694 -1.88908653616732
0 -1.67506900720013 -1.69695477651519 -0.483834822784322 -1.58505440080426 -2.91029434924299 -1.19871961726576 -5.44409720680871
0 0.482297595943166 -0.229071079195998 -2.33248528426704 1.27064831185048 0.251711573745375 -4.30910498911414 -0.213070033387994
0 3.20655280439448 3.17814743108135 2.91231131159702 2.37929094456025 2.81184303756947 2.43934094387976 4.06344832022466
0 6.47424334290196 7.54539823998936 8.05993982319614 4.91510716759704 8.34552235536935 4.80364742225234 7.99041880709162
0 3.03338058715674 3.09266228512045 3.82285388324487 1.45950896243457 2.51936675113904 0.553027362675735 2.65374829439776
0 3.09562294673054 2.23633881979213 3.39632889164855 1.0973324352273 -6.21159146887899 0.704628571063633 2.47464491293815
0 -0.753862783358701 -0.739374389420469 -0.484726600023967 -0.328362115192495 -0.424044087273123 -1.41817536291242 -1.24793541882845
0 -2.48852029736003 -0.99121991713829 0.360389929881776 -0.296959946054948 -0.846194659520027 0.323659452108226 -7.36484627370609
0 -1.13888844755894 -1.33630343525992 -2.32640614831684 -1.04808143091871 -2.22707618672528 -2.13524395759666 -0.331248642046479
0 -0.742044803512025 -1.12956120762549 -1.18168335247918 -0.785129461468012 -1.65660319564892 -2.55243944049 -1.80214805241463
0 3.09810665689242 4.45423287291882 3.41942828748442 3.31651537122453 -7.13934233872043 3.24064555127839 -0.162584729748426
0 2.49569687109141 2.51723343021922 1.40114589234229 2.25467046952566 0.907266416475228 0.19194738620798 -0.49670129066378
0 -0.60763249165052 -1.55356193608217 -1.34642668954686 -0.426187437700548 -1.60936301541505 -2.56264219791007 -2.18764472883175
0 10.2126986002096 10.6337740042869 9.08852305838764 9.05953701064274 -8.26480879144469 9.65963526166377 1.84735733710682
0 23.9799166143926 22.139364152291 17.8130961465913 22.5570744651343 -12.5563087460162 20.2511287546701 3.43109302167492
0 -1.01286416165682 -1.26790547736887 -2.42542544874773 -0.940389118971351 -2.17563903337162 -1.96296570008326 -0.296028119884119
0 -1.59977816233544 -0.396750802034384 -0.130570371730665 -0.146857511270887 -1.09824007890433 0.82038208886611 -3.90913732202863
0 -0.780001342441616 -0.986262751764181 -1.03502895095034 -0.69975629889358 -1.56533708800486 -1.90287566070158 -1.71670912796206
0 -0.752129650358796 -0.889366563207589 -0.962251968247989 -0.642252006417104 -1.35427078139391 -1.73758111333994 -1.28448762298256
0 -1.03857192503662 -1.21570278397568 -2.17560111310173 -0.894214556818687 -1.9616759074693 -1.82754704005132 -0.294043047231153
0 0.365973713216092 0.239059530832566 -0.109058009025139 0.813329332240594 0.919458590824336 -0.551649171949379 -0.386274408158974
0 4.52684482589669 5.10113185741424 4.32249966597754 3.89658390790459 2.74226109563289 1.91546054314689 2.02943309258024
0 -1.13529988561994 -1.33273301555768 -2.3237272712385 -1.0524642335983 -2.23756644618141 -2.14159997324469 -0.320105357906232
0 11.6153945039514 11.438430524387 9.14070615942263 10.7666899430746 8.89870403487423 9.92528813988473 5.78355935556462
0 3.77996416745648 3.47758954739637 3.54039334391464 1.82008669046373 -3.24975655833945 3.444521295448 1.09677157639575
0 -1.06524406490416 -0.515498791202301 -0.278858496575451 -0.550605845381444 -1.1871483143198 0.446401451963537 0.451438482475611
0 -1.80112113172559 -0.819850300989053 1.08507992534578 0.442114786788841 -0.503637382653828 -1.44236370045244 -3.37453501850529
0 3.6413896492704 3.17465396870759 3.34476688542051 2.93208898129287 2.89014148749218 2.99257342442617 2.91578202171281
0 0.543794445029802 1.15439834429567 -0.13022425970059 -0.0056355180218608 0.533111673740708 -3.24810536006101 2.13560108379085
0 5.628946620544 6.34627628019819 6.69612927286274 3.88244233491609 8.96923233121604 4.80133760157253 6.928410919503
0 -0.74461127311959 -0.767044845866539 -0.804059860028876 -0.494808610856125 -1.14509277314463 -1.02678786119891 -1.20038823491475
0 1.03551001192848 1.72145530058606 2.32496193292694 2.72842701734647 3.8858106598074 3.14359942081406 2.45258919275621
0 17.4714682227886 17.1376250403574 14.9301048241761 17.1437367639962 16.3565279712994 15.9652503319274 9.42804573782487
0 8.58776862784751 8.24088953835085 8.25419990513166 7.57536932883287 5.47039993155832 8.72276116398055 7.37559786416744
0 0.49023202505897 0.00200763559498807 -0.422119947023951 0.437465506458635 -3.79093053309501 -2.31787031125177 0.641080200741035
0 1.96631424549874 1.99769454660947 1.29289320779216 1.26802362746538 1.02105403439156 0.296073586676479 0.74982542622828
0 -0.753809233379416 -0.782715902531421 -0.770074592109377 -0.454872692570883 -1.13060735291632 -0.854989545224131 -1.36321919472065
0 2.4879758758653 1.91739085964598 1.71649426234796 0.247583887839101 1.13047148430963 2.56537081797347 1.65297924669184
0 -1.10864676227956 -1.11608569028724 -1.70840054490545 -0.745019316372525 -1.54859978987548 -1.19825577631732 -0.364861349679632
0 -0.785691197752426 -0.873789256855693 -0.916140768347799 -0.595842990229035 -1.38551916999608 -1.34425770303107 -1.50092103479259
0 1.57227811422853 1.63426060521225 0.464822930530666 1.23077596276855 0.760969152594872 1.12614354084775 1.95187887388066
0 -1.70253074511977 -0.572708630997896 0.545712151251469 0.539698064877292 0.253885801712794 -1.89178501496261 -0.547980588495979
0 -0.753881162209369 -0.783027464433802 -0.769610667552781 -0.454387208561357 -1.13036501738015 -0.853644198207109 -1.36548398967959
0 -0.8816609425908 -1.17031688703967 -0.934444852586285 -0.570057041485376 -0.77440871215218 -1.76068013080805 -2.25760665090676
0 0.342401700898153 0.374059489403221 -1.73475721019447 0.954089716408759 0.474247745281291 -2.13372626580052 0.666880898272245
0 4.07565454233948 5.52486719592809 6.15138713445066 7.32181842127772 8.42579721697602 7.59755298804008 6.61570294195817
0 -2.27660162693669 3.03144437417891 0.160496479510781 1.82534329998847 3.8677844024507 4.57431231378164 4.8678201776723
0 -0.75219965379525 -1.44555073683227 -0.0324264434613024 -0.626584481210169 -0.592444119393924 0.340702560311135 -2.73977288425191
0 0.763415368591452 1.26790765650516 0.36893054264872 0.107615727598507 0.587980712376732 0.542798929538551 2.12251685922829
0 -0.755308997203768 -0.791578794663133 -0.757821473748444 -0.442578308241339 -1.12394871031254 -0.827927651990903 -1.42331388417184
0 0.78628883664772 1.27746829289697 0.423438633809115 0.106404253845869 0.592945812875241 0.551058691145595 2.14233496820793
0 3.6413896492704 3.17465396870759 3.34476688542051 2.93208898129287 2.89014148749218 2.99257342442617 2.91578202171281
0 2.70828839301452 2.85937701716255 3.22025471460678 1.54023890039783 2.52898526544862 2.09080465346576 2.43362362106757
0 9.12033786107428 8.60372462738856 7.96509634152941 8.82318365615637 8.59786600428767 7.7692861500595 5.00419570158644
0 -1.00452545665379 -1.33773415392954 -1.81733369493914 -0.452867757552433 -1.57501975751095 -1.44356737392418 -0.139727814838399
0 6.33814833484669 5.9545850342805 4.47640519998035 6.06139396553267 3.75269028766202 5.75857368854034 4.62779669454073
0 -0.86044546798235 -0.911939131880831 -1.51743140057687 -0.448242011881555 -1.116265863203 -0.717062131375787 -0.308871714093343
0 3.65116335282127 7.53310201606267 9.53848406631777 9.58739589737769 8.56527091344733 8.34476410377567 -0.303423035250635
0 -0.855269700419613 -0.909325273641079 -1.50306970028709 -0.465991090801674 -1.15118656745532 -0.741460346943129 -0.276817775118112
0 -1.64643265114844 0.807592203613316 0.178996085045508 0.63162804693352 0.824507398501586 1.07086927382841 2.03100010918221
0 8.37560316284149 7.78111642587986 8.02099942443335 7.80555765325727 7.97958845090112 7.44344205925694 5.89347589337242
0 -1.52862228128452 -2.02847899826457 -1.14703096831872 -0.295771075747353 -0.719635966911385 -2.47532508883196 -2.62402991534883
0 -0.834785495374847 -1.09686236496874 -1.25633925017276 -0.646781342773507 -0.716381255143634 -1.59437938900168 -1.96095567062575
0 -0.753862783358701 -0.739374389420469 -0.484726600023967 -0.328362115192495 -0.424044087273123 -1.41817536291242 -1.24793541882845
0 1.57757934008051 1.63545510244506 0.455903224206887 1.24443324805064 0.763366343889105 1.12670519940154 1.94292355649873
