0 1.63514311759756 1.50988086055284 1.12313339357853 1.70427208033576 1.41104294931567 0.750311679751622 0.976684403236057
0 -0.269546433579272 -0.051385855829599 -1.64980146607543 -0.482975593277713 -1.36158447017351 -1.54742947705968 -1.36784472590315
0 0.905716630836209 0.680246233788607 0.458919827519159 0.665661083783066 0.41870890899864 0.21701205112484 1.06568879489234
0 -0.29740126334681 -0.117308431069556 0.0422504421080232 -0.129323815303835 0.145280235827028 0.0768883093549508 0.0255959093139078
0 -1.34654402005248 -0.496034447196769 0.247410701070858 -0.250260921406531 0.906791927025134 0.323357556587261 -0.0481521774065605
0 1.09009924688672 0.981887732520036 1.26919349375038 0.985169599813585 -0.233215544988397 0.723130047415456 -1.64453372807232
0 -0.0892756923480276 -0.0792902064354812 -0.077165923825576 -0.107179293196416 -0.220462795705761 -0.0842682794556926 -0.215599211175739
0 -0.0692620689463599 -0.541287389452176 -0.167838180950591 -0.201939249566525 -5.26834148945944 -0.310430182113555 -0.295429282227795
0 1.31629629874135 0.818020658445192 2.22145461159573 2.51482793721406 1.83536839251357 2.00426829896951 2.9751075207795
0 -0.186183715738768 -0.111646265503461 -0.154423059777882 -0.0300261081584372 -1.38970047218495 -0.101764981749436 -0.0190930625139054
0 0.511075888557098 0.363149131167575 0.0471191623005991 0.0201468386989392 -0.204321217336586 -0.548789308692513 -0.310798736530693
0 0.152327224590627 0.300008341171182 2.29939740568497 1.46259062256578 2.19553682666903 1.8295821658508 1.04218119927999
0 -0.080655423281268 -0.0399000602405453 -0.355826554761681 -0.176332813788337 -0.79838810539133 -0.345939412970088 -0.474181310245283
0 2.84607124231215 2.1063474689187 1.92690903305384 0.175224553146908 -7.33506322859681 -5.48874055818376 -7.73124337977572
0 0.409671424303845 0.36407319487858 0.279640259171181 0.121775592224055 -0.0259290538754495 -0.0126135863474444 -0.224046538758358
0 0.712989848423545 0.444688583952568 -0.575412468345794 0.466355054517781 0.108548594844038 -0.886753293435584 0.229952489309905
0 0.0437175839742232 0.0425419230380157 0.0460553992265953 -0.0773825412765659 -0.208559070223307 -0.0296696757428183 -0.28442491219812
0 0.400068011969588 0.278436046497355 -0.0619081133671457 0.193497580644504 -0.151093747929415 -0.15453609155001 0.25366606718112
0 -0.0554467246836809 -0.411916447794617 -1.19191850224951 -0.231424124523405 -0.669434725353179 -1.3832324736161 -0.957919583355003
0 0.186277622668548 0.343638649283239 -0.778361409998411 -0.101472518700138 -1.24834155188824 -0.890021589710091 -0.976444086236341
0 0.04652318351385 0.207301212353109 -0.136154013077396 0.313835515247792 0.499962566593485 -0.716167736078175 -1.86332093356211
0 1.18416995052508 1.16204554399039 0.935886690982591 0.551181953809001 0.434249709643705 0.0806018615531823 0.822332308338704
0 0.116551702966963 0.216816528021881 0.190917672588856 -0.0819316755689332 -0.125221249906009 0.244313357201351 -0.0588257584165683
0 0.112935150117214 0.0293797539796765 -0.464548794870661 -0.0747503047965639 -0.291467077859699 -0.512690602771158 -0.313281641561228
0 0.636171094040282 0.632510826455 0.326032667165801 0.642587164727182 0.735462484382204 -0.117705321310172 -0.745887740645376
0 -0.520471264349938 -0.196711109660704 -0.202949825868348 -0.784573703368176 -0.54645447001006 -0.0569425968104156 -0.285867384893699
0 0.0265584277514317 0.0230961079308507 0.0113604832995888 -0.0515866152712623 -0.0947956247020332 -0.0125343069983888 -0.146963502331034
0 0.146892132813271 0.167161509418165 -0.0967557044415184 0.0242879267081086 -0.272947214033774 -0.173204523482255 -0.675217070690591
0 0.668597174173662 0.483355247148673 0.14650998171918 0.122122849622404 -3.76219715419314 -0.031625949979178 0.174116977293515
0 1.07774037896949 0.715075272537151 -1.47832521171959 0.731555087223324 0.0676695399090139 -0.349143120308106 1.54653240508816
0 0.739947206547614 0.46356913990418 -0.400642282909626 0.449245354316992 0.0721163993027103 -0.363086351126457 0.600534470083638
0 1.9009757996673 0.839988796348873 3.25891834998944 3.40988762376316 2.5505873412504 1.62665110726377 3.23431779228619
0 -0.563991546357455 -0.205642044695422 -0.620605671924938 -0.908863859334447 -0.384362613410515 -0.368989242337662 -0.225188113908452
0 -0.197708475386591 -0.167149098076138 -0.786594355573619 -0.387554244220574 0.120876162086809 -1.92171201135884 -1.18888639397613
0 -0.318697319022153 -0.22955075497433 -0.154625505459745 -0.286914896051691 -0.184098389530426 -0.2336491888683 -0.184708407692355
0 -0.209927849646715 -0.0939946365980537 -0.00719995781644478 -0.176815589997315 -0.161982984406017 -0.0294484542762623 -0.167448749845261
0 0.434595602850045 0.328875658001039 0.431802752020959 -0.128410759795401 -0.654983241094939 0.281260296071672 0.449166337145655
0 -0.0917699984596787 0.0838262946024813 -0.757558117573911 -0.626879763971189 -1.871212737705 -0.856964962711181 -1.91819209755658
0 -0.139528170397499 -0.0341922329642568 0.0468438381895346 -0.238097691655604 -0.422963720363167 -0.0977459374352021 -0.242036602914849
0 -0.50707215443431 -0.360493075714416 -0.197066921927869 -0.0300294874503644 0.0459796001874366 -0.264128002250992 -1.85070624604496
0 0.0458158522769345 0.163834154335941 -0.928342107968398 0.0274515711140673 0.505548115651138 -2.287576288686 -1.84568398288643
0 -0.269842851895717 -0.0232623377108965 -0.319840759009924 -1.03902749435608 -0.378636502164465 -0.179491287206535 -0.399409731052128
0 0.399135642500863 0.439262157580892 3.00651990171288 2.10561906500794 2.72107723526906 2.5100767365898 1.19228103287946
0 -0.0367102495184171 -0.0362734828994933 -0.047277258326885 -0.0902996421616589 -0.172363264324901 -0.0993861145524835 -0.200461780004361
0 -0.885061429074906 -0.262153375016492 -1.28307523240796 -1.28938011069622 -0.287040826906626 -0.885981900393261 -0.0339690999703492
0 -0.734753851840471 -0.23358377164557 -0.665349246349255 -0.4861914922419 -0.0899906730434239 -0.399627083521064 0.309352742531146
0 0.565623711279107 0.612507111478747 0.490122751593923 0.0506826267668004 0.571615483970877 -0.664568832918693 -0.837121769503019
0 0.291162291836965 0.308827595746768 0.342794812239099 0.0641266317540623 -0.340826425581559 0.132412009259024 -1.05299189933864
0 0.963576011062006 0.772728575237373 2.27150885174727 1.04505528858996 2.95913256674055 2.5049306997123 2.73794423194929
0 -0.596039196315633 -0.847401726227396 -12.9436103152313 0.24679632494011 -5.672071816463 -10.95414787473 -4.93912202807819
0 -0.686034304032585 -0.379690306615331 -0.032753253024115 0.410657849378971 0.0632277663825214 -1.17122947434253 -2.68927851972032
0 0.693266256908336 0.48896052662422 0.124727639096909 0.420944569844593 0.150789322077761 -0.0596443307087444 0.293317539846841
0 -0.43767507403331 -0.0651574270834647 -0.387317232384673 -0.356041060602886 0.0475833760153392 -0.0481719125661026 0.466569226924936
0 0.703963309712243 0.605408293918245 0.567830865132665 0.427990157757957 0.206453521915561 0.144724006118427 -0.586927899890354
0 0.281476097621899 0.107499892070828 -0.213296279641952 0.0842047580542618 -0.32391978763074 -0.31199864263859 -0.0848227673564028
0 1.32192366850965 1.45260930087754 0.471567773494421 9.46757138759436 1.14976886753916 4.1481659641341 3.10109671746598
0 -0.0902578639105602 0.0337883378743395 0.106586033544783 -0.340663134880856 -0.360867931010928 0.123346584784597 -0.396668569941284
0 -0.137070802182324 -0.117735012658082 -0.112438386395784 -0.147566462678654 -0.336784819579924 -0.106792846153346 -0.284135712576483
0 -0.40294254379935 -0.0796226534675464 0.266141583794846 0.196935043660769 0.378866145313974 0.22385126816508 0.427601932903224
0 -1.00923704605902 -0.0518485895766858 -1.08231034033235 -1.08588840408144 0.301397197872024 -0.18846406727851 0.169449066523008
0 2.23132955451311 2.51663963055879 -12.7122609558985 2.62782253673129 -0.636570703917844 -2.63349809421909 -2.18604453351888
0 0.331047766220729 0.190265814343488 -0.0412575196565586 0.176360331549205 -0.163100202827863 -0.114026702659198 0.0814573122469966
0 0.108381683275258 0.0804231587566591 -0.027799487357445 -0.54047316086325 -0.987126665098145 -0.262469931030214 -0.325237967735497
0 -0.0970428317707834 -0.057126622747029 -0.0646734697042511 -0.0224054285383505 -0.683308358275435 -0.078507944273396 -0.0138384023938849
0 -0.152099498160713 -0.0858450058098121 -0.185338414580929 0.0335347868897982 -1.34527134780932 -0.131230558029862 -0.0241607448020238
0 -0.847386880596419 -1.45175162021895 -4.03777296312302 -0.739305705925879 -2.44710846360304 -4.04866956121384 -2.79874951047928
0 0.885819562023375 0.517536602588539 0.71123586448525 1.20398760743806 -7.15985534499719 0.581738610533115 -0.297720061012907
0 -2.62623958853667 -2.1175009450917 0.752227569433854 1.11335640772683 1.73110595458838 2.78711862059143 4.18199482832517
0 -1.66022652184018 -1.21805580339407 -0.204632740996576 -0.548369696582981 -0.463372375950279 0.741292198855097 -4.81724584979352
0 0.121237001387495 0.388284655269452 0.0521786058967528 0.682304677587098 0.662283542308131 -0.589057174672664 -1.33516541742522
0 2.58193526502835 2.55688144344002 3.56078950144055 0.525868863849883 1.56677467766481 -0.736870418091605 1.62793943808688
0 0.442436133497885 0.41208928337354 0.382282312912182 0.101640330819835 -0.588688888097085 0.186146681794209 -0.451121382026184
0 0.126775956227835 0.113759117689225 1.6491848321554 1.02748737293647 1.97594377968305 0.647878730589346 1.04991476394273
0 -0.337117746929117 -0.11509801529963 -0.402496744421237 -0.732864053485644 -0.570549744063547 -0.391225509006079 -0.305092793921226
0 2.96656836166795 2.38686057156978 1.31834353056471 1.20849485806394 -5.65324090339652 0.543103847625414 0.329396737439019
0 -0.206114604639518 -0.828891360133126 -2.52813666372406 -0.713999424247499 -0.69122121220129 -3.10938233545301 -0.89146465858388
0 0.702767508162022 0.725224149884298 1.28487846693985 0.480112996987078 -0.161578586177992 1.06289447892254 -0.337949987195572
0 0.356402327682005 0.409725346652642 -1.54390636168771 0.427842794106496 0.0488666881162594 -2.0286703775814 0.109260616922228
0 0.471640730818557 0.187500221521538 -1.66510085745991 0.202370977645115 -0.137683161661622 -1.84342716824144 0.0580219037239651
0 1.29513665090448 0.176430286741557 -11.611342436512 1.05512932049492 -0.885220622092373 -2.24582458914545 -2.60085245048837
0 0.117888117155843 0.0425118527644219 -0.0379180167041606 -0.160704882220865 -2.4788952446642 0.00629369118248535 0.0712758069570274
0 0.0889583252850921 0.112573374973627 0.0111409600782073 -0.0451697674688294 -0.193273473291366 -0.0262994121829596 -0.0219274714028779
0 -0.385973515882643 -0.198342786275738 0.0361231694603461 -0.725804681242003 -0.910430886900794 0.0582684206019586 -0.766187925017778
0 -0.254717114391497 -0.109374907488142 -0.0134640477472967 -0.167452950515051 -0.190084835311509 0.0325690004428383 -0.141057265213661
0 0.180546162342337 0.216861984288435 0.337807990266638 0.0338473882549968 -0.0832449718109256 0.28423561438554 -0.00422191770329672
0 1.11730047155652 1.2259274223773 2.46224537213013 2.58943013634146 3.22373236791988 4.00346237136981 3.31646472095553
0 -0.694821010113166 -0.380146814839204 -0.840154734566234 0.173952748818664 0.332746334295244 -0.589171420213432 -5.45385676151565
0 0.021868694461018 0.0544821870290981 0.110126069003647 -0.227486924470538 -0.268560951118424 0.0442198280134001 -0.39063819701714
0 -4.82498660198269 1.40046861142384 5.41099566510896 10.3533544315052 11.0871100951609 5.4830924557652 9.23737597595951
0 0.220289690423114 -0.0943876177308436 -0.523653362570121 -0.72829351300421 -1.36243964822332 -1.12594165726716 -0.700460613039581
0 -0.311099021666109 -0.183495289834699 -0.559044220779615 -0.850168134037805 -0.826082289590367 -0.665977198855913 -0.869587072547866
0 2.45393804631909 1.99233733763298 0.228778579881407 1.78955378929778 2.40286927381906 -0.404711785122338 3.12459738415722
0 -0.00853919944738379 0.0734542287142368 0.195358793806767 0.134073252430872 0.38159141642271 0.19881720533883 0.854326851669272
0 0.170379973208702 0.266536723350267 0.24038144204347 0.0357418831065104 -0.0277915141487917 0.188425814283319 -0.372976997721757
0 -0.021738583220813 0.157972482714396 0.58030248180971 0.963832812304105 1.0156833667769 0.338719184996162 1.36864123978332
0 -0.0670895274077254 -0.0610372844958746 -0.065591770675544 -0.102510941493345 -0.201705781166595 -0.0979084408764714 -0.212792643888414
0 -0.700248046352023 -0.290651030549469 -0.202123393677496 -0.0531525673082989 -0.21526335587844 -0.158837063962893 0.285535594149795
0 -0.244951425140224 -0.139398541561688 0.0204016251545616 -0.114014610274323 0.0332088673443014 0.0710279274837911 -0.11654924248095
0 -0.386224459438797 -0.981598767569244 -3.96751442480622 -0.721335118337397 -1.23349618653021 -2.49656391627581 -1.57987616435014
0 -0.0511689398609689 -0.0481407320680267 -0.0564236085755172 -0.0966632026772885 -0.186758535108241 -0.1010644482306 -0.20720762705094
0 0.241113009508151 0.140094794763684 0.416224031819553 1.07275635328046 0.847362406694447 -0.114100599712284 1.52724091894637
0 -0.416862049761004 -0.292463690461902 -0.0948798981802366 0.0692281716550207 0.109212259214834 0.0751475596562718 -1.64384073004427
0 -0.0418651169249049 0.0452032534406577 -0.0347690451919114 -0.172327128704733 -0.376613619654915 -0.216634163848534 -1.86742034276474
0 0.199811938473974 -0.52291556672785 0.364231441975626 0.0965712051760406 -5.05208643254914 0.36570191461217 -0.0163883863900622
0 0.68659752997617 0.397999886905459 -0.441380688170169 0.416897533811865 0.0105625298334013 -0.440019806988196 0.51939793813064
0 0.880647370519641 0.928753543404307 0.452847712460754 0.626621011713739 0.912912611439367 -1.49893865094761 -0.68959138280565
0 1.34067756641383 1.40882523725665 1.08035988868517 1.64475052064028 1.62328856260635 0.353021478186481 -0.325962606066259
0 -1.57893280768431 0.48320729092735 0.280323475467831 0.0312461358376872 -1.73470805026973 -1.0355105414371 0.625196008674681
0 0.839091844028502 0.770287105456303 0.547532548009181 0.0433062694603557 0.213172112196771 -1.03155707509911 -0.0879884627255549
0 -0.0492821687115859 0.0432943516669764 0.0715903985500947 -0.016694044379657 0.0566195615788132 0.0733934407129708 0.131021371999892
0 -0.917122489676331 -0.415160447134358 -0.00359066739084923 -0.634926813454964 -0.354518080788466 2.0278310702881 -2.51902790832025
0 -0.288723880814867 0.0219828206763637 0.0549342359679859 -0.56006611189307 -0.0883180815584588 0.26284082929288 -0.31502713987803
0 0.0763998315899777 0.0850291631815914 -0.0682901429195155 -0.126535631418598 0.128173446008898 0.124941153799277 0.833919672425314
0 -1.29457685559774 1.26023919991205 1.25201560576353 1.63649923903732 0.658204090276843 4.43447473731786 1.30959491682774
0 3.42942068025479 3.45924967307592 3.47535569891573 1.26097784218439 -12.1919383570731 -7.57707274019428 -9.18551709657619
0 5.07259607974013 3.41443842253398 -0.736534735064122 0.19779513444232 -14.0789103932623 -2.49149533028221 -5.17478851121253
0 1.64147855504076 1.59754723812289 0.153842059439491 0.962850901640557 1.30864383838734 2.62169210231529 2.90295412064613
0 0.564115174467027 0.623976536900511 1.60591911728991 1.76020763765226 1.9170931412201 2.06097817538848 1.81979626926258
0 0.406980096362438 0.323307980517685 0.0299014733000753 0.206853905730143 -0.120355186289607 -0.0330989718365302 0.27950004744316
0 -0.442374164578876 -0.0856116816807742 -0.232185934004313 -0.970591574344436 -0.113101997499125 -0.0884913738504167 -0.338226790570399
0 0.472189580709006 0.0659824828338103 -0.956761893748091 0.197756589366961 -0.294552063953132 -1.35021284129629 -0.125815705760678
0 0.534234725783531 0.426341661551094 0.348808249489506 0.0928399577589225 -0.313529007762384 -0.0857000599011695 -0.609653830882014
0 0.84169607945872 0.702677074369311 0.414145955925363 0.207359940840703 -4.74034536907565 0.0977193341061939 0.288799370265951
0 0.551631046106667 0.528106763617075 0.813890607221214 0.0497019134491765 -0.0738836166964667 0.655406101674348 0.209522718066268
0 0.288508960826611 0.287435235494147 0.319980619556148 0.198358108193119 -0.472845092707701 -0.0623613583571831 -2.06269505881552
0 0.922646262991197 0.610739212812554 1.97795072340037 1.88731274752019 2.10100991350416 1.97874610348164 2.76664171250266
0 0.1877905504215 0.264466886390846 -0.0437771314980768 -0.115222486955821 -0.609281402374227 -0.270940698314408 -0.732042821662038
0 -0.772253495628316 -0.431361197033695 -0.462603241734641 0.104026821911244 0.137206633061808 -0.968628650922184 -3.98577640603092
0 -1.45155025193413 -1.09770315829589 0.031348439090201 0.0323518883086624 -0.120226148757235 0.802290771681395 -0.627756110762238
0 -0.40623073368762 -0.142556717577003 -0.323818736478282 -0.698102718690278 -0.358459617416356 -0.221436099813182 -0.163057098034118
0 0.118041570826764 0.0440683807563294 -0.0481941717310912 -0.163308994086002 -2.50516272968831 0.0123671381451489 0.0760650115670645
0 0.459288326384685 0.105195777569374 -1.63923741903943 0.392278560855956 -0.626326555357258 -2.14419824664645 0.00709790954612721
0 0.728400458625259 0.741759318911958 0.573258888910918 0.163321453388988 0.332218748960223 -0.702403556183596 -0.0811024622142389
0 -0.0563937787509694 -0.456540564478365 -3.15946170096547 -0.0756004722447496 -1.24036736641829 -3.32498543740922 -1.49320615692433
0 0.00887854112023057 -0.366626182285226 -0.924382493507152 -0.109905466034318 -0.744722376501421 -0.963662205053979 -0.40659822601286
0 -0.792649944368254 -0.646652520715754 -0.0815497022120351 0.087290043174824 0.0849967912208283 0.561555551011509 0.610975686152673
0 -1.31056349488851 -0.953373258369915 -0.266538258481759 -0.252656086070083 -0.346333067304261 -1.1115194137972 -4.04231265953307
0 0.756865844875424 0.708647850689598 0.810005285671714 0.254595305541315 -1.05874230707727 0.514466646842539 -0.762746818710887
0 0.225373683161138 0.252586849717829 0.20297953776269 0.115483625600934 -0.438677624837197 -0.101246674045147 -1.69187971129191
0 -0.789602717452301 -0.283377223671383 -0.351495039274962 -1.20486554759653 -0.680404145240544 0.0222236279313464 -0.907824451419128
0 -0.171131034829931 -0.0665939616216193 0.061004327849179 0.057598410411217 0.163245459887896 0.212079125951623 0.0258869267856388
0 -0.363044985959242 -0.179623876376791 -0.293243500025028 -0.58704580069325 0.250130883820393 0.0137284289368296 -0.0957105792353907
0 1.25943372310398 1.07327216044061 -1.57829748778254 -4.334622130035 -2.64916339499616 -1.17667040398568 -3.9193284158037
0 -0.988068513555183 -0.815100345798102 -0.0505509787884755 0.25113248693988 0.301391684074281 0.751268497388562 1.48246649790001
0 0.530776173557109 0.376183078306657 0.313496823449703 0.311342802627162 0.0712472441413246 0.0816963285443659 -0.331000840652315
0 0.828063699499467 0.301659391712985 1.22423285187194 1.99193473184225 1.18454271504535 0.0308326646737385 2.20095094774121
0 -0.881868491072158 -1.47950331531537 -7.41424796029752 -0.67220601805127 -2.93977235798535 -4.27187494251712 -3.91294942365657
0 -0.0342941022634813 0.0282460979979815 -0.0909556383652976 -0.145354448441825 -0.602233023510089 -0.0253413766612391 -0.532807917904664
0 -0.17478100322257 -0.103592904609822 -0.225152488139979 -0.0328254886289077 -1.44668541608727 -0.0987514916305068 -0.00804869543084963
0 -1.11048385815207 -0.809406055811755 -0.00609017483935403 -0.0252723512501607 -0.00254265278718169 0.666458683047645 -0.0401102204550634
0 0.659882846745415 0.185511524811503 -0.752735862968386 0.473749595158278 0.756202595746416 -1.39665187687478 0.876463788514268
0 -0.164891941952553 -0.127268249921312 -0.29786062383351 -0.00858441208503269 -2.67121388312108 -0.238772605480979 -0.00634152555661682
0 0.404581966316325 0.386135517293663 0.4596637906034 -0.0258007909578772 -0.819153220924072 -0.0379939351518672 -3.07337164760159
0 -1.09312381928417 -0.207515261414986 -0.204915820527301 -0.927614467902796 0.925095612806839 1.3773706684998 -0.0964509518406196
0 -0.64217144012286 -0.329550582900398 -0.350034148018304 -0.049646544387107 -1.66543071544631 -0.179440563828288 -0.109145708568323
0 -0.295674007884977 -0.19676239519681 -0.0516592821131057 -0.230210318395628 -1.52050595736433 -0.0117102390501711 -0.00375639835359243
0 0.833029153040679 0.717093966035957 0.740365947026255 0.685972139382869 0.303790893954462 0.254919716961885 -0.960224944907846
0 -1.08159345835409 -0.958871750954105 -0.20344555422839 0.201732907347684 0.236658753347195 0.681175395835676 1.54661949872072
0 -1.53830966668937 -1.20730906701208 0.155605546275495 0.238672729122936 0.409173340211456 1.62043709004655 -0.321317113760671
0 1.55435382069674 0.638342077918676 3.90174921226512 3.07994893851958 2.62485788593198 1.75352239856408 2.0775961328245
0 -0.360981707092922 -0.305042077994901 0.119274122822331 0.00958870030203585 0.499436701375914 0.128761747961462 -0.0882224899395094
0 0.310373316568818 0.127427053751855 -0.150069407907362 0.0746381274209744 -0.259895808515362 -0.401099121693651 -0.337006655223994
0 0.225394273286514 0.110957926852405 0.0375607708811621 -0.15477220446967 -1.88266899654685 0.0213830883456758 0.0810766525966471
0 0.275055866319247 0.254957809487704 0.134109168338256 0.100375810734436 -0.0671124009791395 0.126525569126136 0.123918073246646
0 -0.104811126783851 -0.031518203149183 0.15682945672631 -0.366575410488664 -0.703101903379554 0.00956213476203871 -0.948285394865714
0 1.64423579892318 1.50018447797448 1.4459467348083 1.69126076945019 1.78676143035666 0.680807150468269 -0.10642745951386
0 1.70323164123665 1.57215176831014 1.32799520614421 1.72442906496403 1.406688942216 0.748281360580993 -0.123169067609414
0 0.66836331872368 0.396648957123919 -0.526614635132165 0.43720237602047 -0.0747159415502372 -0.39776338533765 0.739226601796524
0 1.01358569068188 0.886664178971982 0.699009590404074 0.175350798104708 -5.27246821550721 0.178881613865592 0.410638830351953
0 -0.846094163690346 -0.145152302386851 -0.906257011747709 -0.611201849752131 0.386932645069823 -0.392225966737069 0.443410825653778
0 -1.40204158455809 -0.954051238574301 -0.414716906017865 -1.22653583928299 -3.60938391237147 -2.66857300936189 -4.25082682516075
0 0.133458673188679 -0.257605402284405 -4.51781952278471 0.241660518250219 -1.96390070751963 -3.64062425389917 -0.00437008185256538
0 0.157792261452944 0.156734794839259 0.21059150714526 -0.0275964226766758 -0.240366840818109 0.0198825811351648 -0.492603091848463
0 0.41231030808243 0.330363559272993 0.499253856093638 0.194944492311024 -0.306093805477825 0.0735537587590791 -0.913920948207238
0 -1.79122047892902 -0.938832616778111 -0.798530401341806 -0.793377691508214 -2.08286600876837 0.4554656278717 -1.5280315846472
0 0.432199114101296 0.411901590492066 0.460316794013798 0.182635809329966 -0.016947188795573 0.20320405880072 -0.489639166660034
0 -1.22529915357719 -0.763799902198841 -1.22631397308434 0.150488941060541 -3.64844482764373 -0.512513348419937 -0.475029722772081
0 0.548604927978323 0.19889035089848 -1.13847184857386 0.379048426391976 -0.355772256859059 -0.665863721052709 0.790391589037102
0 0.13054139021347 0.128596799412527 0.359620600369482 -0.154808576716899 -0.684130679268311 0.10696595465544 -1.14899851285852
0 0.238530077576996 0.143181995293711 0.319636601175837 0.0445072315343271 -0.431201166175571 -0.0288509703444788 -0.650660856757378
0 -2.06555100814577 -1.04741773196667 -1.3012018168042 -1.22867954479096 -3.65401190975795 -1.00238235615841 -0.532690224058857
0 -0.016887786929062 0.0276941345614086 -0.0334294630285727 0.0363276624268174 0.119533253550807 -0.49750648174734 -1.061301196337
0 -3.65737494528122 -0.338378678895793 7.12153713678037 3.28444606642299 6.92979867218514 2.18786311339995 -0.604575904185015
0 0.493979160196584 0.398422619533807 0.0533889432829451 0.52513872970842 -4.53978794216655 -0.061849533379009 0.222059557128816
0 -1.70207196210733 -0.566842396848314 -0.344550961455734 -0.533365440193705 -1.4888104886638 -0.409830919215086 -0.232675687800231
0 -0.671728586365576 -0.184562871256389 -0.0446278021563025 -0.567945011202747 0.462294135402809 0.611722483999346 -0.071894918800556
0 -0.542407511857117 -0.158677407278757 -0.35921992831355 -0.723661678890174 -0.226167714392149 -0.0720405050089692 -0.195933307343147
0 -0.494083780412637 -0.154822370194099 -0.524812932674722 -0.823770209973524 -0.31311835439765 -0.238993678177115 -0.338311815111036
0 -1.67022616033558 -2.54719858054969 -4.74708952177847 -1.54384464988094 -3.35845509746071 -5.18551384656657 -3.67967632723828
0 -0.669862971513178 -0.28803470765375 -0.327470805156963 -0.749640530549884 -0.407028504514637 -0.182866071131096 -0.056260099738429
0 -0.275015474252964 -0.0834695467978506 0.233358791660205 -0.574566634456346 -0.752995507777143 0.24719328069477 -1.10362438824761
0 0.0919511505514006 -0.101944081837352 -0.289740960879632 -0.111220424611762 -0.58392053975667 -0.496832830922464 -0.759944265444323
0 9.79547763733135 3.08470180032899 16.4885734939757 31.5806730264794 8.10648194893695 8.7040264441824 13.7302715599414
0 0.89690080075783 0.827469195977258 1.04158202938005 0.766494934902784 0.246026200230826 0.488552197436036 -1.79311388069262
0 0.521606010371112 0.549109179650204 0.243744084361484 0.149141941368869 0.574946262316457 -1.15640576210713 -0.49101654569443
0 -0.00050141521249536 -0.0437171097964013 -0.0980125059276595 -0.132997092909894 -0.542088069085155 -0.197872842535763 -0.474922225183228
0 -0.390268773374288 -0.17887389177581 -0.426299012200404 -0.28382023028902 -0.255803612667309 -0.480603699273665 0.383255739001457
0 0.54158812046211 0.223695629794006 -0.0441470711358907 0.362968658358488 0.0151106524552844 -0.411460644305334 -1.10845485652236
0 1.02928828157495 1.08413582659604 0.249959376360117 0.379481820956187 1.05918650439119 -2.16397642251746 -1.11435694990247
0 -1.00651900615531 -0.72857819705634 -1.26038954768219 -0.402480537804834 -4.05262294769711 -0.901281598783566 -0.0276558505951279
0 1.49627158485826 1.06575634089707 0.428493018048847 1.23053579722713 1.68122767888831 -0.459330847394373 -0.383465653445814
0 2.07176892850593 1.66464353596803 -0.0220441350283878 1.4554912008642 1.65170542366051 0.251067356208935 3.17634010912157
0 0.634317471592009 0.56207835410261 0.800909508851891 0.506135523761323 -0.0645006919598039 0.376662134034255 -1.60444603052478
0 -0.356380666188314 -0.0593177696565741 0.111657918326087 -0.104694434697078 0.0474746970522997 0.270958985207979 0.08237422093476
0 -0.164686570563312 -0.137446198022114 -0.127461219916022 -0.21516250621361 -0.520382364275195 -0.186042944128403 -0.389684364831099
0 3.29720699927281 2.66447566427436 1.22045771630088 1.28668432544456 -6.41914222683159 0.65978896452399 -0.19537126933484
0 1.28060462262529 1.03903517139 0.0344549515903338 0.466226172887509 -2.82547034553554 0.563569233917253 1.04506479056477
0 -1.0872395296638 -0.495184613131457 0.166663664534427 -0.232549005559738 -1.36172391268345 -0.0999388849044927 -0.193705633041207
0 0.694332018990631 0.378444476101669 -0.903048735307443 0.496734144656555 -0.150280579284873 -0.477875537430013 0.934619903234445
0 -1.67874889082974 -0.266208694726494 -1.06463160651467 -1.56436939002531 -0.615231822308871 0.161077573029388 -0.319331178218732
0 0.661755239815633 0.927954533017385 0.173137148049349 0.499689673736018 -8.57839828628125 -6.18676889911761 -7.70577516237005
0 2.12806889533318 2.07250614498627 1.41964069776361 1.16041365946035 -6.0536912035838 0.569640182318619 0.488577814849604
0 0.225394273286514 0.110957926852405 0.0375607708811621 -0.15477220446967 -1.88266899654685 0.0213830883456758 0.0810766525966471
0 1.48618535119696 1.24476183653759 -2.43798636586101 1.42195614102784 -0.0843170341937558 0.00676301966181114 2.36348806063259
0 -1.05558206250481 -0.257869237938422 -0.595166194538908 -1.32749251857248 -0.434284141946087 0.148419331788791 -0.413222839441328
0 -0.253126651523345 -0.503877341792208 -0.586505037131177 0.0809102092914227 -4.61051714214694 -0.222575517553484 0.023811394381557
0 -0.0530018643608521 -0.0503130454080259 -0.0437899519832616 -0.0596101626389709 -0.113157327645901 -0.0371146943754179 -0.116150122519758
0 -0.437772513261198 -0.201560638219831 0.0957618296893825 -0.0976297471569687 0.443513494494521 0.189404776306637 0.109242868703789
0 2.17305491697828 1.9688607102407 1.3010625799486 -1.28136444223 -2.70146362207913 0.547080803920107 1.48844958087069
0 -0.132429235523493 -0.0611289475963019 0.0216102390887576 -0.152734849011157 -0.0614011977503166 0.00407742463821492 -0.193284420678943
0 0.467104652751688 0.189085183314434 0.0804114579822546 0.31362539018334 0.00478351980366298 -0.364615668772196 -1.03546014993382
0 -0.155778202198226 0.0114724205986523 0.126793943218202 -0.116033296754158 0.0455587791780281 0.249906395149861 -0.0943541585752348
0 0.808359925556593 0.584863885219891 0.764283810526317 0.836643374364842 0.738143527069807 0.234015146438914 -0.901280008241201
0 0.296755026114695 -0.17060033832135 -0.403224240560718 -4.42600158494781 -3.7571253394598 -2.93219676605563 -1.78312246603294
0 -0.99042448858356 -0.122927897097167 -1.37455809645317 -0.237585060908284 -0.568511735781282 -0.384252168530555 0.595645102217006
0 0.575445122443586 0.701353391559632 -0.235260927653627 0.453370999906987 0.883970394672222 -2.17148799760209 -2.05312508890329
0 0.553743623650261 0.344342334587568 -0.104448844256666 0.305202566335028 -0.0515305522726539 -0.284272561170347 0.168206636552964
0 0.0185945064640602 -0.153150419069661 -0.264657710221897 -0.100425349915211 -4.84011685243797 -0.0909754227938517 0.183017435797248
0 -0.393820310693222 -0.0664216980145866 0.155523312590645 0.349209022286335 0.750990531817699 0.0510193332898439 0.761583616977545
0 -0.323187620023226 -0.201842050099681 -0.0993765373964939 -0.186196521838092 -0.214826188541796 -0.01463514233465 -0.182651175180229
0 -5.26402712119317 0.608058371637291 -0.609034082432746 3.56588963601853 4.55448420426713 0.789688729289008 5.04884999467449
0 1.9535494844099 2.09677832369177 1.50134538805751 2.20024085776097 -6.85913635371618 0.848340303145505 0.407743825139757
0 -0.0892312005272657 -0.602724374269725 -1.82361681693616 -0.184476564914718 -1.01854368968293 -1.9898863206007 -0.73631188348171
0 -0.732518025141978 -0.371802227994934 -1.18821601632969 -0.804797061727502 -0.407478526616099 -1.09060179911 0.372631048219322
0 -0.481067544050752 0.0209947590781532 -0.554830548923217 0.334013159061652 0.559610143057533 -0.322943766112793 1.00574962137925
0 -1.76119381405421 -0.677427363864307 -1.04657861456922 -0.794711717480372 -3.34766723445014 -0.686180249835399 -0.239169695921554
0 -0.596657914586764 -0.261920004054065 -0.328699351711716 -1.29426294551172 -1.65219213346669 -0.283956399479681 -0.857216781353518
0 0.34967467979321 0.375032638957311 0.614973483750209 -0.120659308079095 -0.596631469932536 0.206195064400173 -1.47727200821663
0 0.24834539825361 0.257214198663884 0.0503634259353465 0.0473467757993236 0.191841270807305 -0.669052824779964 -0.90203084776905
0 0.706428079842022 0.335125034145975 -1.32554979610304 0.500035830154628 -0.300291303935335 -1.55738859123772 0.629862717135353
0 0.165110837949342 0.111678325943629 0.979204616430504 1.09236810299449 1.40793476355973 -0.110109409525464 1.27603217164282
0 -0.739178831137137 -0.420469249730262 -0.482098324017248 -0.214347057027068 -2.39288218046169 -0.122591104165871 -0.0846618007321496
0 0.767566343961867 0.569627986919052 0.800406790916282 0.795949981350347 0.659902971241808 0.225065498247758 -1.60366307261366
0 -0.603805753827226 -0.293838946110393 -0.332264679724172 0.057775658844518 -1.58797468404249 -0.219988025277786 -0.12045079561805
0 0.736321996942355 0.351499535342676 2.04523799866952 1.74389150214431 2.26893303494321 0.363147613727548 1.70986111265573
0 0.376521625968788 0.248198325772911 0.583232064817366 0.045757768759664 -0.879731965131452 0.177942086313831 -1.36208360236714
0 -0.972213886817247 -0.429814554077989 -0.750564463880011 -1.47335031239611 -1.17801270692745 -0.524239953899095 -0.394013740935357
0 -0.702792306004241 -0.433690302859439 -0.454925255755452 0.380485951102076 0.265384011365612 -0.705840000196044 -4.94585189818509
0 0.203434629728595 0.174786529178979 0.0783679786887599 0.0232665994847743 -0.198638935090872 -0.0484582318299074 -0.168684906222397
0 0.509819333133441 0.370537072310006 0.37436933070221 0.317673904413814 -0.0047399185686956 0.0861498058388062 -0.575771483491321
0 -0.334708994395285 -0.0846474653814315 -0.0358012220849568 -0.296301394901873 -0.33224280460216 0.0413480766699568 -0.0428505005104443
0 -1.12223551491255 -0.777626170791379 -1.11607411535683 -0.71264786989169 -3.90353468658536 -0.872863940016735 -0.0321440738645968
0 -0.622036924804529 -0.0891734139578055 -0.323145659160208 0.187216174051468 0.3851961190149 -0.12465048520513 0.720946328517192
0 0.954846669915977 0.817418338364163 1.04744206988678 0.885259697018046 0.248378971955329 0.507358270789254 -1.58777889309264
0 -0.741178356483976 -0.106635594435282 -0.0659537529132521 -0.0844202375094838 0.550524328030518 0.426589934611441 0.417567807322772
0 0.219180558438182 0.0503010135252806 -0.165194403555485 -0.00163559477588393 -0.402399784275917 -0.370322242876465 -0.502544030244474
0 0.957417518479567 0.731681898982403 -0.0080728540520516 0.639754154761448 0.350947020754312 0.00249144992183759 0.967000468796043
0 0.860512702777558 0.793667523612029 0.559383445884811 0.0378193458915863 0.0227594760574013 -0.402163419664276 0.149301911537585
0 -2.55880173740706 -0.71224123595869 -1.15179431526468 -0.714229361523579 -3.28193667727176 -0.554290712337274 0.0138921726553924
0 -0.163680241861508 -0.158993184971684 -0.152089418559036 -0.0749532740227168 -0.0452889296579144 -0.178619752284319 -0.785314354534255
0 -0.0947069963834046 -0.0840729608223523 -0.0798835165011091 -0.106916754366923 -0.224349732734699 -0.0787578470207497 -0.214357857247659
0 -0.0642419725517867 0.0340248005741826 -0.164045245141563 0.0349550781357708 0.228919671879924 -1.36305531922449 -2.10036129354746
0 -0.17830470407009 -0.106185973281071 -0.210428902017415 -0.0327092350421465 -1.43602902744966 -0.0979614350391174 -0.010360267448202
0 -0.52323504920053 0.0850980506133272 0.562180673917252 0.440683891911931 1.26151871518898 0.897116278012346 0.66221460064317
0 -0.360931500894473 -0.160769579474316 0.120090725274062 -0.0807508959438907 0.272801673891209 0.210006725226509 0.0240908084013109
0 0.811548878503817 0.529982246961303 2.43324999488766 2.00329404406013 2.43573513918282 1.13227599406564 1.67843895683393
0 0.279203731489705 0.210327870783381 0.347552060331605 0.0585571086116037 -0.414026298678493 -0.0118264824113279 -0.65995988824044
0 -0.190929570863328 0.00560526919135107 -0.0178189236259074 -0.135000759369277 -0.370322644480178 0.104761463868483 0.0134858230001402
0 -3.23842504200961 -0.120924756920296 0.0935982403822493 -0.142277225231389 -1.87845240025292 -0.337627381309368 -0.202399046530651
0 -0.225826496655083 -0.20891485593182 -0.393715236683219 0.0241867584201723 -3.75648016619108 -0.221211600998727 0.0456744564708309
0 -0.455135366120267 -0.095389484235687 -0.0924294884314829 -0.174955250799373 -0.145640979123939 0.106953884584779 0.17898570357799
0 0.444205458957882 0.350651061988607 0.17761025628221 0.157756020766865 -0.0604269475699724 -0.1324363430873 -0.276004744542798
0 1.75962750404646 1.32060053926066 -2.40423993843247 1.05579630440239 0.265244511924777 -0.504051888128238 2.74661028831254
0 0.50888293156482 0.689510054727336 0.26006299444013 -0.0720165444562451 -6.59290595242931 -2.9418452374615 -6.57509026595965
0 0.378405425759269 0.333458460420804 1.99072024604084 1.50124595873059 2.14147287370528 1.05336387273728 1.29081083853027
0 -0.56127272057601 0.0162302228899662 0.307031796772762 0.24183636855803 1.29739596903012 0.573268783812058 0.692658994726539
0 -0.0533801165323107 -0.0708167954683852 -0.24174690091508 -0.181507758722433 -3.45613822893164 -0.00114092521795328 0.0783376705832293
0 -0.180801063324713 -0.023328283429489 0.167475763160462 -0.428547480305783 -0.582469460931248 0.0840956335659602 -0.597000531227547
0 -0.722605523016869 -0.177820809068812 -0.24434863172238 -0.417824969113353 -0.544998523716027 0.105787749869155 0.115939397576772
0 0.830923205525949 0.694799964761376 0.615394678279186 0.555667031706838 0.337326016838892 0.172679507509308 -0.538397350013371
0 1.06310997888079 0.951844514519255 1.05561933691362 0.914694185745303 0.639206322644771 0.563207993207692 -0.785471803302237
0 -0.646827817271857 -0.349885635693699 -0.534636339084763 -0.0428650577683856 -2.35202251010486 -0.196335303119293 -0.0882011845238013
0 0.139957649932718 0.338619419873357 -0.895492292995659 0.155313794355585 0.563957633816042 -2.99652977019405 -2.97583310094632
0 -0.820052711133986 -0.1785032150565 -0.112092382940878 -0.643706025090438 0.167429755645276 0.497374129937317 -0.0987497943716669
0 -0.555039223050102 -0.40852651878178 -0.514413307203208 -0.360910096614323 -3.51253308525657 -0.0240382768416962 0.00933384742998911
0 0.931884595087261 0.816677052755448 1.14354513634848 0.886770045414476 0.341902648224341 0.572987579037317 -1.58337676628787
0 -0.136405602430766 -0.640307555381352 -0.545158330514621 0.280458432494672 -4.87831155082879 -0.149132816189582 0.0910781890243371
0 0.406471166274459 0.431753301786179 0.231469036337666 0.0207149783895826 -0.110869508947054 -0.00260031855572862 -0.0801259961152709
0 0.833025211974368 0.674634124473913 0.768822151115584 0.649189613994672 0.128001636625577 0.232568220021815 -1.14236258735549
0 -0.999694401195306 -0.802537548584905 -1.0044305786184 -0.506488988216564 -3.99319717341597 -0.488775242320198 -0.14933454045951
0 1.18754657022555 1.15846417928977 1.25348747778251 0.901940675891691 0.840668162159897 0.538040011958344 -1.40916857011167
0 0.275595425705055 0.134078398407917 0.174306211966747 -0.328708966833764 -1.62027026517413 0.150833100168236 -0.984746676506633
0 0.416813104956041 0.287473296498447 0.205737210162236 0.188744910165916 -0.0725389718633309 -0.0245750768438748 -0.381128899063271
0 0.806199979437212 0.718845321906818 0.911538633627487 0.581707135716888 0.172422592306525 0.374168435140209 -1.23716165712327
0 -0.101414321251127 -0.089022865936883 -0.090887362253667 -0.140837152072777 -0.306948056839117 -0.130300415219048 -0.284680335035367
0 1.95211614382205 1.61410761357947 -0.207309656023689 1.324784936387 1.44745062245214 -0.0833947377094475 2.12476359761287
0 -0.0915195345633621 -0.0812308027901878 -0.0782873831368769 -0.107198887354726 -0.222129192251882 -0.0821364740854276 -0.215260784255494
0 0.508096433327095 0.0959621768962027 -1.32358768839937 0.363371286691409 -0.411585187974662 -0.81987748772948 0.517147045417948
0 0.261500532107473 -0.115670052423207 -4.75777983508235 0.393869250962673 -2.0529780584958 -2.58778919071603 0.588652827223452
0 -0.759115653870943 -0.339394553322776 -0.384279130484355 -1.1475269589462 -0.659201095259437 -0.185629113613167 -0.467006696500366
0 -0.142502848213493 0.041426239068473 0.115275632312994 -0.162439817823261 -0.463570345756044 0.180998256171693 -0.206048818936011
0 0.219094486803363 0.188802217636219 0.0854895135690605 0.025808044642972 -0.179544534444108 -0.0831893849303449 -0.178408134662791
0 -0.146034501183581 -0.123367370263948 -0.119212240122268 -0.183348565044052 -0.42487018415205 -0.155589656127553 -0.344420637628711
0 -5.69077827207504 -0.178144626981005 13.1619436155985 5.53370198652852 10.4732800924893 3.75990455767842 -1.14670703974783
0 0.0506525447650503 0.234679545841423 1.48764160282461 1.17608081608553 1.76345290028223 0.98932687563245 1.08889881635175
0 -0.426711817148465 -0.254832810845006 0.278050994631154 -0.0322122733734913 0.70848089636959 0.296967760382486 0.101688043115239
0 -0.377432880640004 0.211769198324614 0.580441713168916 0.714094352133198 1.37928679236932 0.840526293713115 0.964848315310103
0 0.885635443047139 0.729069469973858 0.853388454255839 0.666384692162179 0.118406596243439 0.252301810232023 -1.24710814491343
0 -3.81802229052887 -0.322018017406439 0.623070191379469 0.386772011825332 -0.663006858976814 1.23435876416455 -0.453730781498649
0 0.667523075732035 0.561874543610244 0.880739446791505 -0.223447905804683 0.114162000460148 -1.97379922152848 -1.2970717083407
0 -0.950852551619008 -0.160010964800172 -0.310616811576658 -0.574952103254919 0.787335195794043 0.537545386915255 0.195940378019868
0 -0.0391466203559299 -0.174507925875608 -0.219831863005392 -0.135999121562989 -0.428788848395789 -0.274016272357684 -0.578524090564982
0 0.633538898069538 0.193250678970429 -3.2050212163042 0.322535533025063 -0.863242957643536 -1.99496808202613 0.502725694256876
0 -0.844448628421059 -0.659092187872412 -0.0565619426420785 0.0494007533100431 0.0293640435735307 0.606687993889866 0.0855446677834042
0 0.582056749497093 0.45123727028996 0.656759009454158 0.349727523781812 -0.235694501271585 0.149995422857208 -0.998094310520012
0 0.125663150636804 0.0444638744723846 -0.153750903956247 0.185898388861736 -4.12524055449123 -0.164471099638446 0.0902603260658461
0 -0.260141722168018 -0.177513640274694 -0.0195354276004949 -0.132092899578872 0.0231370345851016 0.0169051536263765 -0.146046722852047
0 0.519666073518879 0.476019077637218 0.3252425644048 -0.0866705576698443 -0.304532407331553 -0.182436957023921 -0.761879511134342
0 0.0189591187201277 0.0564528137742029 -0.172616955774977 -0.149134897910691 0.108921722703127 -1.1452440029394 -1.72680119322848
0 -1.24002767737131 -0.702152497135057 -1.00818656184189 -0.790259756059505 -3.62962167231974 -0.722089412019626 0.0654756888146188
0 0.24097629589566 0.31569060453586 1.5892519671428 1.59087233118789 1.40501818282774 1.12540015619085 1.28841198472264
0 0.811248836016274 0.555741711331518 0.244511382787686 -0.0558696504374829 -4.46252209973232 0.118819536374446 0.251897438319493
0 -0.513263841633336 -0.225848317948756 0.149862925882992 -0.745638040871725 -0.871897346354725 0.243096405139056 -0.564935730835067
0 -0.784154368880315 -0.644443328825035 -0.178778662523257 0.0656008969645008 0.0204801541856305 0.212064617532674 -0.0298921979611482
0 -0.491930813479058 0.0315304909398471 0.0820782128680051 0.318654227103025 1.16394980781609 0.44884111656124 0.758924100904785
0 -0.144123931175447 -0.124567923116523 -0.117527385460518 -0.144122855224377 -0.340448101380495 -0.0973142123581363 -0.277680607421309
0 0.142754882553175 0.118543214693448 0.0531424914188925 -0.0352722667110381 -0.306861423843531 -0.114191452421407 -0.32594006403074
0 -0.0530018643608521 -0.0503130454080259 -0.0437899519832616 -0.0596101626389709 -0.113157327645901 -0.0371146943754179 -0.116150122519758
0 0.405693889218933 0.285406311435379 -0.00404794138548104 0.162975412531805 -0.129322184615399 -0.188688815054612 0.0290441569045181
0 -0.088474303111582 -0.093471457604448 -0.0882532818693831 -0.0396089350862381 -0.0294808408706164 -0.0810552005973046 -0.381523016846754
0 -0.148965570257058 -0.102116244549819 0.275347456010287 -0.500222111279065 -1.17180309764808 0.0696865268027338 -0.851131282326449
0 0.689848173865386 0.334778932138354 -2.82225175310399 0.627191214449669 -0.796463488195272 -0.568904636300459 1.41009024336864
0 -0.219089918173837 -0.173115119177769 -0.209925116203288 -0.10189535689092 -0.000452593221694997 -0.543541206405916 -1.53317935254912
0 -0.982435028549617 -0.28269051807418 -0.541412747545603 -0.94935850844611 -0.70098281828011 -0.0293356304165755 -0.0715000697405088
0 1.32753297851773 0.960382430878814 0.593959234834672 0.0333412375019568 -4.86220430832524 0.197604766195874 0.346468769905901
0 -0.0683884808143569 -0.0408721624269708 0.0104343281581381 -0.197613085228416 -0.565236727086218 -0.186145380641468 -0.425384400324206
0 1.08421526599409 0.860579121481853 0.475909572890947 0.829978948260148 0.845622084078832 0.0434666191390551 0.899087967336794
0 -0.262397120553954 -0.0897567404898467 -0.372099455042546 -0.581358067308843 0.0969806915878433 -0.25575916736571 -0.229424649618579
0 1.3958983823112 1.28066076407756 1.35467903252301 1.33795504700749 1.14591907150657 0.65315971134957 -1.23986988728215
0 0.177160168780579 0.111512559042001 0.11859358873726 -0.0541797013130711 -0.450290438534896 -0.248417411378746 -0.6232482909888
0 -0.274142009745297 -0.0534444362022679 0.515612939822475 0.584922187845079 0.79027047817044 0.144140652933693 0.738852149555409
0 0.649230631042606 0.521604055219837 0.068690097257158 0.396262120322126 0.0592810373799431 -0.0270668392831164 0.570397094137656
0 -2.23676640654496 -0.249893260637963 0.433022300397139 -0.035591278140771 0.426459509887113 -0.102494440495358 -0.581933581003341
0 -3.31788985778107 -2.58252369547847 0.285863282934962 -0.598114576519748 -0.976246652275442 1.10344987850252 -3.72498191392157
0 0.743866138243252 0.615688690012458 0.624184353691829 0.517739959136936 0.311655672352149 0.166315494341982 -0.627080874171966
0 0.0955465248838898 0.00448187920194876 -0.106217214764042 -0.183982223288057 -4.58271380617681 0.0335597377037598 0.209685486224524
0 -0.174453227924339 0.117130399249323 1.03506340859711 0.730306471365658 1.75696299086907 0.924885096635913 0.874944738036373
0 -0.0909124404598507 -0.0801426384646549 -0.083915416678372 -0.139444164218115 -0.298325874135688 -0.137183385856057 -0.286332840172431
0 0.320097117492359 0.436405407855558 -0.133760838375288 0.395271032764233 0.650083729753792 -1.48034635301117 -1.87211238134852
0 0.239085292012794 0.191513061143668 0.292592150251613 0.0270174803354575 -0.325645789641172 -0.00715186361114561 -0.568138538287135
0 -0.754089773872677 -0.146319885637306 -0.187232763789757 -0.538665472946187 -0.36588680323484 0.342263821001117 -0.0139852643827787
0 1.10496454832415 0.918356914365539 1.05251485398713 1.04847246052925 0.570391432110267 0.435727496041306 -1.36515433709067
0 -0.500740448512872 -0.0388594225433785 0.11964744694043 -0.113329490244833 -0.215525401537381 0.53748484584406 0.0875012484568032
0 0.490196614496275 0.44596360924441 0.395681176496037 0.135928699664843 -0.0430123904434634 -0.0919030256143696 -0.594922811007972
0 0.249932340978155 0.0449869924206894 -0.238927041681666 0.854820895021847 -4.67382777741243 0.0606526498448829 0.110604245443682
0 0.259630935566214 -0.061602002934503 0.21843189203566 -0.0658639677524331 -5.26912545845022 0.0975499854847275 0.305088119724305
0 -0.357229327937111 -0.13199282054166 -0.0578484523967777 -0.420499216144195 -0.715131366877939 -0.116656381513351 -0.149139626341345
0 0.103129100302765 0.171022339448735 0.0302354416814303 0.226147915010181 0.304697223891507 -0.187156255541012 -1.05045001646301
0 -0.336686988245391 -0.114883204195958 0.245791189564666 -0.0110185248958694 0.39833050755525 0.356200936767868 0.075585900143925
0 -0.378646723237466 0.106811883919756 0.751862357120116 0.517587282732919 1.64723004847491 1.10179961476996 0.771346130360882
0 -0.162953406959693 -0.0230119933262802 0.14134949793716 -0.366346152320132 -0.418719348444132 0.0801947706784301 -0.377552976150689
0 -0.798472341855415 -0.45639432134573 -0.510701745249058 0.28763231486548 0.274598966739688 -1.00967334853791 -6.14248992737312
0 -0.281147450521576 0.1007412749879 1.16235818367085 0.693840527863083 1.62410664865314 1.17856878609167 0.760050260219503
0 1.85014303971272 1.71045042830457 1.2114455065857 0.623498650476451 -1.29675198774193 0.588318878987002 1.42563952409933
0 0.0250090801712957 -0.0160038273916641 -0.149671995866038 -0.17312418019314 -3.0470890705656 0.00743101586155781 0.0767223564028758
0 0.126130531922824 0.121922485005566 0.0301898938557046 -0.112943766286354 0.0144101506180867 -0.240545919091922 -0.928664339195411
0 -0.254332880413196 -0.162437591486459 -0.003512716608431 -0.124879321858015 0.0271542666249776 0.0390564949937389 -0.134463199394904
0 0.660592213522997 0.560743953703353 0.154467360729131 0.406541119430882 0.0927838891308141 0.0645164332314785 0.58656666764787
0 0.198624504793929 -0.0721322287548851 -0.283203811485091 -0.0107190058893902 -0.446235989545725 -0.594299843233246 -0.991115678277231
0 1.06236876900902 0.955497919100724 1.10913423917616 0.916885979061044 0.683928519324901 0.472988727269996 -1.12703648153681
0 0.451538642124008 0.283457479382399 0.198643487173988 -0.441559726603486 -2.98697660278962 0.254238962341037 -2.28678202385779
0 0.787179188133896 0.672903413623963 0.833573060365067 0.621676362924271 0.340874339559106 0.28956942164641 -1.0207709337962
0 -1.22604913610242 -0.946209022716307 -0.691523324615066 -1.19775358297874 -4.41106916184923 -0.82437404932166 -4.41344271624506
0 0.352796998948392 0.27788072739561 0.451619545899479 0.134349070471378 -0.362427170447633 0.10552668941409 -0.745269720270867
0 -0.708144249345224 -0.123440948454766 -0.00382900988881651 -0.241289562388856 0.356934407220058 0.495047085125439 0.225561649641179
0 -0.718346107670822 -0.437377015701102 -0.479858439546593 -0.0747563234103623 0.0780673854359701 -1.18878394482886 -4.004629930282
0 0.234755381715859 0.198349835157342 0.187200351398976 0.0114888113136127 -0.274546480566844 -0.0536132722606979 -0.427825535766933
0 -1.02485338927328 -0.478202019361905 -0.357115489232686 -0.218471242768387 -1.46745910299233 -0.138526103763967 -0.169138386408627
0 0.497711589273345 0.388930866785897 0.565051615766789 0.263605315086709 -0.236101574092146 0.102660512844452 -0.861425657952848
0 0.191859667914184 0.172648799004781 0.252380400171918 0.00195642638399374 -0.281767561933059 0.0635696031674957 -0.51801330779854
0 -0.134966888887845 -0.0750699908648791 0.193540760051079 -0.485089482192862 -1.17053886298429 -0.0908036145400075 -0.613729572410154
0 -0.313567203384419 -0.176630266299576 -0.178405372353259 -0.338709032850433 -0.12339217064789 -0.215269587927734 -0.0373746554139984
0 -0.0438016991796424 -0.546126926477511 -1.43818798357138 -0.282689412693383 -0.603294507657393 -1.66493295617685 -1.56372406769907
0 -0.332665427555703 0.0720071851589026 0.360285825187091 0.633614647017389 1.05193192156713 0.374655060726667 0.884865426754123
0 5.07359549310117 4.12567482435876 2.22062178030671 2.12131263994589 -9.23783288325074 0.375557650683227 -0.308157335665655
0 -5.37245948848931 -4.34914761204645 1.3703607156796 2.87343809166615 3.07505619834741 3.73149699360705 5.54346818497019
0 0.00399392576932023 -0.0131132149047613 0.0423208434505336 -0.16324702718361 -0.566497855829157 -0.228948057896627 -0.491723940685135
0 0.613002171246795 0.40889412243208 0.174128579490567 -0.181912170616775 -4.57959991824492 0.148519848358452 0.247992096497259
0 0.371363280389465 0.267987593575818 0.436353426477986 0.131050944894133 -0.432079552561806 -0.0323429786399441 -0.76822605924359
0 0.237164966512475 0.208513964604582 0.231861008645581 0.0420847213885178 -0.0501910696606762 0.113468319582116 -0.291036508145107
0 0.868526312313746 0.651583887320037 0.657709770596647 0.744615997104187 0.395621445450319 0.143974432187537 -0.988054585940665
0 -0.164690355598283 -0.160679505808985 -0.153593219748247 -0.0746918410930908 -0.0461245868967197 -0.17501322459219 -0.782769398478756
0 -1.88414961696147 -1.42260567499248 0.0577562460136658 0.0862044228812096 -0.21884161367691 0.513453444478891 -2.85488043803278
0 0.449085132025003 0.0699543509797387 -1.64990451141519 0.323805735913972 -0.604722047385602 -0.963362336367762 0.767987825054274
0 -0.0325851224545382 0.0811285280130338 -0.21985440947334 0.0855911060342027 0.309177217765203 -1.62954305846224 -2.39390200332641
0 -0.0711511587775835 0.0612896348487109 1.83257157874738 0.8392619822328 2.25930201372129 1.81795942618905 0.760854238268228
0 -2.65554589425538 -2.00663253504977 0.304360269866802 -0.117377174700586 -0.487093714358078 1.27755891268124 -3.15971104604662
0 -0.2827037532468 -0.43890562184067 -0.587601233442976 0.05137290165057 -4.50106625555589 -0.207912902798379 0.10779164404164
0 1.41152856792466 1.21675414575118 0.939554192622312 0.289337413700519 -1.01282465174062 0.174717685912562 0.932007963971545
0 0.539557938486588 0.650986097768852 0.219567148203417 0.329449607296622 0.738454869238621 -2.3176578926917 -1.95116016802693
0 -0.161063259560712 -0.154863959260604 -0.148533726736459 -0.0752601829772557 -0.0431366781126972 -0.187530899865307 -0.790782382336377
0 -5.4155083539661 -0.188308664877955 4.75886215674927 3.62963971720093 3.49576718569816 3.06181589011393 4.79380273805138
0 -0.419091007439434 -0.177680480414393 -0.0928375775326309 -0.642190134590013 -0.822354273557728 -0.113151814478092 -0.26405929884303
0 1.97707911278776 1.81000387096432 0.968297649557591 1.53916823675148 1.84892848774931 0.893448481560643 1.36876116321602
0 -0.753883165380246 -0.213916327145109 -0.40056079999758 -0.418939142497281 -0.38860753257439 -0.0280766341356067 0.187367422613445
0 0.612313288300058 0.422079348220267 -0.130814286238859 0.369744722470877 -0.0279106840907577 -0.21965419333377 0.530806478248689
0 1.10268581712724 0.987798269679325 0.689773763511811 0.154799781213073 -0.115032798962817 -0.170085255941875 0.52351090699747
0 -0.358774968713389 -1.09038958256204 -3.42733087881203 -0.568775753517547 -1.5652666186719 -1.74192637341335 -1.02144753033115
0 -0.0862809295347684 -0.0767501486044182 -0.0756627276255728 -0.106954361207589 -0.218142298913677 -0.0868501350582327 -0.21577967292502
0 1.12916679517367 0.901927623569783 0.192877701951705 0.732217195321766 0.730132122100713 -0.133361395323428 0.228534244042359
0 0.049792953759189 0.198317384293306 -0.37625477472513 0.192065202125885 0.485015165986995 -2.03759598613263 -3.03259788293682
0 0.606488158074353 0.380863606161594 0.100694807890608 -0.0690334326879944 -3.41012606950243 0.0553088014473588 0.171992290084757
0 -0.825392768928332 -0.252820286062889 -0.439652405456872 -0.567206143056158 -0.200609069722113 -0.0618438809000104 0.169741656257994
0 -0.468653665264897 0.0275278136863282 0.61143270338694 0.302398691894322 1.6164633442689 1.07866372137268 0.657831434299574
0 -0.360981707092922 -0.305042077994901 0.119274122822331 0.00958870030203585 0.499436701375914 0.128761747961462 -0.0882224899395094
0 -2.79146407230815 -2.25543453511643 0.7845615034856 1.14623909195945 1.98693466435267 2.80698016657838 4.3152603663292
0 -0.237843274666209 -0.201775484992209 -0.0195094690642779 -0.11485825975137 0.1264891410058 -0.0146617680266286 -0.148478406995528
0 1.36653000795651 0.961929199877225 -0.258162286098042 0.969712759294076 0.961908950017474 0.470571530011537 0.830976402575178
0 -0.157447924736263 -0.123957227757824 -0.146989566902898 -0.0732695625355584 0.005386630893089 -0.444110220506672 -1.18525266099716
0 -1.61309270797545 -0.33081092762351 -0.163138805371846 0.114054325981872 -1.37317803115015 -0.545561657052243 -0.432011580050656
0 0.479731202246722 0.540278287394047 0.371712320695485 0.307966470399494 0.575517006647701 -0.871716281277187 -1.22521006915701
0 -0.246868367317919 -0.0480861806843915 -0.348554779047436 0.0697374702482296 0.309650420316309 -1.40407864462584 -3.10285489037119
0 -0.633283879572351 -0.0679707406876009 0.15914149644577 0.0953656389218835 0.420176398811611 0.5861670845318 0.388280041655776
0 0.236959220340989 0.16319109960547 0.261739103654389 0.0058691998128495 -0.42825693335852 -0.157191043865266 -0.603071169207105
0 0.60037482350641 0.198133781138893 -5.88449279329585 0.80405296716113 -2.12464543746091 -0.984072914086305 1.31281856864476
0 -0.265375007758995 -0.127825238232831 -0.031286282447053 -0.169865637725031 -0.189999314681984 0.0185545819449784 -0.149762994940788
0 -0.564838413367958 0.0311364816112878 0.469583963231255 0.16219197164374 1.6943691699936 1.25711121455695 0.638739376256346
0 1.0481658262378 0.69863103066038 -0.694256091649056 0.64390139459103 0.489246460070245 -0.476676523706422 0.582076591494072
0 0.781221973192075 0.596755955976207 0.852179163060665 0.646670243965083 -0.068594716882707 0.213629249982997 -1.25471324066049
0 -0.471612490450486 -0.173663867827727 -0.115362200965386 -0.568563048680144 -0.641398169098002 -0.0806867204757822 -0.135897004354046
0 0.594077747103084 0.510137044339931 0.482992396317764 0.282156008748656 0.089360909022254 0.00144999816581937 -0.635834258978962
0 1.47067762395085 1.23675829953621 0.66531081107034 1.1597768029139 1.23653032431382 0.313086726769635 0.346932700561469
0 0.0727619948200271 0.0603989778077914 0.281725166869903 -0.140229441659713 -0.611151333918833 -0.061219282073294 -0.558060822745022
0 -0.234393517950655 -0.115345718447406 0.0444766645164378 -0.102977230475321 0.0393506358493214 0.101552000512287 -0.0975320414827356
0 -0.67581512040184 -0.0654578555312799 -0.0543559228881172 0.111932611935048 0.637545500573115 0.413029402069236 0.54733620784836
0 1.04932774828855 0.891640745028754 0.643523842707395 0.711450455905121 0.64059936884855 0.173882347136484 -0.336158472593516
0 0.08362034076469 0.0669134466474732 0.119388089619203 -0.097409898357494 -0.387883160180794 -0.137387957288457 -0.471547436031362
0 -0.819230182617231 -0.179246715210486 -0.284598462881636 -0.35749852330469 0.437788184887214 0.27526311450522 0.304829144179818
0 -1.09011172595877 -0.524326918231364 -0.435760389791882 -0.285956689768816 -2.0824192424654 -0.119879053515653 -0.168560277128558
0 0.327485791942154 0.249342180380014 0.365228351517331 0.0993488493982913 -0.296177076539355 0.00025622233195044 -0.627366846962746
0 0.0675429783307342 -0.0237953914549189 -0.135990429868428 -0.0953966406550473 -0.432686722758047 -0.298761265692777 -0.442877364022976
0 0.539674011382065 0.354193492601212 0.593746997322469 0.285520672129604 -0.594657213628068 0.0139289331719361 -1.01769656785589
0 0.724740948853665 0.375183449636408 -0.981530173856665 0.518532080545391 -0.0959508126191846 -0.649770382335566 0.724650285116248
0 -3.0546327877808 -0.199032475130707 1.0148367708714 -0.161644334901563 1.06824183636103 1.0990415747543 -0.737390912813641
0 1.05120531076832 0.93374339614561 0.697846988731818 0.214892382159359 -5.24600709998227 0.214369093852023 0.386325646057994
0 0.862617434475588 0.68094918380533 0.520579874625065 0.542369758373288 0.233247490800775 -0.0144930490804267 -0.827485922556983
0 -0.574558816752318 -0.443341015090194 -0.57036285009385 -0.382915325274301 -3.75749346271029 -0.0277207969566016 0.0253434414265099
0 0.389897557727721 0.27963227003872 0.44491683594992 0.149317170312763 -0.414576850481934 -0.0226824496253251 -0.768788029104325
0 -0.0854799773670087 -0.076078135576241 -0.0752586754198996 -0.106862784611039 -0.217506138379271 -0.0874944563403122 -0.215784980163635
0 0.0372262945352126 -0.00657972473006296 -0.320068852982986 0.253999631957729 -4.18539621744899 -0.148929886496592 0.117168409076994
0 -0.644347922782377 -0.191209459599737 -0.185455512217997 -0.29819894580257 -0.188244446072277 0.118837254020871 0.148710180120068
0 0.365574801573013 0.158222786322664 0.0301165757281403 0.492897500177511 -4.98205126506267 0.0131824527444646 0.255809331139247
0 1.88923601708652 1.7806029440526 1.38776684017576 0.673716751972293 -6.04958216957602 0.399441046858588 0.590444752244212
0 -0.0435854815171144 0.203409411112531 1.90980383179233 0.922437354893935 2.43029741445824 2.16293460872516 0.887706546992556
0 0.208729501400812 0.157421076250357 0.127793398558422 -0.0107916059086932 -0.321482682346625 -0.139135238138965 -0.4583328478888
0 -0.533615749757905 -0.176802740737431 -0.023463092590017 -0.5947079205561 -0.713032499163971 0.0743134095178828 -0.186220763376324
0 -0.415777721077413 -0.419554415278331 -0.464116282273817 -0.351001039126761 -4.13395552836194 -0.149938188037636 0.0870995583728185
0 -0.0872109330463431 0.227565135852631 1.46061239192673 1.18107967526136 1.43540299590471 1.30305670820924 0.964692450908094
0 0.33135159482363 0.472393849141717 2.39139974812296 1.48596579961498 2.78409907401509 2.37890619326309 1.21322812485324
0 -0.454789509625823 -0.161697224280678 0.181683498404507 -0.030513731921884 0.677392330576991 0.289099229700223 0.25706501437668
0 -0.128501347699666 -0.112068689009519 -0.10687671012357 -0.191087553396032 -0.482069443950841 -0.18390362412972 -0.372531375543603
0 -1.3637623777076 -1.17767126841973 -0.0663276684715273 0.325305770726885 0.449416329031738 1.05393655524081 2.04331888652276
0 -0.267680404763828 -0.118873404212289 0.0691735450524362 -0.416497703279294 -0.753666311435671 -0.0744808344816459 -0.316708803129931
0 0.0873009221718757 0.0552695955005964 0.116079538514361 -0.0981593492603308 -0.466075583131766 -0.163772770633262 -0.490738582593131
0 -0.263405809836601 -0.142553086178018 -0.0676691310388584 -0.217575811508538 -0.301892132481904 -0.0706136430969533 -0.206222865724046
0 0.0930143479716357 -0.0307485231019005 -0.237785086387817 0.363869106108222 -4.50669976146443 -0.0741882520617221 0.151938089442449
0 0.192689730350068 0.134328198473943 0.216226565417552 -0.0220153837203547 -0.412146177588893 -0.132879959233222 -0.546336971187808
0 -0.146121947345222 -0.123172844610553 -0.118792697691263 -0.184368301765518 -0.425344691584332 -0.156540064350927 -0.34594693319352
0 0.0914223597075985 -0.421534188349749 -1.90866703422718 -0.0372995289188527 -0.875014861105884 -0.963861187196835 -0.119261774055904
0 0.017603634790337 0.0146753444670455 0.0142297459269223 -0.102355693265308 -0.250802630917721 -0.101901773096121 -0.310854737165949
0 -3.46536917091467 -0.123269677389636 1.74649305937084 0.26753388363815 3.85080556973768 1.31125510897729 -0.844388951554611
0 0.261891292014928 0.185399547525394 0.286767697833161 0.0302028357742739 -0.394555472307262 -0.124996574469613 -0.608632181486245
0 -0.118167827551087 -0.0430156025092501 0.0422232361664427 -0.295505007167431 -0.719036483121254 -0.180973962617959 -0.318589625864915
0 -0.373768897384898 -0.110000287047303 0.00495092861727553 -0.211356813996087 -0.150446996991712 0.123470130784374 -0.0123466608800573
0 -0.450670402897883 -0.00978227613642879 0.537268473463644 0.312511178951862 1.38111464103672 0.778774349162202 0.634484912989826
0 -0.507961861127138 -0.064262576413558 0.369087692509 0.111086728204908 0.644800004090966 0.625109591361793 0.332113366794445
0 0.266773661697332 0.143538928549473 0.13794562639743 0.0316135973566603 -0.408181168583507 -0.275460707415304 -0.729662327928491
0 0.00775212702562555 -0.0179777276031841 -0.184205178503371 -0.17820242344926 -3.57129441544102 -0.019894675472762 0.115165905191144
0 -0.269198417912262 -0.098014575189608 0.0444434840944385 -0.116473384087996 -0.0814222965027547 0.164056746790353 -0.0925640694881826
0 0.0460366088523081 0.00828683149237008 0.0950756974872995 -0.143635635981488 -0.665235552174011 -0.231455152840107 -0.545184421520588
0 -1.20515697957121 -0.83233460687681 -0.321610577417852 -0.132629912236105 -0.100399302121724 -0.564379600690675 -4.50239395551257
0 0.00585846964802772 0.00114972187654661 -0.0133240137529227 -0.066752747602677 -0.124450144721432 -0.0627425645508193 -0.171005573961557
0 0.0285226738774274 -0.244739177747054 -0.432136290980504 -0.161788919674486 -0.615323688984431 -0.785673661952194 -1.22164462640722
0 -0.66494327971099 -0.23483571499535 -0.227468459029625 -0.671583047832641 -1.28853015874235 -0.116847345628059 -0.103499330165548
0 -0.383280113766414 -0.103358614717427 0.73842329104106 0.258678654030932 1.13581381119247 0.792858894318619 0.358257770579149
0 -0.152872141787535 -0.0511876202700989 -0.342129634512277 0.0167790687890488 0.207914779625607 -1.63670143567417 -2.64223743732405
0 0.393957501368366 -0.0714076360801776 -1.87336409664661 0.210477202720453 -0.573649016149592 -0.833558020590104 0.299707132817181
0 -0.600274356475236 -0.162165467065035 -0.0282075085047904 -0.215586367328179 0.482423569096397 0.265112016192669 0.25669522190258
0 0.167346779453813 0.267564552445497 0.0985516947251233 0.187894788146657 0.372939369289957 -1.15853270466626 -1.46328332481085
0 -2.00634561135358 -1.51932198662341 0.136593750011091 -0.086262172433587 -0.275605141413395 0.988552960858124 -0.544415246162448
0 -0.0741989984281943 -0.110013094275851 0.0606761829632063 -0.207980679606816 -0.527641391393365 -0.207325067863282 -0.428977928148136
0 -0.0191242372885192 0.0114816847457675 0.181043820622547 -0.23234979317278 -0.660121160039349 -0.122491026585907 -0.448491941945806
0 0.186430568424486 0.158273684976023 0.0878163154332752 -0.0125534839624271 -0.25215338110161 -0.118378611345213 -0.313440097934379
0 -8.23743742094168 1.13050409022998 13.02982886999 17.8636348510313 19.2599341585255 3.1367588619688 12.9425600043517
0 -0.375983885614922 -0.172958417450952 0.123157975940295 -0.0772498576580292 0.274809078900661 0.2246027809233 0.0201475612895008
0 -0.0530018643608521 -0.0503130454080259 -0.0437899519832616 -0.0596101626389709 -0.113157327645901 -0.0371146943754179 -0.116150122519758
0 -0.0761068224803334 -0.0650749994567186 -0.0683215117016136 -0.113750678665073 -0.2131976151175 -0.100095614352563 -0.228025033560152
0 -0.376999325827867 0.0855635368226437 0.893492946722448 0.618361062220945 1.365751043244 1.02682980564693 0.724934193396701
0 -0.400289754064616 -0.103861696617125 0.00451411514559563 -0.195404090357928 -0.19721835797405 0.164521126444466 0.0151549891493916
0 -2.14029657519884 -1.69231176455199 0.372648312930359 0.404982965946425 0.405310215950255 1.5004773190168 1.52059349974488
0 -0.604353329015842 -0.196622812671519 -0.195149321940143 -0.386844689466352 -0.206678045328594 -0.010908232357961 0.115501211048167
0 -0.825169435917401 -0.13569990191799 -0.268805581552998 -0.139598355856462 -0.093965563105245 0.313290355256072 0.347129096898644
0 0.160175227795206 0.131126631082775 0.116808404548467 -0.0520283711090057 -0.364595334342152 -0.154627688871557 -0.47717688634815
0 0.251928321820162 0.100125755517954 0.0398121118527719 0.0333359867304885 -0.333011252310112 -0.32572746129093 -0.708108181687607
0 -0.525567857286582 -0.195872005458725 -0.0751145798830262 -0.539707509421193 -0.688707772387817 -0.0212890537400323 -0.131207393081036
0 -0.098088174598735 -0.0872874274155659 -0.0816118727114752 -0.105954743362181 -0.226399261458185 -0.0745592177334649 -0.212497810708863
0 0.0942533783839181 0.02157847762712 0.0235739302487303 -0.100251845891579 -0.495359508619455 -0.28079700329924 -0.649422025379748
0 -0.663032847564764 -0.172795717899691 -0.0966843445949852 -0.272702250458625 0.289899422817491 0.230308208012369 0.225592063712739
0 -0.170510328743053 -0.142741545631517 -0.12439560930508 -0.238287364009124 -0.603924940388628 -0.215218769722409 -0.425259031885514
0 -0.130565799783982 -0.11224155510775 -0.108432793686899 -0.147799625503727 -0.332072739240929 -0.113319344864114 -0.286145500414481
0 -0.154835114812898 -0.145874884219965 -0.141240740642424 -0.0746697587976803 -0.038055428132056 -0.206895522991782 -0.799813857736591
0 -0.000189386422000837 -0.0516487754899924 -0.3723320251563 0.264196227994233 -4.26155924090428 -0.152710778639882 0.11586833834799
0 0.491119869104072 0.352238390120898 -0.076643723722591 0.248536929264776 -4.12794617387999 -0.0598844744277454 0.15356704457984
0 -0.36859751785698 -0.112052255422185 -0.0470180867332157 -0.326353428135004 -0.462711708459562 -0.00806726018829451 -0.0679473299398996
0 0.187796496889428 0.127963247641693 0.206417573184723 -0.0311566483698158 -0.421983954038103 -0.169385580230863 -0.551803436942158
0 0.0417585680333197 0.00894227371103007 0.0801377197388007 -0.147321612448065 -0.599440778574701 -0.252581025699234 -0.528662034443311
0 0.768517192117011 0.388478613504036 -1.32285914699281 0.501719263412539 -0.0578121611303946 -0.521291183450316 0.700715558457079
0 -0.0850346770865498 0.0184860222248089 0.0944048874664389 -0.17735386273969 -0.164098381214742 0.00338191030300816 -0.186691992905125
0 -0.79987449523181 -0.688483270818897 -0.261989725199655 0.0545100436892492 -0.0166911354864805 0.0876145584821999 -0.0356850568723819
0 0.736415055919574 0.556485161115875 0.295165964358441 0.416744094691692 0.276112363354249 -0.198531515758438 -0.552236378994728
0 0.307489644725177 0.245160535365754 0.317537831770348 0.0446752350176336 -0.35474061729003 -0.136866359140949 -0.673338189317437
0 0.0972664258932951 0.0954785386795862 0.153554861969198 -0.126832778851028 -0.468005891918306 -0.188729196928673 -0.452148301754399
0 0.45283241392147 0.29885373003712 0.232328602323399 0.189105388097561 -0.126174381160885 -0.265525253336406 -0.869855730720319
0 0.626745402573874 0.501775753407509 0.270586341833708 0.393409723548968 -5.03236120568445 0.0351272260472726 0.317540137868976
0 0.225394273286514 0.110957926852405 0.0375607708811621 -0.15477220446967 -1.88266899654685 0.0213830883456758 0.0810766525966471
0 0.67307724770515 0.509057360111578 0.299080058412427 0.347680001207213 0.1952650520956 -0.239535268793759 -0.768232562452702
0 0.151511966737102 0.121727668203727 0.133131085058608 -0.0651053539463682 -0.419812296860544 -0.163689548321894 -0.532856690260987
0 0.0357474792132848 0.0239757967478615 0.00516317091999863 -0.0791043493777277 -0.169668665395409 -0.114692610023741 -0.245861770757981
0 0.117774103343284 -0.000297405813015406 -0.163725267845108 -0.0532833877759873 -0.345767110593824 -0.32584332910043 -0.335156469468738
0 0.917679142210527 0.573190362670745 -1.76136773240807 0.700688527682756 -0.133075394393449 -0.358272732767308 1.29579562200491
0 -0.184890133414781 -0.0657926845177439 0.0269894913970994 -0.240778203082812 -0.432298370841538 -0.0627507956849538 -0.244770834020017
0 -0.0999833652550208 -0.116931120449703 -0.0441912660751846 -0.231224119827548 -0.57173936603513 -0.313991419324019 -0.418170222049387
0 0.359860926243616 0.297103105051253 0.166759341660224 0.0986066105721033 -0.152688712668573 -0.094974409928831 -0.318856180556806
0 -1.34755573548449 -1.10070811403188 -0.0249033164026979 0.257896955020049 0.124985714904017 0.712395202052087 0.794878632593131
0 -0.565329202260257 -0.0199219746658059 0.38248730406643 0.253835365013195 1.02488724368741 0.732493985183289 0.547996374198288
0 0.022560404405203 -0.264118691793246 -0.640892896439091 -0.153114541086529 -0.673379976621044 -0.711112157080684 -0.602091550215057
0 -0.238255278805746 -0.199273544981243 -0.139490063543197 -0.223021789083919 -0.186315305812262 -0.204594200158247 -0.268663444424605
0 -0.387500622229991 -0.0654419176078633 0.770347872926332 0.299049295857447 1.09830817154608 0.838320122910474 0.389535234713404
0 0.158960060965991 0.125842283531558 0.16059605067854 -0.0687345261958061 -0.453352122126576 -0.183846860657926 -0.585358181570717
0 -0.0212420331560663 -0.0344738535855349 0.0188259895327381 -0.183379475523861 -0.597543531546808 -0.253466753917557 -0.494009398009828
0 0.0155815535031483 -0.122476501264221 -0.172578115277844 -0.170358594086975 -0.614796412760027 -0.493010112580172 -0.813708274655677
0 1.22431782219033 0.976167078876324 0.317869942472528 0.28995776730531 -1.56351699223679 0.310263153194109 0.888996069787051
0 0.0614974708932463 0.0330424347975597 0.0691931393581653 -0.120959010917197 -0.434440528575431 -0.232400522711568 -0.468108216110509
0 -0.264941309295229 -0.162824131100552 -0.255374730267059 -0.0367965954957596 -2.04714990714592 -0.112234740634939 -0.0220492813226358
0 0.408500752434965 0.336620719974745 0.0578802074060834 0.211089318217113 -0.111160653221861 0.00569377725104481 0.287384660309731
0 -0.168205459664668 -0.0255728749156541 0.0515692791066398 -0.166556229346563 -0.163155220247548 0.0203145712644854 -0.121442321061693
0 -0.245822807927455 -0.14147189505256 0.0182807802069389 -0.114982376211393 0.0326696380859075 0.0682528440285988 -0.118172615765671
0 -0.163837326750444 -0.0619891799002108 0.0364731195439703 -0.286373052108233 -0.64387072131124 -0.143031391037086 -0.293448483756968
0 1.86189615823469 0.931101838794056 6.26567782929221 16.0149359433317 5.56118805314711 7.26427011102761 2.10242064165986
0 -0.301502173470174 -0.166341674552315 -0.0696408928361247 -0.301133078113192 -0.304181305243139 -0.145046753556745 -0.170864649796737
0 0.0122739962980898 -0.030008963258167 0.00263215588319632 -0.162502145548292 -0.574528968872624 -0.299808872254536 -0.515187563927334
0 -0.224743385399698 -0.188737063031737 -0.129889058272883 -0.217406817713498 -0.173918096241153 -0.198012980097666 -0.267099269440241
0 0.632561580975219 0.45832179367986 -0.0675563427415113 0.385831906426725 0.00600990137956359 -0.166284076600878 0.551074465985334
0 -3.00118115903547 0.0794656023795817 4.7162021326903 5.74798116449075 8.40396839534108 6.32157438783242 -0.929765969074211
0 -0.148983197160859 -0.125882268400307 -0.12160139120623 -0.183142494617925 -0.427040817659304 -0.152715284174786 -0.342852171009913
0 -0.74032752804664 -0.497754193891351 -0.259796065956508 0.00997592824472449 0.06330014459372 -0.484004089041463 -3.02398758612057
0 -0.00399062427542418 -0.0221904726590241 0.0302378477752043 -0.172589569015216 -0.579548953796573 -0.257226196000428 -0.495345500011524
0 -0.350616697650039 -0.186828432666713 0.0703530003812802 -0.115836263326256 0.267078848467777 0.117471481356979 -0.0122401783148911
0 0.0939023496841092 0.0732873350676675 -0.0100377418424538 -0.0297738203393978 -0.331696599644435 -0.0573864479447721 -0.23141652442746
0 0.101408991424242 0.00329425776055281 -0.113845558195867 -0.0682605925339814 -0.397771307299144 -0.276591535749978 -0.412505225656542
0 -2.0517923660895 -0.310746873943026 0.96369051907263 -0.00615382018777311 2.45274798701911 0.414758066254567 -0.529177497780962
0 -0.703614803853258 -0.0778178781747147 0.0694961377057535 0.0164056081439679 0.291966537315083 0.601155591890704 0.343877114165137
0 1.30712929949525 1.0729519445867 0.022455473113359 0.885420363251381 0.85190750861574 -0.0219700206315263 0.866074449252306
0 -0.0781549656078493 -0.0720694314756356 -0.0663804552032943 -0.173403715876288 -0.434462524137358 -0.196829955809346 -0.378234992295383
0 0.459905791319807 0.259023627590414 -0.105285114010107 0.20855315255047 -0.163398815964269 -0.276606412953422 -0.145904940805845
0 -0.471595294712632 -0.147446100063983 -0.0243508705487114 -0.196624962348444 0.0463867077384501 0.133361025951205 0.10639850755144
0 -0.293176105757532 -0.165116793078116 -0.0681144258252502 -0.185825979727968 -0.209728577456024 -0.00777585189312546 -0.176019737324742
0 0.968500253080112 0.791780152547824 0.584411262306632 0.0087900892121251 -5.158881540116 0.192542812479305 0.381112070118773
0 1.83992475590097 1.51548343309984 0.88781118145172 0.739116313097748 -5.39212585164325 0.17668744200852 0.418630602516105
0 -0.21509628186269 -0.126268808777504 -0.059338578043719 -0.23337626203957 -0.359445554774868 -0.132499092472802 -0.252484530673979
0 0.512462371913997 0.487919878572368 0.290536250477822 -0.0804529428517888 0.130925150137736 -1.38648025044098 -0.647750604256712
0 -0.0837260438834666 -0.074744310806603 -0.0765202184204146 -0.161625096218 -0.367274964609183 -0.179180805927079 -0.341775388680091
0 -0.221760454718182 -0.0769169208356972 0.000208193941051427 -0.193609912537588 -0.277534367478076 -0.00555125873719309 -0.156406498276336
0 0.886347217846548 0.713786273436957 0.237128586760882 0.513474488960757 0.430152092125024 -0.137042220929178 0.0739370755746105
0 -0.46693242888787 -0.0967884591212398 0.416540819575387 0.127858311906374 0.787009412730601 0.58719512029648 0.328796299146946
0 0.204770507830397 0.0449986069632446 -0.154533509490718 -0.00890957042692087 -0.414706813000632 -0.349778164617382 -0.507358547465496
0 0.142167340710833 0.0687537444804356 0.0677465424512569 -0.076931539250479 -0.506113842055369 -0.271010465381369 -0.633607918885632
0 1.07746155004832 1.02514820361202 0.898069082874883 0.0261898862433014 0.154824987137738 -0.612999991776507 0.314952147097042
0 -0.122746237061093 -0.127614989098187 -0.365063801583013 -0.110610930998771 -3.93667934180721 -0.0486082197044331 0.0909512450685446
0 -0.0488464930167662 -0.0693463372426049 -0.384497652921757 0.0991904471405123 -4.05382038367443 -0.124136096328058 0.0996144951198259
0 0.384578020532993 0.244739185504926 -0.0101441266564093 -0.0950063876164879 -4.04155029086337 0.0414565886856453 0.175325761018291
0 0.722817347703697 0.422548229300679 -0.486603458150212 0.445189278993062 0.0265592766424936 -0.34976761457394 0.683661732852028
0 -0.247800983294757 -0.21154893809764 -0.1712622402728 -0.286209540365555 -0.499349792357036 -0.301100122966108 -0.347591810445845
0 0.845566735914604 0.637709820643513 -0.124039621285816 0.583262879027594 0.183267655008318 -0.143026767115526 0.895402018712478
0 0.0139722818465877 -0.0151204865814512 -0.251945926736939 -0.0916464928984215 -3.46688966508289 -0.0409996753141399 0.0877801329254018
0 -1.70677045941314 -0.287044457451993 0.504047600067062 0.154970306746696 1.48607375038504 -0.0848277639322355 -0.471330970268518
0 1.81869740966911 1.71050631695612 1.29777462967525 0.775962521670431 -0.263200264283782 0.689162175990425 1.50531169321881
0 -0.371713266993991 0.106530558406176 1.0730775857365 0.673751734958536 1.44944336707163 1.26368337514641 0.694066277943328
0 -0.494192003549759 -0.123095931537343 0.0834646374465651 -0.0777317782757141 0.189959594877517 0.334128476350572 0.165236817694498
0 -1.29492217496769 -0.507322223755749 -0.487912850761748 -0.227410765738321 -1.78038381131921 -0.231102678974212 -0.239624256894012
0 0.408199023596763 0.41382138220311 0.212607468114067 -0.117238248672638 0.202138701575223 -1.24275053772504 -0.946689207945949
0 -1.11278216868486 -0.808293877035426 -0.151509296323304 -0.00230023537494795 -0.0617960777433542 0.116159003140003 -2.23585295211427
0 0.483352384370754 0.255789996315783 -0.210619473236317 0.200110449952929 -0.119430346006615 -0.43730625824427 -0.161723476592625
0 -0.162943165193091 0.0296498439449433 1.43397077699936 0.638155701427605 2.01120000600941 1.44636440115665 0.714685799439902
0 -0.0562934439843588 -0.0594946091287056 -0.0261819045468021 -0.195282592559065 -0.563845781908289 -0.253114234945124 -0.45975031881502
0 0.319854648419065 0.193546979790834 -0.0714970676298385 0.12659420769628 -0.257038547001064 -0.15121202931035 -0.0118385459725361
0 0.340855399424543 0.274820797309395 0.145929106248577 0.0893001743989323 -0.184732139441217 -0.0918255722682586 -0.323158803671389
0 -0.276662965148154 -0.205990353984385 -0.30615650166516 -0.106864906009903 0.0331723456209163 -0.774606977286658 -2.09060580243738
0 -0.129134333696566 -0.010060120519551 0.0771314807312748 -0.236324636995253 -0.694349236286577 -0.0287532555030516 -0.343877246558792
0 -0.387830412687999 -0.221369365858394 -0.113464814380186 -0.243801670562557 -0.107224030862877 -0.0788902137759422 -0.101696152733344
0 0.0865774334081806 0.00870299512980832 -0.0957808318577547 -0.0813891865031691 -0.40413053333256 -0.265144789166459 -0.41754309126338
0 -0.149163729109081 -0.126067131726607 -0.117106606982166 -0.209015133124157 -0.50588430340179 -0.193396491000731 -0.388812938790575
0 0.960846482558447 0.715419235418159 -0.394079966261899 0.711778969349631 0.232993997200313 -0.158180737018232 1.17716854109542
0 -0.264943020741502 -0.183138934168594 -0.120999306336458 -0.23706941619634 -0.304236499851593 -0.16215296517487 -0.253106594405653
0 0.340566897712011 0.265385128044592 0.195157321021708 0.0639725543044385 -0.2071464505985 -0.173576047519089 -0.585235246890584
0 -0.422995177234044 -0.172567831687677 -0.0502966864055585 -0.195976624273763 -0.139059983786115 0.101982211296773 -0.0285906339117368
0 -0.140049180427349 -0.120574385434884 -0.114571941570471 -0.146320334388656 -0.338437464580932 -0.102956153771449 -0.281657192468021
0 -0.311837137343186 -0.202312983867177 -0.147923836250694 -0.286885174191756 -0.539626591174557 -0.168693646241062 -0.277659898948312
0 -0.0443144349689479 -0.162770490671347 -0.234880187282428 -0.206573789962427 -0.651629843382132 -0.457126334764634 -0.717786626404303
0 0.309907869619082 0.160111995572574 -0.0130459550307842 0.0512543367036589 -0.279700009132669 -0.334918758154868 -0.580076891298241
0 -0.424759201912551 -0.169436713619486 0.218703995682633 -0.023795797566029 0.545268700549823 0.313273355517905 0.156139657166051
0 0.351506874500826 0.294255492676958 0.0700517798797069 -0.170002579288935 -0.0134316300358286 -0.815736675516439 -0.75933950440329
0 0.149131097369944 0.0614713905003432 -0.081309096495084 -0.240530346016445 -4.38046431490689 0.0756056436666483 0.189019566312181
0 -0.088474303111582 -0.093471457604448 -0.0882532818693831 -0.0396089350862381 -0.0294808408706164 -0.0810552005973046 -0.381523016846754
0 -0.4181151663345 -0.192790964558485 -0.11348756932019 -0.291220565626203 -0.382951425153772 -0.0384088385020345 -0.0995391469846023
0 -0.37459677756702 -0.246656212170161 -0.481662083055282 -0.0515808030893643 -3.09752942897427 -0.128700503502894 -0.0119276051628363
0 -0.139246182752926 -0.118664152288707 -0.110235060555446 -0.204599186502723 -0.496275249560118 -0.195991261284266 -0.387766640430575
0 0.544855538246393 0.371007582561343 -0.0449721622028285 0.192916019951533 -3.96243599632626 -0.0456423847403009 0.158521952904595
0 0.229786188182477 0.070380154968146 -0.215179939259535 -0.799323949323594 -0.482460563290971 -1.0826037386565 -1.09508897510298
0 -0.132821929257344 -0.149296489843636 -0.160425333755335 -0.218772041647807 -0.503630269355721 -0.292750287448874 -0.440335037612508
0 0.876162936464262 0.617506498652865 0.272279227727779 0.0389943045626442 -4.46780358222418 0.0973844221139553 0.257368287762768
0 1.73620356176966 1.30985118998265 0.886373295833802 0.147418265337137 -5.28479008694319 0.270164951006216 0.431957902685002
0 -0.305958267525297 -0.195355210697122 -0.410297620546661 -0.0456199561986361 -2.68809760703651 -0.124271334978618 -0.00498691246182759
0 -0.286175017042702 -0.127476863336811 -0.0467791357505032 -0.19968822149878 -0.317338044042481 0.0158942431097913 -0.162598576789789
0 -0.141361937049322 -0.119843349249259 -0.116269246309084 -0.18190758322323 -0.420721699068457 -0.158447378491771 -0.344244979178336
0 -0.0998184467461205 -0.0871379819352134 -0.0894445729096014 -0.142896364852681 -0.306729202590763 -0.13491582124838 -0.288434020215082
0 -0.315645947945725 -0.200975630993766 -0.403118221621952 -0.0457295923831813 -2.66659426250585 -0.12125934898659 -0.010587988264525
0 0.0236887193124895 0.0189974177329058 -0.230223151498927 -0.172280863125199 0.00996251092531342 -1.24514610765969 -1.51192463518617
0 0.42200447156168 0.3306158965142 0.0444915171469349 -0.12726888529995 -0.106820107392263 -0.802718617981773 -0.491227045331786
0 -0.374142274251238 -0.246624956369209 -0.481557903057549 -0.0519663343133754 -3.10068951288086 -0.12783954661393 -0.0111703283506133
0 0.814588776555508 0.727819064033915 0.471210037285624 0.0419860518926516 -0.00656857234722708 -0.268377879516035 0.106625233745808
0 0.275595425705055 0.134078398407917 0.174306211966747 -0.328708966833764 -1.62027026517413 0.150833100168236 -0.984746676506633
0 -0.314817122429593 -0.203193572046042 -0.237807434070542 -0.143522409217944 -2.12144251188016 -0.0666672964105706 -0.0120890089768078
0 -0.550748973637252 -0.428036574019286 -0.196209792236369 -0.0491300760056284 -0.0100738391796726 -0.0139478429211 -1.31250161101072
0 0.189103940214162 0.162704990209833 0.015986898668535 0.0743635859307858 -0.15490345254018 0.00701396035611102 0.103152548576491
0 0.0573966732195181 0.0438064344755542 0.0360413787147023 -0.115818495605372 -0.492419112170596 -0.156717934336357 -0.492922570731882
0 -0.431479457838986 -0.224499738701276 0.164536682265785 -0.0705724004588619 0.560923279220307 0.220254119321396 0.105566071131693
0 -0.0885958177243835 -0.0787092204543933 -0.076825534014997 -0.107146141614502 -0.219944768002122 -0.0848794658270247 -0.21566464332496
0 -0.237843274666209 -0.201775484992209 -0.0195094690642779 -0.11485825975137 0.1264891410058 -0.0146617680266286 -0.148478406995528
0 0.66364208623784 0.410168211104829 -0.316969883317118 0.394821214847037 0.0096545242566668 -0.349158291964527 0.395424194362258
0 0.496845478124441 0.329368512676916 0.0104127552551505 0.240259369562782 -0.103387472853943 -0.164448664364667 -0.0890982840710288
0 0.016969193000639 -0.0135158153715516 -0.261815183918808 -0.0623403203959034 -3.44286906738412 -0.0431589653147366 0.0808676007548419
0 0.201266851203305 0.15974032680262 0.00906100809263055 -0.0699461654446534 -0.0417724364677285 -0.296301373169191 -0.631913149504304
0 -0.0972918620625267 -0.0865017941466468 -0.0811979587176412 -0.106272210205739 -0.225958030582005 -0.0756227666270561 -0.213059659689362
0 0.218685092138467 0.215244711462439 0.126760777604256 -0.0722375301028881 0.0233180818920733 -0.195473575338497 -0.658761055869174
0 -0.335469029522633 -0.211290403916669 -0.349635371943568 -0.0422450810728119 -2.60020495316648 -0.121584528161953 -0.0262845050997558
0 -0.122822897416255 -0.105517759165097 -0.103368355975941 -0.14838152783111 -0.326540941027302 -0.121079239835096 -0.289191869555871
0 0.121336432729938 0.0678953869162595 -0.063999374886714 0.00872965007783 -0.282941701591794 -0.087394152151544 -0.103248492666724
0 -0.545688862379693 -0.470219951685212 -0.238821392395932 -0.0394064059376857 -0.0506534632594606 -0.0028156370080934 -0.762266933010226
0 -0.0973741645900079 -0.0865819537689627 -0.0812404616426958 -0.106242641896084 -0.22600510549444 -0.0755153578230048 -0.213006007828296
0 -0.231663702194976 -0.216236656964624 -0.215492375095113 -0.103590085210945 -0.0546951742719983 -0.262144839865876 -1.15755413628034
0 0.00843168690810359 -0.0865302845470906 -0.195915452846307 -0.128277564320096 -0.506021407104561 -0.309050883081874 -0.470209782603084
0 -0.372189307406135 -0.26420150281257 0.0914001015420176 -0.114835496139276 0.390028674858778 0.105996865911029 -0.0577697409557771
0 -0.834287591289986 -0.731788777074442 -0.284246583857638 0.0414583784643061 -0.043233215230468 0.102675749372867 0.0254089614425439
0 -0.303436359948637 -0.245806484548734 -0.139864203726069 -0.206549983492309 -0.123116140315884 -0.133275085117166 -0.23568787987132
0 0.0851351196218748 0.0637026387823307 -0.018736326489559 -0.0294609598865194 -0.344272232216799 -0.0483374137395955 -0.227666979825684
0 -0.0992020402869502 -0.0884336168404303 -0.0822044374883311 -0.105365410061514 -0.226950799117468 -0.0729645742951262 -0.211513970787888
0 0.0854093664707727 0.0641761262364704 -0.0181979380501449 -0.0297940615245196 -0.343664343310619 -0.048853460721519 -0.228355547325027
0 0.189103940214162 0.162704990209833 0.015986898668535 0.0743635859307858 -0.15490345254018 0.00701396035611102 0.103152548576491
0 -0.396419894522176 -0.200307855057814 0.0200692865627321 -0.131028428529283 0.139846272082337 0.115646903223826 -0.0159073984793343
0 0.398253728691723 0.267661575523298 -0.0830753787955723 0.190887686480957 -0.158097854108776 -0.180990523710157 0.247846959415066
0 -0.279124763086644 -0.116669552502916 -0.159064647171798 -0.246715955947121 -1.15985849114413 -0.0387077692904993 -0.500857447104141
0 0.318965770594086 0.19177703472053 -0.0743419456042442 0.125598554772221 -0.258505977195411 -0.154336109684224 -0.013381166331814
0 -0.186954348146259 -0.112030679957825 -0.143323182686293 -0.0289046129311095 -1.37652494817275 -0.104419770198621 -0.0213090896089811
0 -0.838168199443084 -0.326273351743549 0.304313630092673 0.0187354481972526 0.971018768235846 -0.0569475686952874 -0.199806265870068
0 -0.18621184437888 -0.111662411702498 -0.15408248180071 -0.029996773307847 -1.38933859027887 -0.101830022422845 -0.0191552210861339
0 -0.498687414359379 -0.450203794947773 -0.230007546537905 -0.0193011020560836 -0.0404572286486231 0.0289650943125372 -0.267201919802199
0 0.409161132030345 0.340850689375331 0.0665390626365303 0.212586624757393 -0.108127656121881 0.0174054491654125 0.289983987104204
0 -0.537248156111259 -0.483668800216591 -0.322071328683971 -0.0529979784493451 -0.0833874369708729 -0.241209533357545 -0.837137576870442
0 -0.208342815174913 -0.183936243204141 -0.190283674506274 -0.100008879160375 -0.0356981795771807 -0.334208970975464 -1.18449839542786
0 -0.088474303111582 -0.093471457604448 -0.0882532818693831 -0.0396089350862381 -0.0294808408706164 -0.0810552005973046 -0.381523016846754
0 0.121015469716526 0.0666176613228004 -0.0661026096512969 0.00799464005473771 -0.283797844707395 -0.0904845740343254 -0.104594482010201
