0 -0.00315549301626028 0.00667876580570637 0.00614005427356412 0.0112751313648669 0.0127121251238207 -0.003904312554043 0.0190097880248321
0 -0.00315549301626028 0.00667876580570637 0.00614005427356412 0.0112751313648669 0.0127121251238207 -0.003904312554043 0.0190097880248321
0 -0.00315549301626028 0.00667876580570637 0.00614005427356412 0.0112751313648669 0.0127121251238207 -0.003904312554043 0.0190097880248321
0 1.60042808163506 1.62100047308965 0.494417903557398 -0.0856559073215859 -0.310868411272134 -0.845571949551871 1.6634802283216
0 0.0175545339007859 0.00566051592218164 0.0153074707179921 0.0132888986701047 0.00898324366644498 0.0204715935902184 0.0146400266495297
0 0 0 0 0 0 0 0
0 -0.00315549301626028 0.00667876580570637 0.00614005427356412 0.0112751313648669 0.0127121251238207 -0.003904312554043 0.0190097880248321
0 0.0175545339007859 0.00566051592218164 0.0153074707179921 0.0132888986701047 0.00898324366644498 0.0204715935902184 0.0146400266495297
0 -0.00315549301626028 0.00667876580570637 0.00614005427356412 0.0112751313648669 0.0127121251238207 -0.003904312554043 0.0190097880248321
0 0.0175545339007859 0.00566051592218164 0.0153074707179921 0.0132888986701047 0.00898324366644498 0.0204715935902184 0.0146400266495297
0 -0.0253990062570226 0.0216947323550154 -0.00203595475867013 0.00701266193961381 -0.00559543540525453 -0.0397065559145506 -0.0109741240336034
0 0 0 0 0 0 0 0
0 0 0 0 0 0 0 0
0 0 0 0 0 0 0 0
0 -0.00315549301626028 0.00667876580570637 0.00614005427356412 0.0112751313648669 0.0127121251238207 -0.003904312554043 0.0190097880248321
0 0.943439349291788 0.960172622272442 0.316560563191043 -0.0479845812164204 -0.19590775103965 -0.574547956416502 0.990498586854283
0 -0.106156609056658 -0.100301318910901 -0.00130673396649517 0.0106166894014996 0.00746179135425251 -0.0365796368215343 -0.0971846774398828
0 -0.00315549301626028 0.00667876580570637 0.00614005427356412 0.0112751313648669 0.0127121251238207 -0.003904312554043 0.0190097880248321
0 0 0 0 0 0 0 0
0 0 0 0 0 0 0 0
0 0 0 0 0 0 0 0
0 0 0 0 0 0 0 0
0 0.0109914809500773 -0.026864270138657 -0.0244711152875103 -0.0495322792216575 -0.0576693633257968 0.0134734736734927 -0.104454560611152
0 0.0109914809500773 -0.026864270138657 -0.0244711152875103 -0.0495322792216575 -0.0576693633257968 0.0134734736734927 -0.104454560611152
0 0 0 0 0 0 0 0
0 -0.0868790224128286 -0.0803733195188312 0.000162233910764975 0.0107293761814726 0.00838122357694449 -0.0308131592169181 -0.0757246739105164
0 0 0 0 0 0 0 0
0 0 0 0 0 0 0 0
0 -0.0120997522643762 -0.00294178451515892 -0.0099638759629701 -0.00823187028765737 -0.0050301681663143 -0.0152616762094406 -0.00937290290868464
0 -0.113909670321769 -0.156154787120357 -0.0384031315287996 -0.0492387317601062 -0.0591810068816141 -0.0088345195048074 -0.243884166283307
0 -0.00315549301626028 0.00667876580570637 0.00614005427356412 0.0112751313648669 0.0127121251238207 -0.003904312554043 0.0190097880248321
0 -0.00315549301626028 0.00667876580570637 0.00614005427356412 0.0112751313648669 0.0127121251238207 -0.003904312554043 0.0190097880248321
0 -0.00315549301626028 0.00667876580570637 0.00614005427356412 0.0112751313648669 0.0127121251238207 -0.003904312554043 0.0190097880248321
0 -0.0253990062570226 0.0216947323550154 -0.00203595475867013 0.00701266193961381 -0.00559543540525453 -0.0397065559145506 -0.0109741240336034
0 -0.00315549301626028 0.00667876580570637 0.00614005427356412 0.0112751313648669 0.0127121251238207 -0.003904312554043 0.0190097880248321
0 0.0109914809500773 -0.026864270138657 -0.0244711152875103 -0.0495322792216575 -0.0576693633257968 0.0134734736734927 -0.104454560611152
0 0.00659227409916774 -0.0315944922666587 -0.0258591326845874 -0.04928082442501 -0.0567657519910854 0.0156299055044866 -0.109863664308402
0 -0.00315549301626028 0.00667876580570637 0.00614005427356412 0.0112751313648669 0.0127121251238207 -0.003904312554043 0.0190097880248321
0 -0.00315549301626028 0.00667876580570637 0.00614005427356412 0.0112751313648669 0.0127121251238207 -0.003904312554043 0.0190097880248321
0 0 0 0 0 0 0 0
0 0 0 0 0 0 0 0
0 -0.00315549301626028 0.00667876580570637 0.00614005427356412 0.0112751313648669 0.0127121251238207 -0.003904312554043 0.0190097880248321
0 -0.0601932281994881 -0.100712786663234 -0.0330828283380833 -0.0492358308240544 -0.0578923287027684 0.00289501200724729 -0.184385379022888
0 0 0 0 0 0 0 0
0 -0.00315549301626028 0.00667876580570637 0.00614005427356412 0.0112751313648669 0.0127121251238207 -0.003904312554043 0.0190097880248321
0 -0.0911987273288197 -0.0848397265251819 -0.000166218866752832 0.0107039810610479 0.00817453295914783 -0.0321087079650808 -0.0805362996199701
0 -6.31270095044124 -6.53226855999166 -1.87270242956123 0.298342030690534 1.1506403176173 3.1007836204888 -6.63382841561651
0 -0.00315549301626028 0.00667876580570637 0.00614005427356412 0.0112751313648669 0.0127121251238207 -0.003904312554043 0.0190097880248321
0 0 0 0 0 0 0 0
0 0 0 0 0 0 0 0
0 -0.0137306217862814 -0.229735155341101 -0.00265688176192347 -0.0280581242136466 0.018183536717669 0.0846268445421212 -0.0580900573816514
0 0.00816208615680969 -0.0201556629497843 -0.0183488813752954 -0.0373707971043524 -0.0435930656358732 0.00999791642798575 -0.0797616908839553
0 -0.00315549301626028 0.00667876580570637 0.00614005427356412 0.0112751313648669 0.0127121251238207 -0.003904312554043 0.0190097880248321
0 0 0 0 0 0 0 0
0 -0.144295886214746 -0.139702013012867 -0.00423184224160611 0.0103975703692383 0.00566037609074677 -0.0478981002135557 -0.139565251795787
0 -0.0253990062570226 0.0216947323550154 -0.00203595475867013 0.00701266193961381 -0.00559543540525453 -0.0397065559145506 -0.0109741240336034
0 -0.136496022096706 -0.131646366406626 -0.00363200039205358 0.0104420524574613 0.0060272635833889 -0.0455911351783906 -0.130904597566908
0 -5.75806351130807 -5.86224505672627 -1.71689058629187 0.256340659745973 0.999829616866663 2.77258440623957 -6.10405881946967
0 0.0109914809500773 -0.026864270138657 -0.0244711152875103 -0.0495322792216575 -0.0576693633257968 0.0134734736734927 -0.104454560611152
0 0.00247229035319174 0.0111504375261275 0.0075694649887863 0.0111052315839539 0.0120463165204385 -0.00699908081161116 0.0212195693296371
0 0 0 0 0 0 0 0
0 -0.00315549301626028 0.00667876580570637 0.00614005427356412 0.0112751313648669 0.0127121251238207 -0.003904312554043 0.0190097880248321
0 0.00816208615680969 -0.0201556629497843 -0.0183488813752954 -0.0373707971043524 -0.0435930656358732 0.00999791642798575 -0.0797616908839553
0 0.0175545339007859 0.00566051592218164 0.0153074707179921 0.0132888986701047 0.00898324366644498 0.0204715935902184 0.0146400266495297
0 0.0175545339007859 0.00566051592218164 0.0153074707179921 0.0132888986701047 0.00898324366644498 0.0204715935902184 0.0146400266495297
0 0 0 0 0 0 0 0
0 0.0204222201728936 0.00933983553690876 0.0162525378641925 0.0131412968659643 0.0083408131157503 0.0191219477055826 0.0178483320107019
0 -0.116015699083849 -0.0755010497696804 -0.00862614958958341 0.00641710366054182 -0.0105235862261943 -0.0694160128582637 -0.111410850582504
0 -2.26064591064407 -2.37574792313244 -0.678028540666048 0.104023415055622 0.422571082286737 1.14628560408354 -2.37857361412765
0 -0.0915858915352183 -0.0507478578400455 -0.00661178015486952 0.00652245490455705 -0.00952262768076739 -0.0628990274952685 -0.0847095075247934
0 2.87983627440362 2.83467807311064 0.866056236253499 -0.157236034422354 -0.52634158861531 -1.41159923531227 2.99925378278694
0 -0.00315549301626028 0.00667876580570637 0.00614005427356412 0.0112751313648669 0.0127121251238207 -0.003904312554043 0.0190097880248321
0 -0.00315549301626028 0.00667876580570637 0.00614005427356412 0.0112751313648669 0.0127121251238207 -0.003904312554043 0.0190097880248321
0 -0.00315549301626028 0.00667876580570637 0.00614005427356412 0.0112751313648669 0.0127121251238207 -0.003904312554043 0.0190097880248321
0 0.0175545339007859 0.00566051592218164 0.0153074707179921 0.0132888986701047 0.00898324366644498 0.0204715935902184 0.0146400266495297
0 -0.00315549301626028 0.00667876580570637 0.00614005427356412 0.0112751313648669 0.0127121251238207 -0.003904312554043 0.0190097880248321
0 -0.00315549301626028 0.00667876580570637 0.00614005427356412 0.0112751313648669 0.0127121251238207 -0.003904312554043 0.0190097880248321
0 0 0 0 0 0 0 0
0 -0.00315549301626028 0.00667876580570637 0.00614005427356412 0.0112751313648669 0.0127121251238207 -0.003904312554043 0.0190097880248321
0 -0.00315549301626028 0.00667876580570637 0.00614005427356412 0.0112751313648669 0.0127121251238207 -0.003904312554043 0.0190097880248321
0 0 0 0 0 0 0 0
0 0 0 0 0 0 0 0
0 -4.36608119694398 -4.44412699592536 -1.28470162624669 0.193554036172003 0.745677401424558 2.04639981620213 -4.62785968486693
0 -0.0538321375536617 -0.0461784192249435 0.00265587568218084 0.0109275285750643 0.00998030319673715 -0.0208106148475831 -0.038837020304574
0 0.00318866086772029 0.0117080212455938 0.0077600576283543 0.0110818534866093 0.011953497085015 -0.00743428150278547 0.0214658382698083
0 -0.00315549301626028 0.00667876580570637 0.00614005427356412 0.0112751313648669 0.0127121251238207 -0.003904312554043 0.0190097880248321
0 -0.0253990062570226 0.0216947323550154 -0.00203595475867013 0.00701266193961381 -0.00559543540525453 -0.0397065559145506 -0.0109741240336034
0 -0.0669093549280686 -0.0597163496556736 0.00167387420239917 0.010848148438837 0.00934306148442321 -0.0247915965853243 -0.0534534485786198
0 0.00409816053806278 -0.0887459785710627 -0.0125486950215929 -0.0153313560025561 0.029688165434866 0.0164473090384365 0.0515144790910718
0 0.0346138432275835 -0.178440250520741 0.00236313714355418 -0.0281101029187063 0.0192154416082775 0.094879603266576 -0.00494794162009793
0 -0.00315549301626028 0.00667876580570637 0.00614005427356412 0.0112751313648669 0.0127121251238207 -0.003904312554043 0.0190097880248321
0 -0.00315549301626028 0.00667876580570637 0.00614005427356412 0.0112751313648669 0.0127121251238207 -0.003904312554043 0.0190097880248321
0 -0.00315549301626028 0.00667876580570637 0.00614005427356412 0.0112751313648669 0.0127121251238207 -0.003904312554043 0.0190097880248321
0 0 0 0 0 0 0 0
0 -0.00315549301626028 0.00667876580570637 0.00614005427356412 0.0112751313648669 0.0127121251238207 -0.003904312554043 0.0190097880248321
0 0.0109914809500773 -0.026864270138657 -0.0244711152875103 -0.0495322792216575 -0.0576693633257968 0.0134734736734927 -0.104454560611152
0 -0.0156014564378419 0.0145163805668638 0.00548628001971529 0.00721186463485068 -0.0194351811450226 -0.0150087428023533 -0.0500254629831938
0 -0.00315549301626028 0.00667876580570637 0.00614005427356412 0.0112751313648669 0.0127121251238207 -0.003904312554043 0.0190097880248321
0 0 0 0 0 0 0 0
0 0 0 0 0 0 0 0
0 -0.00315549301626028 0.00667876580570637 0.00614005427356412 0.0112751313648669 0.0127121251238207 -0.003904312554043 0.0190097880248321
0 0.0707337536969921 -0.138198676574707 0.00719395212111618 -0.0283715694277116 0.0189185340194773 0.0992667446092321 0.0349428510847618
0 0 0 0 0 0 0 0
0 0 0 0 0 0 0 0
0 -0.00315549301626028 0.00667876580570637 0.00614005427356412 0.0112751313648669 0.0127121251238207 -0.003904312554043 0.0190097880248321
0 0.0707337536969921 -0.138198676574707 0.00719395212111618 -0.0283715694277116 0.0189185340194773 0.0992667446092321 0.0349428510847618
0 -0.00171100873189856 0.00784045369157083 0.00649657658257174 0.0112336239130419 0.0125509094391241 -0.00464915030569113 0.0196189797828259
0 -0.124251788542205 -0.138971556626527 0.00515968235234121 0.0123299644170625 0.00147913688787948 -0.0228136502008836 -0.140830466484848
0 0.000224467120197414 -0.0573750225785981 0.000304536764452745 -0.00713185149031936 0.00388676032888391 0.0126284330104811 -0.00703063253345171
0 -0.00315549301626028 0.00667876580570637 0.00614005427356412 0.0112751313648669 0.0127121251238207 -0.003904312554043 0.0190097880248321
0 -0.0622130917311012 -0.0548557994505656 0.00202739330868429 0.0108764799958161 0.00957109897908426 -0.023366084370704 -0.0482079319104782
0 -0.00315549301626028 0.00667876580570637 0.00614005427356412 0.0112751313648669 0.0127121251238207 -0.003904312554043 0.0190097880248321
0 -0.00315549301626028 0.00667876580570637 0.00614005427356412 0.0112751313648669 0.0127121251238207 -0.003904312554043 0.0190097880248321
0 -0.0455749085062553 -0.0584621748841747 0.0110779186219374 0.0128148333768738 0.00535863226744127 0.000398245439801936 -0.0545537741750097
0 -0.00218189592175433 0.0295389206919054 0.0061211371876424 0.00737163853760814 -0.018201377199095 -0.00936256279924308 -0.0359647207959797
0 0.0175545339007859 0.00566051592218164 0.0153074707179921 0.0132888986701047 0.00898324366644498 0.0204715935902184 0.0146400266495297
0 -0.0253990062570226 0.0216947323550154 -0.00203595475867013 0.00701266193961381 -0.00559543540525453 -0.0397065559145506 -0.0109741240336034
0 -0.00315549301626028 0.00667876580570637 0.00614005427356412 0.0112751313648669 0.0127121251238207 -0.003904312554043 0.0190097880248321
0 -0.0814846776036351 -0.0747948842414674 0.00057173455817372 0.0107612234576338 0.00863995329224965 -0.0291921408126328 -0.0697133415786428
0 0 0 0 0 0 0 0
0 0 0 0 0 0 0 0
0 -0.00315549301626028 0.00667876580570637 0.00614005427356412 0.0112751313648669 0.0127121251238207 -0.003904312554043 0.0190097880248321
0 -0.099289138759735 -0.113411524229623 0.00705305743672602 0.0124802613543475 0.00269322448400722 -0.0154960291290416 -0.113455179960793
0 0 0 0 0 0 0 0
0 -0.149444390324629 -0.144861854536929 -0.00473567712865197 0.0103984735925802 0.00553149668390684 -0.048887276967772 -0.144812394109461
0 -0.0343654369603623 -0.0260007205350501 0.00409895995658927 0.0110494877165546 0.0109463774530676 -0.0147951434339526 -0.0170031880123531
0 -0.00315549301626028 0.00667876580570637 0.00614005427356412 0.0112751313648669 0.0127121251238207 -0.003904312554043 0.0190097880248321
0 0 0 0 0 0 0 0
0 -4.31809338438229 -4.50821708103634 -1.28891049810886 0.200856579047681 0.798442281888754 2.16304244863309 -4.54329661645198
0 -0.00315549301626028 0.00667876580570637 0.00614005427356412 0.0112751313648669 0.0127121251238207 -0.003904312554043 0.0190097880248321
0 -0.150167428830197 -0.110840940170363 -0.0585669416050405 -0.0402532420753232 -0.0270215762085706 -0.0837559927105311 -0.147030010575905
0 -5.09755423021161 -5.18416772954289 -1.51812391695037 0.234207031375291 0.894912196868944 2.45930044189755 -5.38826685581411
0 0.0707337536969921 -0.138198676574707 0.00719395212111618 -0.0283715694277116 0.0189185340194773 0.0992667446092321 0.0349428510847618
0 0 0 0 0 0 0 0
0 -0.00315549301626028 0.00667876580570637 0.00614005427356412 0.0112751313648669 0.0127121251238207 -0.003904312554043 0.0190097880248321
0 -0.0061724542662196 -0.0102839494309288 -0.000189973382712871 -6.4184333850914e-05 -0.000692641520307902 -0.0119118958097939 -0.00179072900993038
0 -0.0128797521982573 0.0233548685265297 0.000802800653421532 0.00664673359323054 -0.00757248474219319 -0.0477090859891915 -0.000148470243303223
0 0 0 0 0 0 0 0
0 -0.0397936713761022 -0.0316312632153752 0.0036995694907227 0.0110148697839447 0.0106741804324395 -0.0164869124578177 -0.0231036873780956
0 -0.100163908579841 -0.0941075535716034 -0.000849249140979946 0.0106515501512461 0.00774682868725352 -0.03479104168325 -0.0905169316819534
0 -0.0253990062570226 0.0216947323550154 -0.00203595475867013 0.00701266193961381 -0.00559543540525453 -0.0397065559145506 -0.0109741240336034
0 -1.41936603164171 -1.43991546173585 -0.415736375857982 0.0685979412448585 0.249734136215919 0.667896244281883 -1.49469617592345
0 0 0 0 0 0 0 0
0 -0.0253990062570226 0.0216947323550154 -0.00203595475867013 0.00701266193961381 -0.00559543540525453 -0.0397065559145506 -0.0109741240336034
0 -0.00315549301626028 0.00667876580570637 0.00614005427356412 0.0112751313648669 0.0127121251238207 -0.003904312554043 0.0190097880248321
0 -0.088102143156886 -0.0816380408052129 6.92788559364388e-05 0.010722176237846 0.00832265629282247 -0.031180212729256 -0.0770872683090311
0 -0.00315549301626028 0.00667876580570637 0.00614005427356412 0.0112751313648669 0.0127121251238207 -0.003904312554043 0.0190097880248321
0 -0.046502299114461 -0.0386356837558814 0.003249178526473 0.0109717259056379 0.0103099921319503 -0.01876570947416 -0.0307859833930744
0 0.0175545339007859 0.00566051592218164 0.0153074707179921 0.0132888986701047 0.00898324366644498 0.0204715935902184 0.0146400266495297
0 -0.0253990062570226 0.0216947323550154 -0.00203595475867013 0.00701266193961381 -0.00559543540525453 -0.0397065559145506 -0.0109741240336034
0 -0.00315549301626028 0.00667876580570637 0.00614005427356412 0.0112751313648669 0.0127121251238207 -0.003904312554043 0.0190097880248321
0 0.0175545339007859 0.00566051592218164 0.0153074707179921 0.0132888986701047 0.00898324366644498 0.0204715935902184 0.0146400266495297
0 -0.129665623685217 -0.124591138980622 -0.00310733771719018 0.0104811320702272 0.00634913158116346 -0.0435679326125076 -0.123317873012501
0 -0.00315549301626028 0.00667876580570637 0.00614005427356412 0.0112751313648669 0.0127121251238207 -0.003904312554043 0.0190097880248321
0 0.0175545339007859 0.00566051592218164 0.0153074707179921 0.0132888986701047 0.00898324366644498 0.0204715935902184 0.0146400266495297
0 0.0175545339007859 0.00566051592218164 0.0153074707179921 0.0132888986701047 0.00898324366644498 0.0204715935902184 0.0146400266495297
0 -0.00315549301626028 0.00667876580570637 0.00614005427356412 0.0112751313648669 0.0127121251238207 -0.003904312554043 0.0190097880248321
0 -0.0630652809693397 -0.0203614246025006 -0.00449751084951044 0.00670651539497102 -0.00803050738762678 -0.0538270028615426 -0.053147518605106
0 -0.0253990062570226 0.0216947323550154 -0.00203595475867013 0.00701266193961381 -0.00559543540525453 -0.0397065559145506 -0.0109741240336034
0 -0.00315549301626028 0.00667876580570637 0.00614005427356412 0.0112751313648669 0.0127121251238207 -0.003904312554043 0.0190097880248321
0 -0.00315549301626028 0.00667876580570637 0.00614005427356412 0.0112751313648669 0.0127121251238207 -0.003904312554043 0.0190097880248321
0 -0.00315549301626028 0.00667876580570637 0.00614005427356412 0.0112751313648669 0.0127121251238207 -0.003904312554043 0.0190097880248321
0 -0.05658118151212 -0.0158452351711693 -0.0478708959844134 -0.0405130237242997 -0.0260502859154537 -0.0688615809089295 -0.0453922972460057
0 -0.00315549301626028 0.00667876580570637 0.00614005427356412 0.0112751313648669 0.0127121251238207 -0.003904312554043 0.0190097880248321
0 -0.0456562676838939 -0.0377084899406586 0.00326534606593532 0.0109780642927326 0.0103828860300776 -0.0183003297774738 -0.0296806942679368
0 0 0 0 0 0 0 0
0 -0.00315549301626028 0.00667876580570637 0.00614005427356412 0.0112751313648669 0.0127121251238207 -0.003904312554043 0.0190097880248321
0 -0.00315549301626028 0.00667876580570637 0.00614005427356412 0.0112751313648669 0.0127121251238207 -0.003904312554043 0.0190097880248321
0 -0.0202243479263715 -0.0325737159296851 0.0129333785470727 0.0129827248538503 0.00666395376279061 0.00803229705588215 -0.0267589585068571
0 -0.016996118217925 -0.00794539026334284 0.00534819223083938 0.0111660838609686 0.0118441917182319 -0.00924455029641136 0.00263373420961699
0 0.000958132308154003 -0.0296035289395786 -0.0032137789169755 -0.00397985873247375 0.00574339411788527 0.00354237311959649 0.00777487914754582
0 -0.00315549301626028 0.00667876580570637 0.00614005427356412 0.0112751313648669 0.0127121251238207 -0.003904312554043 0.0190097880248321
0 -0.00315549301626028 0.00667876580570637 0.00614005427356412 0.0112751313648669 0.0127121251238207 -0.003904312554043 0.0190097880248321
0 -0.000690329864946992 0.00865586801845275 0.00675254026774796 0.0112034750298253 0.0124332183819171 -0.00519476543041808 0.0200330498623389
0 -2.40314660495623 -2.48426812268029 -0.722000912971964 0.113892646515879 0.44931964681669 1.18193818797677 -2.4976487322065
0 -0.00315549301626028 0.00667876580570637 0.00614005427356412 0.0112751313648669 0.0127121251238207 -0.003904312554043 0.0190097880248321
0 0.0175545339007859 0.00566051592218164 0.0153074707179921 0.0132888986701047 0.00898324366644498 0.0204715935902184 0.0146400266495297
0 -0.00315549301626028 0.00667876580570637 0.00614005427356412 0.0112751313648669 0.0127121251238207 -0.003904312554043 0.0190097880248321
0 -0.0318142054620125 -0.0233529557117476 0.0042855928299268 0.0110659763483834 0.0110753144452302 -0.0139948770329426 -0.01413162865102
0 -0.000326098222992677 -2.98413831663069e-05 1.782036134923e-05 -0.000886350752438148 -0.00136417256610288 -0.000428755308536033 -0.00568308170236476
0 0.00272739081820461 0.00135936570351136 0.002671797377511 0.00252851419122369 0.0019765377500649 0.00260495869038868 0.00263356187042252
0 0 0 0 0 0 0 0
0 0 0 0 0 0 0 0
0 0.0175545339007859 0.00566051592218164 0.0153074707179921 0.0132888986701047 0.00898324366644498 0.0204715935902184 0.0146400266495297
0 0.0175545339007859 0.00566051592218164 0.0153074707179921 0.0132888986701047 0.00898324366644498 0.0204715935902184 0.0146400266495297
0 0 0 0 0 0 0 0
0 -0.00315549301626028 0.00667876580570637 0.00614005427356412 0.0112751313648669 0.0127121251238207 -0.003904312554043 0.0190097880248321
0 0 0 0 0 0 0 0
0 -0.120837658448123 -0.115471323108185 -0.00243018010048779 0.0105318319329082 0.00676601202327198 -0.0409485316671967 -0.113508566538783
0 0.00533269136354253 -0.0134470557609117 -0.0122266474630806 -0.0252093149870478 -0.0295167679459496 0.00652235918247834 -0.0550688211567585
0 0.000164150332508939 0.00933481293935445 0.00696957121403807 0.0111776787280116 0.0123321270232886 -0.0056646517103629 0.0203685663955291
0 -0.146809253492908 -0.142082891517906 -0.00457570231479032 0.010422151664442 0.00569529557138004 -0.0479040742163481 -0.141713477913365
0 0 0 0 0 0 0 0
0 -0.00966948437682502 -0.000290116708819177 0.00584594461100885 0.0112211825375828 0.0122501594073676 -0.00676382198875602 0.0110351869650382
0 0 0 0 0 0 0 0
0 -0.00419879981759674 -0.0152403483373647 -0.00843358458273968 -0.0125580583466842 -0.0137342632133786 0.00581574756582226 -0.0424817621850768
0 0 0 0 0 0 0 0
0 0 0 0 0 0 0 0
0 -0.0182147262378871 0.0178359298349546 0.000395924493257649 0.00662921935942462 -0.00784484626487014 -0.0493996860876393 -0.00600059012707943
0 0.0175545339007859 0.00566051592218164 0.0153074707179921 0.0132888986701047 0.00898324366644498 0.0204715935902184 0.0146400266495297
0 0 0 0 0 0 0 0
0 -0.00315549301626028 0.00667876580570637 0.00614005427356412 0.0112751313648669 0.0127121251238207 -0.003904312554043 0.0190097880248321
0 -0.00315549301626028 0.00667876580570637 0.00614005427356412 0.0112751313648669 0.0127121251238207 -0.003904312554043 0.0190097880248321
0 -0.0254035836060376 -0.0659562687585629 -0.0357455446037256 -0.047507147862512 -0.0504149352306844 0.0306304934959853 -0.149087017543153
0 6.39706552997586 6.47585142147702 1.94251891948481 -0.340491497362748 -1.21771321644226 -3.2715061077059 6.65910733774227
0 0.0175545339007859 0.00566051592218164 0.0153074707179921 0.0132888986701047 0.00898324366644498 0.0204715935902184 0.0146400266495297
0 -0.0132815968336857 0.0233283231360941 0.000707306612050651 0.00665950216341527 -0.00750299806023058 -0.0474247757643833 -0.000489018191688562
0 5.81666471032781 5.90191085704448 1.76829170005897 -0.306887655928293 -1.10340907552253 -2.99358259466629 6.0821790002188
0 -0.00315549301626028 0.00667876580570637 0.00614005427356412 0.0112751313648669 0.0127121251238207 -0.003904312554043 0.0190097880248321
0 -0.12280393386488 -0.117660784240079 -0.0024496341307203 0.0105065122490373 0.00656933801083426 -0.0421317806053421 -0.116177411761049
0 -0.00218189592175433 0.0295389206919054 0.0061211371876424 0.00737163853760814 -0.018201377199095 -0.00936256279924308 -0.0359647207959797
0 -0.0423843808210265 -0.0551653444598346 0.0113666096383538 0.0128343692471198 0.00547906767374817 0.00123124435387778 -0.051054699024077
0 0.0175545339007859 0.00566051592218164 0.0153074707179921 0.0132888986701047 0.00898324366644498 0.0204715935902184 0.0146400266495297
0 -5.83076156032793 -5.91981003081175 -1.72784081555983 0.280309200023495 1.03668641559494 2.80336855838569 -6.13349902919835
0 -0.00315549301626028 0.00667876580570637 0.00614005427356412 0.0112751313648669 0.0127121251238207 -0.003904312554043 0.0190097880248321
0 0.0117612395200588 -5.02232357049159e-05 0.0151539866004464 0.0132327681080575 0.00845584431689428 0.0180654187136176 0.00829622341520997
0 -0.00315549301626028 0.00667876580570637 0.00614005427356412 0.0112751313648669 0.0127121251238207 -0.003904312554043 0.0190097880248321
0 4.39688526874569 4.44927367311685 1.3315921903546 -0.236282610371134 -0.83803183515316 -2.24022040629598 4.57003866282756
0 -0.130756375289444 -0.0924105495035912 -0.00952182583130368 0.00627589817912533 -0.0115662457591106 -0.0753409346362783 -0.128035815379353
0 -6.25128919265195 -6.3546816521021 -1.85380665946893 0.290094824184322 1.0966097865753 2.99472191467396 -6.5984516347272
0 -0.00315549301626028 0.00667876580570637 0.00614005427356412 0.0112751313648669 0.0127121251238207 -0.003904312554043 0.0190097880248321
0 -0.00315549301626028 0.00667876580570637 0.00614005427356412 0.0112751313648669 0.0127121251238207 -0.003904312554043 0.0190097880248321
0 0.0056535448555759 0.0136021706452945 0.00843397251967071 0.0109977407037078 0.011617201566728 -0.00901827205867312 0.0222397430060726
0 -0.0314478587370788 0.00706297619542839 -0.00112922186083031 0.00667104316832479 -0.00778757630602911 -0.0501957551779904 -0.0197823332414178
0 -0.0796110069750675 -0.0729345927827065 0.000780634857834084 0.0107671703789176 0.00868013145085111 -0.0289290995276654 -0.0678632696965509
0 -3.81050080184406 -3.94898992193454 -1.13523181600154 0.180683474741087 0.699915019892615 1.88724964698349 -4.00230375106081
0 -0.102141530216526 -0.0961516310159709 -0.0010001446102148 0.0106400303504501 0.00765269316350947 -0.0353816541715446 -0.0927176331537276
0 -3.27885087969176 -3.32649725229307 -0.949320271973136 0.160793474900657 0.572697166295569 1.51676105576277 -3.43803567478892
0 -0.116024723837859 -0.110381308615501 -0.00213950506896321 0.0105837815019716 0.00707914696297207 -0.0391272008824468 -0.107810167394188
0 -0.0452625843329133 -0.0762799444199498 -0.0266422587705182 -0.0366515577263873 -0.0417940755851549 0.00772245330118349 -0.141788007082648
0 -0.00960012298659096 0.0211155464022559 0.00583623630924501 0.00728080995972347 -0.0189913395417824 -0.0127426541949354 -0.0436942946113894
0 -0.0523311156956305 -0.0647784655081463 0.0111719304454767 0.0126476362911201 0.00439372039054886 -0.00336971892393612 -0.0619139618799216
0 -0.055264590693179 -0.0476618626128835 0.00254869913077593 0.0109187543835345 0.00991013683578279 -0.0212485463115679 -0.0404396562103866
0 -0.109563451722915 -0.103822064662983 -0.00156711237412877 0.010596931682842 0.00730002703362453 -0.0375950236972109 -0.100974071268036
0 -0.0406542929211775 -0.0325158692363798 0.00363941985670646 0.0110171351329478 0.0106406182903003 -0.0167519300568459 -0.0240514727915393
0 -0.0418260117090337 -0.0549306798219682 0.0110928131525578 0.0129181079384302 0.00585835684772285 0.00237734836848347 -0.0504730532186661
0 -0.0153136105036786 -0.00619099352995844 0.00546515918633395 0.0111781973755929 0.0119349339469266 -0.00868758048698437 0.00455227852275142
0 -0.0221103095001487 -0.0132702373106155 0.00498681385748867 0.0111304475509955 0.0115738247847941 -0.0109096271723077 -0.00317423993854637
0 0.579395719962349 0.541086367591205 0.203188211147676 -0.0415229951477301 -0.13471791514705 -0.387293426348762 0.595281215935572
0 -0.010015016808369 -0.000652353904365022 0.00582336635073588 0.011218402355214 0.0122301766291986 -0.00688509629122835 0.0106353322580715
0 0 0 0 0 0 0 0
0 -0.815649438835976 -0.818366196503632 -0.220284647422091 0.0247333379956132 0.110991126618686 0.275347557607205 -0.856858042811822
0 1.46709682226827 1.48604630300152 0.455366579838335 -0.0791442426412079 -0.287316498026017 -0.782493713161109 1.52457441007883
0 -0.0788337547396409 -0.0925882698142253 0.0085028122515749 0.0126373853627335 0.0038128913000568 -0.00915506871752392 -0.0910355499425819
0 -0.0153136105036786 -0.00619099352995844 0.00546515918633395 0.0111781973755929 0.0119349339469266 -0.00868758048698437 0.00455227852275142
0 3.60545138041863 3.63955143228604 1.0818325208617 -0.204517623375253 -0.69681709923897 -1.82028153963569 3.7208760571034
0 -0.0847260322704217 -0.0783801344368693 0.000499086697416828 0.0107069394561212 0.00832257366167877 -0.0309943089657261 -0.0740282428468233
0 -0.0442179860709486 -2.83973947525773e-05 -0.00314168810509718 0.00683781623747448 -0.00698750596552911 -0.0475725554587756 -0.0322248416344229
0 0.0109914809500773 -0.026864270138657 -0.0244711152875103 -0.0495322792216575 -0.0576693633257968 0.0134734736734927 -0.104454560611152
0 -0.0343654369603623 -0.0260007205350501 0.00409895995658927 0.0110494877165546 0.0109463774530676 -0.0147951434339526 -0.0170031880123531
0 -0.059681621245256 -0.0522352587890893 0.00221757264094036 0.0108918291142288 0.00969437622937974 -0.0225958560503221 -0.045378846613036
0 -0.143818826014012 -0.104355717842523 -0.0579415501790672 -0.0402516584492081 -0.0268619409592676 -0.0824057563240785 -0.140102706355395
0 -0.00315549301626028 0.00667876580570637 0.00614005427356412 0.0112751313648669 0.0127121251238207 -0.003904312554043 0.0190097880248321
0 6.01302026808705 6.08644381920411 1.82958102066037 -0.321589646964753 -1.14934123722803 -3.08890686895755 6.25697630551792
0 -0.133438128148355 -0.128487919770552 -0.00339703978922135 0.0104595327843793 0.00617129038305553 -0.0446857274922943 -0.127508408378799
0 -3.30595262472833 -3.36677151140366 -0.992873862930949 0.146411128924868 0.577572273837163 1.61381447733413 -3.50991386113978
0 -0.0745714505029333 -0.067644124567217 0.00109534280493673 0.0108022802048433 0.0089726493577329 -0.0271089854161182 -0.0620045580683035
0 3.80698273610602 3.77326005219338 1.14936949419251 -0.2055771013531 -0.70254004550776 -1.89035362669283 3.96790320823864
0 -3.76683736472732 -3.80396414024891 -1.12844825827136 0.173417090125866 0.669153143315825 1.79299478735943 -3.93869768330504
0 -0.094322730549 -0.0536503981471164 -0.00681684863010235 0.00650530286569806 -0.0096628043269571 -0.0637558859157639 -0.0877347369041535
0 -0.112422222628651 -0.154620223188418 -0.0382591505020899 -0.049237768124506 -0.0591417808568333 -0.00849878100473811 -0.242238483483147
0 5.5754248463483 5.56319961439293 1.69418546774722 -0.298905143796119 -1.04321424508936 -2.81916218408766 5.81448245409227
0 -0.0120997522643762 -0.00294178451515892 -0.0099638759629701 -0.00823187028765737 -0.0050301681663143 -0.0152616762094406 -0.00937290290868464
0 -0.0397936713761022 -0.0316312632153752 0.0036995694907227 0.0110148697839447 0.0106741804324395 -0.0164869124578177 -0.0231036873780956
0 -2.58277578870933 -2.62879438563954 -0.772987329334455 0.115887527943357 0.451735111972511 1.25451489279062 -2.73923105828682
0 -0.00315549301626028 0.00667876580570637 0.00614005427356412 0.0112751313648669 0.0127121251238207 -0.003904312554043 0.0190097880248321
0 5.40465731620779 5.47054621224734 1.63642704850351 -0.288032668759016 -1.02624300418049 -2.74931554406747 5.62329085581035
0 1.05808105621391 1.05505051873718 0.325935799888057 -0.0797268826087247 -0.23973768889465 -0.588791670301873 1.04921312999974
0 -0.0383820239598616 -0.0511122321280424 0.0116087251576014 0.0128614858805487 0.00572433092532743 0.00255122728663615 -0.0466669858192086
0 -0.0971394780948533 -0.1112109509332 0.00721558560877611 0.0124933220175651 0.00279833456011591 -0.014864306196583 -0.111097800234727
0 0.0109914809500773 -0.026864270138657 -0.0244711152875103 -0.0495322792216575 -0.0576693633257968 0.0134734736734927 -0.104454560611152
0 0.0109914809500773 -0.026864270138657 -0.0244711152875103 -0.0495322792216575 -0.0576693633257968 0.0134734736734927 -0.104454560611152
0 0.0109914809500773 -0.026864270138657 -0.0244711152875103 -0.0495322792216575 -0.0576693633257968 0.0134734736734927 -0.104454560611152
0 0.0056681746530165 -0.118317203386805 -0.0172161530739023 -0.0210071046375973 0.0416605510933556 0.0228997769978556 0.0733842790628341
0 -0.0318142054620125 -0.0233529557117476 0.0042855928299268 0.0110659763483834 0.0110753144452302 -0.0139948770329426 -0.01413162865102
0 5.78208611778102 5.84451013849225 1.75262752967217 -0.319434820994999 -1.11619311940751 -2.96364502604771 5.99284638623374
0 -0.0949744132579533 -0.0545343810820569 -0.0529315621178146 -0.0402913273966288 -0.0258376349317313 -0.0727472938313714 -0.0868695608550558
0 -0.00315549301626028 0.00667876580570637 0.00614005427356412 0.0112751313648669 0.0127121251238207 -0.003904312554043 0.0190097880248321
0 -0.00315549301626028 0.00667876580570637 0.00614005427356412 0.0112751313648669 0.0127121251238207 -0.003904312554043 0.0190097880248321
0 -0.0370252589317261 -0.0287601563695929 0.00390361884352108 0.0110324521950749 0.0108126661154699 -0.0156258219089112 -0.0199938742547121
0 -0.0562306401133692 -0.0486622198726567 0.0024763595006152 0.0109128491174482 0.00986287208370751 -0.0215436038937433 -0.0415202359517814
0 5.59565745740487 5.6867614140512 1.69536183514103 -0.305339337041943 -1.07104136764045 -2.90572080732761 5.85380844012664
0 0.0707337536969921 -0.138198676574707 0.00719395212111618 -0.0283715694277116 0.0189185340194773 0.0992667446092321 0.0349428510847618
0 -0.134199277437289 -0.129274112929227 -0.00345551336116223 0.0104551794441696 0.00613542983657034 -0.0449111484319626 -0.12835380893457
0 -0.117338792159872 -0.132293116414851 0.00530971420803406 0.0124673137077607 0.00223306835455039 -0.0196220242796463 -0.133285866342244
0 5.68473641580994 5.74590661624705 1.72243381171013 -0.314246334169866 -1.09723677748093 -2.91182824899872 5.8912777564467
0 4.27306729878579 4.34645582289924 1.28701706975609 -0.235318704667563 -0.815406629402204 -2.20872912913818 4.47258525885077
0 0.985590202539015 0.984824000527496 0.285946019084562 -0.0691175683064102 -0.203982325164688 -0.484726023887248 0.983580743249107
0 -0.0514890382965123 -0.0437515935829653 0.00283094888429192 0.0109419290073483 0.0100952984192393 -0.0200931421656829 -0.0362145836782979
0 -0.124251788542205 -0.138971556626527 0.00515968235234121 0.0123299644170625 0.00147913688787948 -0.0228136502008836 -0.140830466484848
0 2.09492942846197 2.11705362082385 0.626770503171187 -0.115914511542741 -0.399279107322158 -1.04725784056667 2.16618545899583
0 -0.00218189592175433 0.0295389206919054 0.0061211371876424 0.00737163853760814 -0.018201377199095 -0.00936256279924308 -0.0359647207959797
0 0.0109914809500773 -0.026864270138657 -0.0244711152875103 -0.0495322792216575 -0.0576693633257968 0.0134734736734927 -0.104454560611152
0 -0.108194066260105 -0.102406929361462 -0.00146242785354067 0.0106048682533455 0.00736502506873915 -0.037187006983229 -0.0994510202542624
0 -0.0622130917311012 -0.0548557994505656 0.00202739330868429 0.0108764799958161 0.00957109897908426 -0.023366084370704 -0.0482079319104782
0 -0.0832628473511119 -0.0766338516651905 0.000436833814974502 0.0107507081480329 0.00855458697440481 -0.0297268943895945 -0.0716952385750651
0 -0.00315549301626028 0.00667876580570637 0.00614005427356412 0.0112751313648669 0.0127121251238207 -0.003904312554043 0.0190097880248321
0 0.647927371281057 0.642608331680918 0.184244640626233 -0.0518889086414589 -0.141373286331955 -0.31569012187191 0.630577548585734
0 -0.089621546248714 -0.0836043467519114 0.000247605713744825 0.0106536846080685 0.00797558466902037 -0.0330392104864825 -0.0799706436227008
0 0.00250329657027493 -0.00673844857203898 -0.00610441355086566 -0.0130478328697428 -0.0154404702560265 0.00304680193697138 -0.0303759514295616
0 -0.0397936713761022 -0.0316312632153752 0.0036995694907227 0.0110148697839447 0.0106741804324395 -0.0164869124578177 -0.0231036873780956
0 -0.00315549301626028 0.00667876580570637 0.00614005427356412 0.0112751313648669 0.0127121251238207 -0.003904312554043 0.0190097880248321
0 -3.65542982885216 -3.72125493085073 -1.09571833987532 0.163635163789152 0.639875685366405 1.78010497576089 -3.87622481801296
0 5.8227795594416 5.91690363539406 1.76582175948492 -0.317449090637282 -1.11528994424619 -3.02660124008173 6.09092165073606
0 -0.0406045915491302 -0.0324720904590912 0.00363967020303457 0.0110097457887881 0.0106337361738413 -0.0167385242200666 -0.024014085860883
0 -0.133594653956763 -0.128675303361376 -0.00338076803429654 0.0104612991129995 0.00615005069523455 -0.0448488615150202 -0.127764664791022
0 6.99393140568365 7.06480558392488 2.11540273332386 -0.392251298228771 -1.35600782205313 -3.57861212041608 7.23685799925721
0 -0.0496544492686346 -0.0418511550735112 0.00296780850077383 0.0109532484549364 0.0101855407560616 -0.0195303358024286 -0.0341603952723473
0 -0.0194095416729936 -0.0317425081294012 0.012992147011063 0.0129883180399575 0.0067068426085779 0.0082802830523887 -0.0258656658964038
0 3.32772093415674 3.28810089875816 1.00272327696088 -0.180538965013014 -0.611256269999942 -1.64218425917792 3.46723298381178
0 4.36270689773782 4.4067290086284 1.31419242569874 -0.244241087860686 -0.841669475882583 -2.21448863521596 4.51153505911162
0 -0.0887170277270681 -0.0822738199487478 2.25347497546657e-05 0.0107185595245127 0.00829322649732944 -0.0313646704672799 -0.0777722122495446
0 -0.103471025301494 -0.0975257443133635 -0.0011016301855955 0.0106322946781865 0.00758944896957514 -0.0357784991032597 -0.0941969232724302
0 0.0574379177153994 -0.153805231188325 0.0050357701883903 -0.0282128578688519 0.0194131018684844 0.0988499874459943 0.0201694530007011
0 -0.0370252589317261 -0.0287601563695929 0.00390361884352108 0.0110324521950749 0.0108126661154699 -0.0156258219089112 -0.0199938742547121
0 -0.0359184028967237 -0.0485955050831768 0.0117898572593749 0.0128776173408727 0.00585030939685582 0.00329066828269875 -0.043965755831906
0 3.40713524888551 3.43862505942127 1.02115504723891 -0.194158864498618 -0.659063430319335 -1.71766089379651 3.51377114304294
0 -0.124124116596206 -0.118715072977213 -0.00278559989687066 0.0105422970799807 0.00671984875973441 -0.0414118804035271 -0.116709307870631
0 -0.128434977484611 -0.089118596913413 -0.00948368527401966 0.00632219677127432 -0.011260280148905 -0.0737623458928169 -0.125254548368152
0 3.33363965812509 3.39431450640865 0.998964376438963 -0.186088822595224 -0.635898731606375 -1.72069453817089 3.49105163497266
0 -0.0374140980274724 -0.0291634774897305 0.00387500209351321 0.0110299739050963 0.0107931747533292 -0.0157469728807578 -0.0204308397898263
0 -2.61705940626374 -2.63020622669931 -0.770576469282799 0.100454109186281 0.428666964126077 1.1317318125721 -2.73718703171007
0 -0.040268380321987 -0.0321420327684767 0.00368748276191111 0.0110156097408667 0.0106416051632365 -0.016725584185616 -0.0236974805675296
0 -0.0253990062570226 0.0216947323550154 -0.00203595475867013 0.00701266193961381 -0.00559543540525453 -0.0397065559145506 -0.0109741240336034
0 -3.77975752914634 -3.83701261000584 -1.10456179145447 0.180002361420719 0.659306920210213 1.7656340822893 -3.97743709750452
0 3.32868329980262 3.3670304537201 1.00448761432544 -0.180417134779319 -0.634392717301949 -1.68650120782938 3.4545610993619
0 -0.00315549301626028 0.00667876580570637 0.00614005427356412 0.0112751313648669 0.0127121251238207 -0.003904312554043 0.0190097880248321
0 -0.00315549301626028 0.00667876580570637 0.00614005427356412 0.0112751313648669 0.0127121251238207 -0.003904312554043 0.0190097880248321
0 -0.00315549301626028 0.00667876580570637 0.00614005427356412 0.0112751313648669 0.0127121251238207 -0.003904312554043 0.0190097880248321
0 0.0515072017061891 -0.106219994788763 0.00534797074515891 -0.0212947231542464 0.0140157401345311 0.0714720845044758 0.0257594560610888
0 -0.134953374740891 -0.130049545028189 -0.00350684373980581 0.0104579251919668 0.00610629282971731 -0.0451476540718256 -0.129185855653104
0 -0.128172134824678 -0.123048379666255 -0.00299270092262427 0.0104896936574739 0.00641958601105941 -0.0431251592425852 -0.121658676991842
0 -0.110672882057441 -0.070957521972685 -0.00804733835172033 0.00640409505995398 -0.0104928088025642 -0.0688410354820452 -0.105799217735372
0 3.55590226531874 3.58935060557295 1.06666555166487 -0.201927782982438 -0.687377366628169 -1.79461799933918 3.66913264925958
0 3.36672391874721 3.42784831866652 1.00908126303995 -0.187815573022732 -0.642191895376939 -1.73778442290525 3.52562512509512
0 2.54550651659376 2.57005748022364 0.765047732232816 -0.144148488830837 -0.492412763085014 -1.28859398867307 2.62649840379864
0 -0.00315549301626028 0.00667876580570637 0.00614005427356412 0.0112751313648669 0.0127121251238207 -0.003904312554043 0.0190097880248321
0 -0.00315549301626028 0.00667876580570637 0.00614005427356412 0.0112751313648669 0.0127121251238207 -0.003904312554043 0.0190097880248321
0 3.55590226531874 3.58935060557295 1.06666555166487 -0.201927782982438 -0.687377366628169 -1.79461799933918 3.66913264925958
0 -0.0607585534118118 -0.101296609110738 -0.0331405124575954 -0.0492354141802855 -0.0579040981476608 0.00277710545012688 -0.18501251197557
0 -0.104139097042131 -0.0982162194624041 -0.00115263955205336 0.0106284101005345 0.00755768071917595 -0.0359778525509729 -0.0949402150730378
0 -0.0397936713761022 -0.0316312632153752 0.0036995694907227 0.0110148697839447 0.0106741804324395 -0.0164869124578177 -0.0231036873780956
0 -0.0416589225549915 -0.0543476509102181 0.0114949519407381 0.0128221230741334 0.00543555712803601 0.00122318745158978 -0.0502527305618101
0 -0.146549904379305 -0.108381880584851 -0.0108325765352673 0.00620669517549377 -0.0121997265660552 -0.0794867730849802 -0.145291689042971
0 -0.00315549301626028 0.00667876580570637 0.00614005427356412 0.0112751313648669 0.0127121251238207 -0.003904312554043 0.0190097880248321
0 -0.11873009733974 -0.133316351797461 0.00559720604710945 0.0123698768048994 0.00174302347597788 -0.0212130481780184 -0.134777361780311
0 -0.145712636620182 -0.141088703736481 -0.00438849236615724 0.0104075546143383 0.00565082390239935 -0.0480710083773772 -0.140912774738279
0 2.32994058178604 2.35899949636793 0.730706027586569 -0.127070557858632 -0.463307979631345 -1.26951179348125 2.42156812146592
0 0.0111469990705082 -0.203420476956408 -0.000132419456215338 -0.0280696759043551 0.0187707943812403 0.0900718651161356 -0.0307491044642814
0 -0.129665623685217 -0.124591138980622 -0.00310733771719018 0.0104811320702272 0.00634913158116346 -0.0435679326125076 -0.123317873012501
0 -0.00315549301626028 0.00667876580570637 0.00614005427356412 0.0112751313648669 0.0127121251238207 -0.003904312554043 0.0190097880248321
0 -0.0524196296030657 -0.0447154868390687 0.00276145276098205 0.0109362023174744 0.0100495926371016 -0.0203782692747319 -0.0372562648462966
0 1.29728868125096 1.31418596187315 0.39839610968456 -0.0689955715386201 -0.249770703987355 -0.677058587619401 1.34795278382939
0 -0.0745714505029333 -0.067644124567217 0.00109534280493673 0.0108022802048433 0.0089726493577329 -0.0271089854161182 -0.0620045580683035
0 -0.0194095416729936 -0.0317425081294012 0.012992147011063 0.0129883180399575 0.0067068426085779 0.0082802830523887 -0.0258656658964038
0 -0.0227219538569599 -0.0351220353360415 0.0127528078948251 0.0129656774312092 0.00653294877052257 0.00727344335667235 -0.0294971841983109
0 -4.11470676465714 -4.1775973286951 -1.20535231005097 0.195929304271701 0.719603081606294 1.93106621440263 -4.33088724542755
0 0.0707337536969921 -0.138198676574707 0.00719395212111618 -0.0283715694277116 0.0189185340194773 0.0992667446092321 0.0349428510847618
0 -0.00315549301626028 0.00667876580570637 0.00614005427356412 0.0112751313648669 0.0127121251238207 -0.003904312554043 0.0190097880248321
0 -0.0358720384370992 -0.0275638670105551 0.0039884027784769 0.0110398200989317 0.0108705555881672 -0.0152660929207924 -0.0186975646143916
0 -0.00315549301626028 0.00667876580570637 0.00614005427356412 0.0112751313648669 0.0127121251238207 -0.003904312554043 0.0190097880248321
0 4.23922264949425 4.25400123057577 1.28142289696294 -0.222184244612833 -0.788304721753164 -2.13305562305943 4.42938153762712
0 -4.0233349380522 -4.09444363086888 -1.20378154877312 0.181715595580471 0.705252321437243 1.95444280731651 -4.26189793747015
0 3.31116142314249 3.27133708777421 0.997663845061794 -0.179675748416486 -0.608110015137441 -1.6336360045994 3.44993202590175
0 -0.0466379215550909 -0.0595486307101494 0.0109992456099923 0.0128079901572793 0.00530483063209175 8.07461314140667e-05 -0.0557193567992345
0 0.0025262441312961 -0.160204763226176 -0.00035132645114011 -0.0211231815676132 0.0135351401265886 0.0625844855795381 -0.0283908330899201
0 3.55330927719343 3.59091640350806 1.07574535967041 -0.19738292980081 -0.686701160244652 -1.81843089758144 3.67826514866677
0 3.24458403129624 3.28088072091248 0.992765225739433 -0.179577892435063 -0.632923171849953 -1.69246902682181 3.36346406077645
0 -0.133520560943485 -0.12855536312288 -0.00340734525735753 0.0104682632648623 0.00618367099493566 -0.0446728170034687 -0.127551589064444
0 0.0109914809500773 -0.026864270138657 -0.0244711152875103 -0.0495322792216575 -0.0576693633257968 0.0134734736734927 -0.104454560611152
0 3.63705812768953 3.63783273908501 1.09585456109043 -0.193987119255141 -0.669388912956833 -1.83594371098515 3.82133642497602
0 -0.133436776904337 -0.128480714191982 -0.00339206870000019 0.0104669507491399 0.00617936450680023 -0.0446902190784013 -0.12749435807106
0 -6.16433944880733 -6.27487133935854 -1.82154345636761 0.303144758967676 1.10616091137126 2.95503431863807 -6.45414225391407
0 -0.0343654369603623 -0.0260007205350501 0.00409895995658927 0.0110494877165546 0.0109463774530676 -0.0147951434339526 -0.0170031880123531
0 -0.11939735675804 -0.113983259799323 -0.0023198085661984 0.0105401256558362 0.00683412799826133 -0.0405206540069631 -0.111907718378218
0 -0.124075695655409 -0.0851104104598792 -0.00906164216010241 0.00632244686431482 -0.0111654427863224 -0.0729742244332092 -0.120598410609549
0 -0.144432069689737 -0.139820159263993 -0.00424985729822458 0.0104067190900987 0.0056735672166992 -0.0478840107277527 -0.139653622439129
0 5.77414710375629 5.86762504861011 1.75072613663482 -0.314853959281578 -1.10580649871434 -3.00068804940544 6.04015179118787
0 -0.00315549301626028 0.00667876580570637 0.00614005427356412 0.0112751313648669 0.0127121251238207 -0.003904312554043 0.0190097880248321
0 1.69179674418358 1.70050964680669 0.499287523477179 -0.105312285242093 -0.335588167892084 -0.840509510370069 1.72172208063206
0 -1.81925148093853 -1.8523961751837 -0.534360460459098 0.0793388678799687 0.308124735202597 0.848103705014012 -1.93384250007973
0 -0.0712055583384195 -0.0641689422976701 0.00135500283331202 0.0108213116902753 0.00913021776778278 -0.0261173191083781 -0.0582704859533161
0 -0.0351143054345262 -0.026777735772344 0.00404403680588938 0.0110446762297696 0.0109086613918592 -0.0150293768682319 -0.0178455139916984
0 -0.0406045915491302 -0.0324720904590912 0.00363967020303457 0.0110097457887881 0.0106337361738413 -0.0167385242200666 -0.024014085860883
0 -0.0349484673961844 -0.0476047672668365 0.0118610660658374 0.0128839917979096 0.00590001873611978 0.0035821000991314 -0.0429022819628453
0 -0.153988954444542 -0.116501938868981 -0.0113522456573967 0.00615125231165914 -0.0126327187498489 -0.0820524823058046 -0.153574425513086
0 -0.0496544492686346 -0.0418511550735112 0.00296780850077383 0.0109532484549364 0.0101855407560616 -0.0195303358024286 -0.0341603952723473
0 -0.112887206580631 -0.127179844923003 0.0061996639055355 0.012374420702296 0.00186374622060637 -0.0199606018048084 -0.128357810239551
0 -0.0632411928501555 -0.0559199687167617 0.00195007754153487 0.0108702622213581 0.00952110602961831 -0.0236785202808489 -0.0493565841553152
0 -0.00315549301626028 0.00667876580570637 0.00614005427356412 0.0112751313648669 0.0127121251238207 -0.003904312554043 0.0190097880248321
0 -0.00315549301626028 0.00667876580570637 0.00614005427356412 0.0112751313648669 0.0127121251238207 -0.003904312554043 0.0190097880248321
0 2.36957155084726 2.36733591758354 0.723610014024697 -0.12693408651041 -0.447838139498376 -1.22002278849617 2.47451253377283
0 -0.0590874921108338 -0.016094669143194 -0.00420733434431053 0.00673328578872612 -0.00781592313948654 -0.0525322278555498 -0.0487380934115267
0 -0.00315549301626028 0.00667876580570637 0.00614005427356412 0.0112751313648669 0.0127121251238207 -0.003904312554043 0.0190097880248321
0 -0.0739793109103628 -0.0320253758511222 -0.00530070425296003 0.00663470646727449 -0.00860959609220657 -0.0573354767510597 -0.0652347144553485
0 3.27718540408119 3.31785493187665 0.991653462242482 -0.173854434332924 -0.620660409888046 -1.6637330720696 3.40940458387688
0 -0.0935339859285937 -0.0532040212748099 -0.00668870062114424 0.00649886606750227 -0.00972050878045883 -0.0639637858682081 -0.0869610597653279
0 3.18465078678635 3.24329954073673 0.95342958963505 -0.178318998141606 -0.607584317702333 -1.6438207792677 3.33535058696006
0 -0.0538908979021131 -0.0105040835387009 -0.00383094405896278 0.00676888928975306 -0.00753187437643366 -0.0508238128149809 -0.0429733331611724
0 -0.0739793109103628 -0.0320253758511222 -0.00530070425296003 0.00663470646727449 -0.00860959609220657 -0.0573354767510597 -0.0652347144553485
0 -0.124075695655409 -0.0851104104598792 -0.00906164216010241 0.00632244686431482 -0.0111654427863224 -0.0729742244332092 -0.120598410609549
0 -1.35337118880993 -1.44985129686141 -0.3842998548064 0.0490949199026289 0.237862241389195 0.570946606837637 -1.38734762275018
0 -0.0796020170931766 -0.0729161383301644 0.000774509683059144 0.0107686032332985 0.0086869188494485 -0.0288938883567331 -0.0678256615254673
0 2.97635552797185 3.00215875876759 0.889599394448794 -0.171720400473177 -0.577311947523711 -1.49562276450277 3.06384283579168
0 -0.135738929256307 -0.130809034374304 -0.00360578207689288 0.0104612537264974 0.00610531348971177 -0.0451960175139248 -0.129901965055076
0 -3.31536528951317 -3.37770583923429 -0.980775712769532 0.143118896559027 0.563849426215768 1.56539743313151 -3.52440318765981
0 -0.0531839854145044 -0.00974189245601531 -0.00378001752504975 0.00677379692797242 -0.00749285495164953 -0.0505896839965971 -0.0421886945559464
0 -0.0978029130611313 -0.091525152518297 -0.0007655238522144 0.010693242876763 0.00796179645518036 -0.033607121184942 -0.0874665537465571
0 -0.00315549301626028 0.00667876580570637 0.00614005427356412 0.0112751313648669 0.0127121251238207 -0.003904312554043 0.0190097880248321
0 -2.44256402613679 -2.48656129465735 -0.73182091784436 0.109001073654483 0.426837042950112 1.18814106997777 -2.59222416136213
0 4.54218622559424 4.59416035227336 1.38970199589043 -0.237220071465003 -0.865106317261066 -2.3606835548468 4.75018193194171
0 0.0175545339007859 0.00566051592218164 0.0153074707179921 0.0132888986701047 0.00898324366644498 0.0204715935902184 0.0146400266495297
0 5.44674837123462 5.51265778171776 1.65722611024756 -0.292240445227918 -1.04247724918199 -2.79907562588167 5.66539796083586
0 -2.24324899185745 -2.27411712423301 -0.637773863508579 0.108651437474222 0.382411011146679 0.993917799072387 -2.35474120208933
0 -0.00315549301626028 0.00667876580570637 0.00614005427356412 0.0112751313648669 0.0127121251238207 -0.003904312554043 0.0190097880248321
0 -4.624875848999 -4.71705644285335 -1.36112931376996 0.225623598396169 0.825597433652632 2.19807877625109 -4.84517084415288
0 -0.00315549301626028 0.00667876580570637 0.00614005427356412 0.0112751313648669 0.0127121251238207 -0.003904312554043 0.0190097880248321
0 3.02696633862536 3.06144843055903 0.91059735703935 -0.16425762772775 -0.575318793535857 -1.52480792686551 3.13984087594592
0 0.0707337536969921 -0.138198676574707 0.00719395212111618 -0.0283715694277116 0.0189185340194773 0.0992667446092321 0.0349428510847618
0 -0.212849640458652 -0.229869032855551 -0.00170469201924162 0.0118488879740801 -0.00264695015669902 -0.0482818716434323 -0.238010885863229
0 -0.0253990062570226 0.0216947323550154 -0.00203595475867013 0.00701266193961381 -0.00559543540525453 -0.0397065559145506 -0.0109741240336034
0 5.04509508411336 5.06962989223805 1.53025688266575 -0.264856406704084 -0.944133635084185 -2.55830105986783 5.27073012514377
0 5.59373106808651 5.66179835735197 1.69888224467149 -0.299076930233483 -1.06701751799545 -2.86342252919312 5.81966851067705
0 -0.0820751847206913 -0.0754055943824787 0.000526945362952169 0.0107577295154471 0.00861159528858924 -0.0293697713503827 -0.0703715427499461
0 -2.17774981741275 -2.20611551043288 -0.632633274494088 0.10898431608803 0.385355091805579 1.01327673962017 -2.2809573129184
0 1.38961548229855 1.39427949102227 0.407893837508539 -0.089797852919375 -0.279164617771897 -0.687896811918819 1.40590092392306
0 -0.141189231589924 -0.136480722257267 -0.00399322612266761 0.0104237446492932 0.00581933960212089 -0.046959468015265 -0.136082262503149
0 -0.0519532258837376 -0.0442324007109018 0.00279628968222623 0.0109390712429178 0.0100724942459816 -0.020235395392922 -0.0367342086818785
0 -0.117762187321278 -0.112037522476125 -0.00236851906837288 0.0105999332995963 0.00709654700400586 -0.0391708299806148 -0.109326903139839
0 -0.0318142054620125 -0.0233529557117476 0.0042855928299268 0.0110659763483834 0.0110753144452302 -0.0139948770329426 -0.01413162865102
0 -0.0528882494544951 -0.045200851967464 0.00272643812055984 0.0109333222310175 0.0100265935926016 -0.0205217638111117 -0.0377807521715519
0 -0.124477194985122 -0.119231363884353 -0.00270921902182897 0.0105109023078573 0.00659401696242989 -0.0420290872727613 -0.117553232254847
0 -0.0988565748158958 -0.0927562302765046 -0.000749540757380984 0.0106591742133775 0.00780909852497746 -0.0344004032972385 -0.089061953171623
0 -0.00315549301626028 0.00667876580570637 0.00614005427356412 0.0112751313648669 0.0127121251238207 -0.003904312554043 0.0190097880248321
0 -0.0487504515473094 -0.0409146098201605 0.00303517199394587 0.0109588412126507 0.0102300773107462 -0.0192526565482241 -0.0331478880343954
0 -0.0911987273288197 -0.0848397265251819 -0.000166218866752832 0.0107039810610479 0.00817453295914783 -0.0321087079650808 -0.0805362996199701
0 3.17536309272093 3.20379617970396 0.950332316455217 -0.182075677113644 -0.61503521652952 -1.59804976611595 3.27170627203338
0 -0.15795871018414 -0.153403460091935 -0.005573140382785 0.0103911447970995 0.00530785028188774 -0.0505240016606945 -0.153509841413619
0 -0.098494932391433 -0.112650457932094 0.00707960214715442 0.0125035858546498 0.00278350614848177 -0.0151234852455144 -0.112591041818312
0 -0.029371564436675 -0.0208168618996845 0.00446351746353368 0.0110819180905617 0.0111994770919601 -0.0132250227058797 -0.0113791961707115
0 -0.128172134824678 -0.123048379666255 -0.00299270092262427 0.0104896936574739 0.00641958601105941 -0.0431251592425852 -0.121658676991842
0 -0.139824722060779 -0.134846184648481 -0.00404839957355563 0.0104707031240565 0.00604307213954458 -0.0457765862254469 -0.133892418515845
0 -0.0487504515473094 -0.0409146098201605 0.00303517199394587 0.0109588412126507 0.0102300773107462 -0.0192526565482241 -0.0331478880343954
0 -0.090498589381538 -0.10450116586295 0.00764849811602231 0.0125602541378171 0.00321284041361514 -0.012666181574402 -0.103825133957946
0 1.08012473816914 1.11522950285249 0.31624886064526 -0.0768925783249657 -0.223025893492711 -0.606139936293559 1.13554258169674
0 3.63847304315809 3.67300725509365 1.09194294506368 -0.206244239442199 -0.703110741490889 -1.83739366977282 3.75535950652845
0 -0.580676958663275 -0.583414627985618 -0.151954763137013 0.0179041282435293 0.076048731600622 0.184485327399102 -0.611048645203908
0 -0.11582389466359 -0.110296808670777 -0.00203268901561726 0.0105664075075742 0.00700328080527912 -0.0395041444038906 -0.107957486647779
0 0.0109914809500773 -0.026864270138657 -0.0244711152875103 -0.0495322792216575 -0.0576693633257968 0.0134734736734927 -0.104454560611152
0 -0.0589161239672964 -0.0721013008564295 0.0100869246155537 0.0127297682342333 0.00468728963927489 -0.00357559906743043 -0.0691825921267379
0 -0.133791191456364 -0.128698900787398 -0.00352463458876695 0.0104904764969329 0.00626730437093581 -0.0442829534178877 -0.127444929712183
0 -0.102599849520258 -0.116842715079931 0.00677891953429599 0.0124764531516837 0.0025723933595545 -0.0163589291736304 -0.117091768132083
0 -0.103726903748217 -0.0634482053294336 -0.0538660048326181 -0.0402746280452244 -0.0259834700247894 -0.0743430014690256 -0.0963967030057815
0 4.77016503610221 4.82727508339461 1.44864494944716 -0.256501466545785 -0.912044233521826 -2.44341984908867 4.95919735235185
0 -0.0122743664942258 -0.00301721309690883 0.00567296837813247 0.0112007837358892 0.0121020953680144 -0.0076648770899741 0.00803198650594483
0 2.21662912818333 2.24771677464198 0.694203401707755 -0.116081279263234 -0.43288902991824 -1.19776415037285 2.31356151830201
0 4.42073978765572 4.49611706243492 1.33244629136816 -0.243095158763055 -0.843778920065191 -2.28597155685621 4.62684219732604
0 -0.0219206508745655 -0.0129537759636418 0.00492094753733641 0.0111562320129259 0.0116704180461111 -0.0104509836333726 -0.00260531825652333
0 -0.144851205341991 -0.140179811174056 -0.00433652651921568 0.0104153619521403 0.00570467840163769 -0.0477480205254466 -0.139898394751034
0 -0.0728930067000602 -0.0659077121538161 0.00122224618511835 0.0108122932688466 0.00905363107262858 -0.0266021612948228 -0.060132063309557
0 -0.0388489983779601 -0.0305442420954405 0.00369861627217993 0.0110435717999295 0.0107998926222237 -0.015837667434929 -0.0217241874647427
0 -3.91128089454875 -3.99148029095926 -1.15635730018212 0.191779900385001 0.703902330141389 1.87755578061039 -4.09605110262231
0 -0.140354606686197 -0.135636234691581 -0.0039160255541173 0.0104258666672123 0.00584644693927672 -0.0467747613959522 -0.135208273927278
0 -0.0358720384370992 -0.0275638670105551 0.0039884027784769 0.0110398200989317 0.0108705555881672 -0.0152660929207924 -0.0186975646143916
0 -4.70918015826913 -4.79017478974239 -1.40467829673607 0.215280481950202 0.82655207446355 2.27748690007243 -4.98099247464172
0 -0.0679026022703715 -0.0812923621561827 0.00941557050194941 0.0126733379236996 0.00423920057750049 -0.00624079334628203 -0.0790367178914617
0 -0.0298990960532222 -0.0694092067992451 -0.0299001640137524 -0.0492823515700618 -0.0573586433238109 0.00891365419902579 -0.150727594052507
0 4.34629468424669 4.39010251273483 1.30914512210117 -0.243377283162118 -0.838518318871465 -2.20590495101898 4.49440152105639
0 3.27474720396194 3.30449182415974 0.980689180622804 -0.187253918128604 -0.633902112555973 -1.64929678226935 3.375506707469
0 0.0109914809500773 -0.026864270138657 -0.0244711152875103 -0.0495322792216575 -0.0576693633257968 0.0134734736734927 -0.104454560611152
0 -0.046503276297297 -0.0593204743295228 0.0111152373881711 0.0127957381872923 0.00521314193924649 -0.000159936124830118 -0.0555663613677932
0 4.05049588281632 4.09043587761106 1.21826326736567 -0.227830707121143 -0.781814154162561 -2.05150476740506 4.18558210755863
0 -0.0939850529111204 -0.0875667523783141 -0.000483318012802769 0.0107173271324688 0.00815202699456075 -0.0324234562622481 -0.0831811400018108
0 -4.26914796321729 -4.34379445260383 -1.27586722923699 0.19376648232641 0.748812873757288 2.07051596798382 -4.51960898484678
0 -0.0697797255092496 -0.062430705645653 0.00127636784303675 0.010876002252866 0.00938564289322086 -0.0247780855604995 -0.0558919283747614
0 0.00250329657027493 -0.00673844857203898 -0.00610441355086566 -0.0130478328697428 -0.0154404702560265 0.00304680193697138 -0.0303759514295616
0 -0.142706886635519 -0.138066756992461 -0.0040961052616475 0.0104122855044659 0.00573503518990881 -0.0474744126231692 -0.137823475393866
0 0.0175545339007859 0.00566051592218164 0.0153074707179921 0.0132888986701047 0.00898324366644498 0.0204715935902184 0.0146400266495297
0 -0.0774131794831017 -0.070583725260807 0.000880282787736775 0.010785368544572 0.00883573112048408 -0.0279661053763509 -0.0651740058829597
0 -0.176313418783013 -0.172370412749244 -0.00697701114080962 0.0102849120887907 0.00443731448894402 -0.055989458871224 -0.173921303965308
0 -0.103059025597712 -0.271609008939081 -0.0102799576637191 -0.0212890914335286 0.010260488943707 0.0369399145278537 -0.144534399645102
0 -0.00315549301626028 0.00667876580570637 0.00614005427356412 0.0112751313648669 0.0127121251238207 -0.003904312554043 0.0190097880248321
0 5.60355072053454 5.66367434186972 1.69726749279775 -0.309922902076792 -1.08144250535501 -2.86866466945858 5.80657037470115
0 -0.120187656987394 -0.114534991999601 -0.00256341211361555 0.010585273435705 0.00698649602149271 -0.0398537809303061 -0.111995844964479
0 -0.08506096228751 -0.0784933300909789 0.000300333599171587 0.0107400923893124 0.00846834373596916 -0.0302672338576899 -0.0736990160190234
0 4.62903293376195 4.64760888356692 1.41474448366716 -0.246112417389924 -0.87713467580366 -2.38454034995533 4.83334729248689
0 -0.0426706742934915 -0.034614041072397 0.00348681189819455 0.0109967404831641 0.0105309204039754 -0.0173784150806715 -0.0263326273825037
0 -0.0318142054620125 -0.0233529557117476 0.0042855928299268 0.0110659763483834 0.0110753144452302 -0.0139948770329426 -0.01413162865102
0 0.0707337536969921 -0.138198676574707 0.00719395212111618 -0.0283715694277116 0.0189185340194773 0.0992667446092321 0.0349428510847618
0 0 0 0 0 0 0 0
0 -0.124482349885479 -0.119246938144212 -0.00269280949777562 0.0105158633971465 0.00659063791846748 -0.0420925166289536 -0.117594791823119
0 -0.133438128148355 -0.128487919770552 -0.00339703978922135 0.0104595327843793 0.00617129038305553 -0.0446857274922943 -0.127508408378799
0 -0.00315549301626028 0.00667876580570637 0.00614005427356412 0.0112751313648669 0.0127121251238207 -0.003904312554043 0.0190097880248321
0 5.1025495241044 5.1481960938966 1.54532427645643 -0.26506039678307 -0.955428855483774 -2.58897037222825 5.33710477612748
0 2.94315657466426 2.96852061594169 0.879474752712611 -0.169994677287264 -0.571026100121415 -1.4785602867312 3.02916489349968
0 -0.00315549301626028 0.00667876580570637 0.00614005427356412 0.0112751313648669 0.0127121251238207 -0.003904312554043 0.0190097880248321
0 4.67411788897041 4.72219942056293 1.41005742740845 -0.260655497726034 -0.901559971861886 -2.37769655932676 4.83661036160237
0 -4.32187869426416 -4.3972848860529 -1.29131869260401 0.196348530594705 0.758144793217539 2.09537296143529 -4.57489477531452
0 -0.0734502718355827 -0.0664842372913874 0.00118012277756918 0.0108089667418585 0.0090267346032844 -0.0267704820140175 -0.0607537970683021
0 2.12183973159126 2.12210543664455 0.663350086594228 -0.116744495841074 -0.417630220405401 -1.15147964456699 2.21364714921612
0 3.62196331985442 3.65628048318996 1.08688782182226 -0.205380925828223 -0.699963871647114 -1.82883729437695 3.73811899739634
0 -0.113350619566536 -0.107700415843845 -0.00187371376330425 0.0105868421386845 0.00714877694189076 -0.0386234865171744 -0.105084692963134
0 -0.0937158850442081 -0.0874420971052863 -0.000357815990111643 0.0106892240213701 0.00805428045102818 -0.0328626759360078 -0.0833392855637922
0 -0.0862707862389533 -0.0797443773759841 0.000208444859412182 0.010732959411766 0.00841036106557391 -0.030630563442605 -0.0750470234525147
0 -0.0518357951439441 -0.0442171827381928 0.00289335141392977 0.0109302954633304 0.0100083793408543 -0.0206027006579403 -0.036928315493296
0 3.91879927110865 3.95701369042109 1.17785284913316 -0.220922278514976 -0.756622436485387 -1.98294701165197 4.04807619416592
0 3.09248205638727 3.11982047015114 0.925030042371517 -0.177760783195708 -0.599315482653722 -1.55536098732215 3.18513905224732
0 -0.0632411928501555 -0.0559199687167617 0.00195007754153487 0.0108702622213581 0.00952110602961831 -0.0236785202808489 -0.0493565841553152
0 -0.0858709964105575 -0.0794619611521661 0.000345374506781404 0.0107221145609397 0.00834257807549443 -0.0310010462991901 -0.0750011822779655
0 3.20849999432966 3.23737051052345 0.960451982054437 -0.183801712807934 -0.621323792129189 -1.61512962221549 3.30631614182192
0 -0.0253990062570226 0.0216947323550154 -0.00203595475867013 0.00701266193961381 -0.00559543540525453 -0.0397065559145506 -0.0109741240336034
0 -0.542638479869382 -0.556730281119376 -0.150862389131148 0.0344664683790912 0.101099396637851 0.265046194349659 -0.570949191679118
0 -0.123460454862531 -0.138171945106632 0.0052266332394888 0.0123440660324436 0.00152562030449532 -0.0225642457358708 -0.139965935445436
0 -0.0435126203159522 -0.0354867743193252 0.0034244245420112 0.0109914602338215 0.0104891120466815 -0.0176387160069065 -0.0272770621170131
0 -0.0734502718355827 -0.0664842372913874 0.00118012277756918 0.0108089667418585 0.0090267346032844 -0.0267704820140175 -0.0607537970683021
0 3.19193265159134 3.22058448461382 0.955392238114428 -0.182938689380265 -0.618179455611539 -1.60658938383843 3.28901242250807
0 3.86937647553856 3.90694276672107 1.16269600992952 -0.218331801944387 -0.747177150044195 -1.95724809404497 3.99647136248983
0 -0.00315549301626028 0.00667876580570637 0.00614005427356412 0.0112751313648669 0.0127121251238207 -0.003904312554043 0.0190097880248321
0 -0.0937709304820387 -0.053065332085243 -0.00677547949669943 0.00650875559549657 -0.00963457412647672 -0.0635832729225241 -0.0871248287066066
0 -0.11939735675804 -0.113983259799323 -0.0023198085661984 0.0105401256558362 0.00683412799826133 -0.0405206540069631 -0.111907718378218
0 -0.135010198438783 -0.130055025856732 -0.00355076572365531 0.0104656175924966 0.00614054932169772 -0.0449755809210677 -0.129088653323427
0 0.00359653240073099 0.012024131279639 0.00786958034044849 0.0110683388305257 0.0118997091496218 -0.00768687652261368 0.0216019715423679
0 -0.0706861074789948 -0.0636244016058254 0.00138896262353327 0.0108254877666654 0.00916024259379489 -0.0259350849637472 -0.0576694398829494
0 -0.0275081064146039 -0.0400070407691424 0.0124051449558795 0.0129333802682927 0.00628366272079228 0.0058241803724588 -0.0347445781709252
0 -0.05658118151212 -0.0158452351711693 -0.0478708959844134 -0.0405130237242997 -0.0260502859154537 -0.0688615809089295 -0.0453922972460057
0 -4.85028299012323 -4.93331732565699 -1.44592129726729 0.222163488576086 0.851415757187567 2.34363567193749 -5.12895610460663
0 -0.133177760395331 -0.128175209244666 -0.00340039322635644 0.0104741524339502 0.00621791917708814 -0.0444787312305892 -0.127092288941502
0 -0.00315549301626028 0.00667876580570637 0.00614005427356412 0.0112751313648669 0.0127121251238207 -0.003904312554043 0.0190097880248321
0 -0.00315549301626028 0.00667876580570637 0.00614005427356412 0.0112751313648669 0.0127121251238207 -0.003904312554043 0.0190097880248321
0 -0.0483017768848004 -0.0404497556938295 0.00306858716176439 0.0109616208499879 0.0102521994346567 -0.0191147479029774 -0.0326452811566753
0 -0.0358720384370992 -0.0275638670105551 0.0039884027784769 0.0110398200989317 0.0108705555881672 -0.0152660929207924 -0.0186975646143916
0 -0.0442751777791188 -0.0362985745632756 0.00338379711004233 0.0109834598301841 0.0104364213716126 -0.0179502945189225 -0.0281967923017232
0 -2.17627377625854 -2.22099613633439 -0.659120262091406 0.0904021833166979 0.374817020463823 1.07165579919636 -2.326119333115
0 -0.00189074060136862 -0.217226977838461 -0.00146674629293164 -0.0280606963389634 0.0184738565683551 0.0872508109908336 -0.0450788729091811
0 -0.0406045915491302 -0.0324720904590912 0.00363967020303457 0.0110097457887881 0.0106337361738413 -0.0167385242200666 -0.024014085860883
0 -0.108742385707645 -0.150823695862584 -0.0379023080209322 -0.0492355543532383 -0.0590454209182489 -0.0076702962095454 -0.238166821797397
0 0.0109914809500773 -0.026864270138657 -0.0244711152875103 -0.0495322792216575 -0.0576693633257968 0.0134734736734927 -0.104454560611152
0 -0.0370252589317261 -0.0287601563695929 0.00390361884352108 0.0110324521950749 0.0108126661154699 -0.0156258219089112 -0.0199938742547121
0 -0.0658502279595821 -0.058620274386266 0.00175367803804294 0.010854522467481 0.00939441853258449 -0.0244704715111936 -0.0522707600820609
0 -0.0734502718355827 -0.0664842372913874 0.00118012277756918 0.0108089667418585 0.0090267346032844 -0.0267704820140175 -0.0607537970683021
0 -0.0351143054345262 -0.026777735772344 0.00404403680588938 0.0110446762297696 0.0109086613918592 -0.0150293768682319 -0.0178455139916984
0 3.46011724151521 3.42212934262164 1.04319233426332 -0.187445099581709 -0.636429816582364 -1.71059263937052 3.60555312530192
0 0.0109914809500773 -0.026864270138657 -0.0244711152875103 -0.0495322792216575 -0.0576693633257968 0.0134734736734927 -0.104454560611152
0 -4.46822121371169 -4.52828302594973 -1.30841900106232 0.217174974046841 0.788039932527838 2.09710004390385 -4.68127606248446
0 -0.0274849087596731 -0.018907746339754 0.00463790503349326 0.0110867398121641 0.0112608676455785 -0.012806908955592 -0.00940306095966781
0 0 0 0 0 0 0 0
0 -6.32259409349379 -6.42702778013742 -1.87448858425513 0.293532532752721 1.10900849982615 3.02758527805254 -6.67326004439433
0 1.95771380990644 1.97891425661199 0.592843546339427 -0.108471502223523 -0.378015793589434 -1.00165544038382 2.0251459116342
0 -0.0547848901812382 -0.047165102483341 0.0025846023670888 0.0109216902750577 0.00993362305838819 -0.0211019485023365 -0.0399030130809455
0 -0.102141530216526 -0.0961516310159709 -0.0010001446102148 0.0106400303504501 0.00765269316350947 -0.0353816541715446 -0.0927176331537276
0 -0.0456562676838939 -0.0377084899406586 0.00326534606593532 0.0109780642927326 0.0103828860300776 -0.0183003297774738 -0.0296806942679368
0 -0.00315549301626028 0.00667876580570637 0.00614005427356412 0.0112751313648669 0.0127121251238207 -0.003904312554043 0.0190097880248321
0 -0.0426706742934915 -0.034614041072397 0.00348681189819455 0.0109967404831641 0.0105309204039754 -0.0173784150806715 -0.0263326273825037
0 2.9639654027328 3.01409981168347 0.894591803313318 -0.162181885860065 -0.565449971085386 -1.53315710355039 3.10197287847721
0 -0.143509493998804 -0.138882923502269 -0.00416731518261981 0.0104096309456372 0.00570613948027532 -0.0476664990663953 -0.138676212810048
0 -0.0763283268062405 -0.0345290911180505 -0.00547467187201267 0.00661950760573937 -0.00873272150470461 -0.0580837206217408 -0.06783449068819
0 3.75397905458482 3.79003084641296 1.12732383161644 -0.212287747248482 -0.725141558594828 -1.89730567587193 3.87597499794963
0 -0.00315549301626028 0.00667876580570637 0.00614005427356412 0.0112751313648669 0.0127121251238207 -0.003904312554043 0.0190097880248321
0 -0.0658502279595821 -0.058620274386266 0.00175367803804294 0.010854522467481 0.00939441853258449 -0.0244704715111936 -0.0522707600820609
0 3.05931412892909 3.08621423332842 0.914907888703766 -0.176034903755635 -0.593028271152761 -1.53828982038661 3.15049514620704
0 -0.0227219538569599 -0.0351220353360415 0.0127528078948251 0.0129656774312092 0.00653294877052257 0.00727344335667235 -0.0294971841983109
0 -0.148638979097241 -0.144337509967947 -0.00444516702795106 0.0103567397438962 0.00535596703748187 -0.0497405955371417 -0.144844453136666
0 -0.0374140980274724 -0.0291634774897305 0.00387500209351321 0.0110299739050963 0.0107931747533292 -0.0157469728807578 -0.0204308397898263
0 -0.143509493998804 -0.138882923502269 -0.00416731518261981 0.0104096309456372 0.00570613948027532 -0.0476664990663953 -0.138676212810048
0 -0.101476923310945 -0.0955497438192472 -0.000877021960155044 0.0106376218741731 0.0076292731300267 -0.0355106218221444 -0.0922392547655266
0 -0.0339943269214338 -0.0256156314167471 0.00412615495317192 0.0110518767184273 0.0109650893302398 -0.0146789576986683 -0.0165856717639365
0 -0.0352070546209662 -0.0748972620165254 -0.0304740124752381 -0.0492699186099923 -0.0574349845388724 0.00791213145744596 -0.156634036367087
0 -0.0198158367336316 -0.0321569725294286 0.0129628516386568 0.0129855270274106 0.00668544690349471 0.00815660038142063 -0.0263110966212117
0 -5.21002970954309 -5.26741693185443 -1.55088033643784 0.243965144867531 0.92404947813894 2.47208444151762 -5.45103515628381
0 0.764420383945648 0.778293202679725 0.247107469648081 -0.0372254309843392 -0.150086650865024 -0.433178754542599 0.802640404799656
0 -0.0140546761850349 0.0232715561805796 0.000524524947691063 0.00668384870292238 -0.0073706020112394 -0.0468836600615297 -0.00114565114270659
0 5.58730693308313 5.64722104999355 1.69223369585771 -0.309058249141216 -1.07828394323667 -2.8600338155143 5.78962160486951
0 3.40713524888551 3.43862505942127 1.02115504723891 -0.194158864498618 -0.659063430319335 -1.71766089379651 3.51377114304294
0 -0.0519532258837376 -0.0442324007109018 0.00279628968222623 0.0109390712429178 0.0100724942459816 -0.020235395392922 -0.0367342086818785
0 4.32988025462342 4.37347373784102 1.30409764078446 -0.242513489624542 -0.835367259295978 -2.19732188747658 4.47726555184029
0 3.17536309272093 3.20379617970396 0.950332316455217 -0.182075677113644 -0.61503521652952 -1.59804976611595 3.27170627203338
0 -0.116024723837859 -0.110381308615501 -0.00213950506896321 0.0105837815019716 0.00707914696297207 -0.0391272008824468 -0.107810167394188
0 -0.0610486848888079 -0.0181995593699802 -0.00435020110718343 0.00672004010451444 -0.00792199731829335 -0.0531718571764168 -0.0509124164978507
0 -0.118620151428815 -0.133160741626676 0.00564768365119406 0.0123609900335975 0.00170308485187665 -0.0213076744609846 -0.134653114301874
0 3.03548240874738 3.09209997604624 0.907880407577764 -0.170550077730056 -0.579277796083545 -1.56699729338463 3.17945261491967
0 3.06864645012521 3.12571583231241 0.918003692069178 -0.172276426361094 -0.585567452171688 -1.58406483455443 3.21411362683229
0 0.0109914809500773 -0.026864270138657 -0.0244711152875103 -0.0495322792216575 -0.0576693633257968 0.0134734736734927 -0.104454560611152
0 -0.0780992553065465 -0.0713960718332554 0.000913848052952915 0.0107723556872448 0.00873541166069902 -0.0285629287383591 -0.0662533900318305
0 -0.0406045915491302 -0.0324720904590912 0.00363967020303457 0.0110097457887881 0.0106337361738413 -0.0167385242200666 -0.024014085860883
0 -0.0293150094895434 -0.0418517763880604 0.0122733904936454 0.012921301015016 0.00619009017953065 0.00527855601381599 -0.0367256562588114
0 -0.118786536030031 -0.133390066136392 0.00557733136953464 0.0123730706393514 0.0017570372179998 -0.0211826478969246 -0.134840615362002
0 -0.0879602065700036 -0.0473898772065158 -0.00625517666336961 0.00653008318934223 -0.00945691255770598 -0.0623183767768007 -0.0808251333450825
0 4.76935493841361 4.82694495090297 1.44111271206641 -0.254611364455599 -0.904329203998344 -2.41726893088465 4.9600520788467
0 -0.0325320480867437 -0.0240980649458296 0.00423315774772126 0.0110613211157848 0.0110389624827181 -0.0142204213032362 -0.0149399183786429
0 -0.139726910810529 -0.121988996193082 -0.0334243368601723 -0.0191296689219391 -0.015250711169581 -0.0581060159444675 -0.144385750850409
0 0.708304836968917 0.734996082512211 0.228383786424828 -0.0363503340482945 -0.149484200567795 -0.430289206946028 0.747519960048603
0 3.58532499104737 3.59200219024603 1.08211581263036 -0.188219146364972 -0.664562990162636 -1.79719506037664 3.7460948689797
0 0.0026663312837969 0.0113017614119881 0.00762087237408071 0.0110989433830451 0.0120213781988263 -0.0071159220108501 0.0212871581643195
0 -0.144104651048671 -0.139570942928807 -0.00415856249459567 0.0103951860542386 0.00562723730043579 -0.0481029009174736 -0.139558021853799
0 -0.0325320480867437 -0.0240980649458296 0.00423315774772126 0.0110613211157848 0.0110389624827181 -0.0142204213032362 -0.0149399183786429
0 -4.91245877076129 -4.99906967279726 -1.45249238355531 0.219943413447155 0.846850056924879 2.32827749756144 -5.20241040695139
0 -0.0187548933724426 -0.0578799847540457 -0.0286607070100606 -0.0493176119776586 -0.0572350777698118 0.0109029740366418 -0.13830734538734
0 -0.159247674397792 -0.122321958428396 -0.0117039203717604 0.00611077677479654 -0.0129619032514352 -0.0839754547868536 -0.159448773601668
0 -0.141323096487298 -0.136429589075578 -0.00414430633674012 0.010451515840936 0.00594449299566069 -0.0463267428562877 -0.135660322924037
0 -0.142140802581098 -0.137505335507482 -0.00403530532005147 0.0104120143970921 0.00574554161130614 -0.0473894341976124 -0.137264893383855
0 -0.00315549301626028 0.00667876580570637 0.00614005427356412 0.0112751313648669 0.0127121251238207 -0.003904312554043 0.0190097880248321
0 -0.0370252589317261 -0.0287601563695929 0.00390361884352108 0.0110324521950749 0.0108126661154699 -0.0156258219089112 -0.0199938742547121
0 0.0109914809500773 -0.026864270138657 -0.0244711152875103 -0.0495322792216575 -0.0576693633257968 0.0134734736734927 -0.104454560611152
0 3.55590226531874 3.58935060557295 1.06666555166487 -0.201927782982438 -0.687377366628169 -1.79461799933918 3.66913264925958
0 -0.0774874089904043 -0.118568911733985 -0.034827821790278 -0.0492282795261492 -0.0582732014668177 -0.000776263904811447 -0.20355928595059
0 -0.111690367779886 -0.106108184642365 -0.00165499622003118 0.0105778588575198 0.0071418706293338 -0.0385671810189829 -0.103610174007569
0 -0.0931994124070807 -0.0868532223145402 -0.00035014225994523 0.0107070611359217 0.0081210493914039 -0.032538535967467 -0.0826036663245868
0 -0.1116130194594 -0.106007302883079 -0.00166005864904495 0.0105847342295013 0.00716207340172526 -0.0384825365764785 -0.10346351067327
0 -0.10172392526324 -0.0957507979554255 -0.000936194985692751 0.0106443564879259 0.00765516814557854 -0.0353918103892488 -0.0923506834663361
0 -0.0366386359680813 -0.028359114249684 0.00393205787435136 0.0110349193240404 0.0108320600419902 -0.0155052915916345 -0.0195593398804346
0 -0.0988565748158958 -0.0927562302765046 -0.000749540757380984 0.0106591742133775 0.00780909852497746 -0.0344004032972385 -0.089061953171623
0 0.35837357499048 0.230154379321363 0.131694852092323 -0.0408514887732565 -0.0813573759057675 -0.220406695577495 0.345270800582483
0 -0.0252993405432309 -0.0377523987506554 0.0125658393521642 0.0129482282120903 0.00639843609589574 0.00649224609292975 -0.0323229316799054
0 -0.0253990062570226 0.0216947323550154 -0.00203595475867013 0.00701266193961381 -0.00559543540525453 -0.0397065559145506 -0.0109741240336034
0 -0.0847548735778036 -0.0782612208309792 0.00039551509855551 0.0107357142229492 0.00842840494705843 -0.0305004753010873 -0.0736172237722825
0 -0.0147068592493214 -0.0269466973469665 0.0133298293840394 0.0130209396314873 0.00695599109112921 0.00971606404751979 -0.0207101277440116
0 -1.26763038677432 -1.28589314864857 -0.372176645967953 0.0613953543131203 0.223814749914261 0.599596377683067 -1.33527854304119
0 3.00230950284116 3.05847500377918 0.897756412209588 -0.168823773743085 -0.57298852973787 -1.54993223483312 3.14478187836372
0 0.0707337536969921 -0.138198676574707 0.00719395212111618 -0.0283715694277116 0.0189185340194773 0.0992667446092321 0.0349428510847618
0 -0.0492013423419206 -0.0413817429467214 0.00300157910694887 0.0109560504143 0.0102078577512144 -0.0193911858480411 -0.033652926072953
0 1.86398849859735 1.88792823005826 0.580922631525576 -0.0969004433068452 -0.361516478331133 -0.990634111680448 1.94575978460961
0 2.84348343326899 2.89469413226234 0.874497648890326 -0.164681210945105 -0.566035674556389 -1.54799328839218 2.97286475954996
0 -0.0600855113570433 -0.0732971486934146 0.00999972108305602 0.0127223892860013 0.00462881109411217 -0.00392288979519595 -0.0704648704711506
0 -3.23616355824447 -3.29598421952527 -0.972313498062604 0.142965786223357 0.565106914621509 1.58052658622937 -3.43676836548538
0 3.29130346603971 3.32126645506821 0.985748035966893 -0.188116997361305 -0.637046936251721 -1.65784012391926 3.39279827097867
0 -0.142718184334319 -0.138072651689784 -0.00411045211827021 0.0104065560749893 0.00573453307424376 -0.0474317419699597 -0.137813671663314
0 -0.0293150094895434 -0.0418517763880604 0.0122733904936454 0.012921301015016 0.00619009017953065 0.00527855601381599 -0.0367256562588114
0 -0.102280625357195 -0.0620806180374212 -0.00741467701145071 0.00645579274212693 -0.0100682578738933 -0.0662376365510084 -0.096528723557713
0 -0.133553857085787 -0.0951040245075414 -0.0097813858976763 0.00626528028563511 -0.0116377371693295 -0.0758817441037252 -0.131060173597457
0 3.13494793929561 3.19292019684195 0.938248128421904 -0.175729257555318 -0.598147933575476 -1.61820736474886 3.28340647672746
0 5.66976349695443 5.7015704999631 1.72721997428138 -0.298968710977206 -1.06916047494818 -2.90234762592772 5.92195146828777
0 -0.00218189592175433 0.0295389206919054 0.0061211371876424 0.00737163853760814 -0.018201377199095 -0.00936256279924308 -0.0359647207959797
0 -0.0566039427730303 -0.0697369531852114 0.0102591990504113 0.0127443921985377 0.00480307750214637 -0.00288846546674337 -0.06664720936796
0 7.35962578709422 7.41245292756501 2.24110965473324 -0.386445601809697 -1.38772214605585 -3.76614670437013 7.68803669547647
0 -0.00315549301626028 0.00667876580570637 0.00614005427356412 0.0112751313648669 0.0127121251238207 -0.003904312554043 0.0190097880248321
0 -5.46927551889186 -5.56128086795604 -1.62649315827296 0.252268243901725 0.960121048800232 2.63256950628299 -5.77812643423312
0 -0.0975581055803598 -0.0914140229823235 -0.000650543250494184 0.0106667536314551 0.00787097862021691 -0.0340122475295086 -0.0876166993046414
0 -0.00315549301626028 0.00667876580570637 0.00614005427356412 0.0112751313648669 0.0127121251238207 -0.003904312554043 0.0190097880248321
0 0.0109914809500773 -0.026864270138657 -0.0244711152875103 -0.0495322792216575 -0.0576693633257968 0.0134734736734927 -0.104454560611152
0 -0.0237151689857624 -0.0163011362895396 0.00588434706913432 0.0109143666930058 0.0105450809198255 -0.016259841526205 -0.00909394972344257
0 -0.0539775354277938 -0.0464012616879543 0.00270790576092983 0.0109222842644825 0.00992699875880465 -0.0211371340089639 -0.0392223743372728
0 -0.0754507983134052 -0.0890144092331462 0.00884969670420155 0.0126263855911213 0.00386494475746391 -0.00847349480976289 -0.087313866558874
0 -0.043987678950725 -0.209467841774571 -0.00485067652481019 -0.0211574081699171 0.0122054147587156 0.0516030093493924 -0.0795720749260242
0 3.38346861371951 3.40929308469202 1.0161951495227 -0.200401565832323 -0.667328273791725 -1.72352747654907 3.47335448655255
0 -0.0253990062570226 0.0216947323550154 -0.00203595475867013 0.00701266193961381 -0.00559543540525453 -0.0397065559145506 -0.0109741240336034
0 4.43789138973997 4.51182086102357 1.33922326469488 -0.242116738467885 -0.845603457944435 -2.29118774262949 4.64417698175002
0 -0.0911987273288197 -0.0848397265251819 -0.000166218866752832 0.0107039810610479 0.00817453295914783 -0.0321087079650808 -0.0805362996199701
0 -0.0318142054620125 -0.0233529557117476 0.0042855928299268 0.0110659763483834 0.0110753144452302 -0.0139948770329426 -0.01413162865102
0 5.45943977483161 5.48899924087928 1.65807806161807 -0.286766528269098 -1.02413109979109 -2.77652518054698 5.70334259035339
0 -0.069595954661076 -0.0624964203332072 0.00147125452767094 0.010832018049495 0.00921296374065106 -0.0256052707256318 -0.0564527151346694
0 -0.14395089854311 -0.105850137381582 -0.0106010853201508 0.00621439107344113 -0.0121172342258378 -0.0789035841112216 -0.142477069870317
0 -0.0418375927994403 -0.0337504238263868 0.00354848837766486 0.0110019760884534 0.0105723390187848 -0.0171205967727186 -0.0253979172913441
0 -0.0519532258837376 -0.0442324007109018 0.00279628968222623 0.0109390712429178 0.0100724942459816 -0.020235395392922 -0.0367342086818785
0 -0.0606520140690083 -0.0177740233241641 -0.00432127231625223 0.00672271156338367 -0.00790058761128964 -0.0530426900031022 -0.0504726895589118
0 -0.0343654369603623 -0.0260007205350501 0.00409895995658927 0.0110494877165546 0.0109463774530676 -0.0147951434339526 -0.0170031880123531
0 -0.135738929256307 -0.130809034374304 -0.00360578207689288 0.0104612537264974 0.00610531348971177 -0.0451960175139248 -0.129901965055076
0 -0.0456562676838939 -0.0377084899406586 0.00326534606593532 0.0109780642927326 0.0103828860300776 -0.0183003297774738 -0.0296806942679368
0 5.77232642926499 5.84261015413594 1.75551896108915 -0.308911175620665 -1.10308563240599 -2.96287891700057 6.00571335339556
0 -0.00315549301626028 0.00667876580570637 0.00614005427356412 0.0112751313648669 0.0127121251238207 -0.003904312554043 0.0190097880248321
0 -0.0900042416234688 -0.0835904334958135 -7.67953767293328e-05 0.0107196838931616 0.00824554957644308 -0.0317254234004767 -0.0791678368434194
0 -0.00315549301626028 0.00667876580570637 0.00614005427356412 0.0112751313648669 0.0127121251238207 -0.003904312554043 0.0190097880248321
0 1.9861298219407 1.94683392332671 0.609808507495327 -0.11603547587031 -0.371529515707337 -1.05508862690117 2.10203210375112
0 -0.138862125756661 -0.1340760882219 -0.00381516521321057 0.0104371990286936 0.00592964453315759 -0.0462668671034021 -0.133494677767988
0 -0.0194095416729936 -0.0317425081294012 0.012992147011063 0.0129883180399575 0.0067068426085779 0.0082802830523887 -0.0258656658964038
0 4.42995754193632 4.49965304660557 1.34959035507846 -0.240395986582655 -0.851274142642495 -2.31408194639501 4.632430426724
0 -0.0520859547254093 -0.0651176498537862 0.0105952173995743 0.0127731043985095 0.005029976318077 -0.00154398968474778 -0.061693139570592
0 -0.0531839854145044 -0.00974189245601531 -0.00378001752504975 0.00677379692797242 -0.00749285495164953 -0.0505896839965971 -0.0421886945559464
0 -0.0226951841987413 -0.0138786065309344 0.00494504192597356 0.0111264619791931 0.0115433189595473 -0.0110979321683797 -0.00383666001593452
0 -0.106422458470812 -0.0664632344994334 -0.0077266535617202 0.00643021734586569 -0.0102781461655121 -0.067524129979553 -0.101104407206031
0 -0.119499500649741 -0.0802811099529079 -0.00871483265091166 0.00635020981917833 -0.0109364571129693 -0.0715660827088733 -0.115546219437132
0 -0.0253990062570226 0.0216947323550154 -0.00203595475867013 0.00701266193961381 -0.00559543540525453 -0.0397065559145506 -0.0109741240336034
0 -0.0343654369603623 -0.0260007205350501 0.00409895995658927 0.0110494877165546 0.0109463774530676 -0.0147951434339526 -0.0170031880123531
