0 -0.675991051293735 -0.967783347892421 -1.85770783316492 -1.09193043609214 -0.652484009463343 -6.67902421683672 0.0966445841839629
0 12.64419578681 26.3774381279953 -3.39942960729896 16.8041530443533 -3.87853123866101 8.30571940373559 10.4930288038882
0 -0.886613106844465 -0.797573614910628 -0.718766640730491 -0.396077908279161 0.208731509460075 -4.99029636510317 -0.755626579420621
0 1.48893601072195 -3.33998734338395 1.88886345832041 1.50500076766814 1.72793973835368 4.41893209368772 2.67706068734795
0 -0.18177388773934 -0.966567007732822 0.058095856925183 -0.527192245203448 -0.306272767334491 0.284446569409564 0.440389979146406
0 3.24524207264837 1.38552245014748 6.67490531024821 0.0987491819747675 -4.92812020434327 4.4879338633599 5.77216750974655
0 -0.0160645441048732 0.050669869578758 -0.108477631259288 -0.0189705853218936 0.0791597719253159 -0.378675918047805 0.112746728234967
0 3.98899538744522 4.50465791015822 2.73042946311409 3.2414708795875 3.75124974622759 4.46192801844347 -0.0714192323430041
0 -2.2916949524367 -2.41505888835291 -0.41503068968013 -1.05832001206973 0.672966309205885 -4.90252009413233 -4.81349957783237
0 0.630431680704955 0.485532612787277 0.564768121705696 0.455727153940167 0.45476312703765 0.661260251646587 0.488726123454253
0 -0.779762408478777 -0.274722081916615 -1.62480292243446 -0.759545314482525 -0.702077099607714 -3.65838945039388 -1.09712583074487
0 -0.1025927356321 -0.281329149673675 -0.307124043246815 -0.183883311246246 -0.300957913705237 -0.635552981371139 -0.0943700240910657
0 -5.68140745356058 -1.20737129989195 -1.1767932531543 -3.71132414940818 -28.6519960130495 -3.46094568406721 -6.01225087746457
0 5.68122886903136 7.50663192571356 7.55286393216249 6.47079419885835 3.88262028739082 -3.28339573975641 1.96088808647095
0 -0.100179781900195 0.0180203379668002 -0.427600916097596 -0.232217901635584 0.353802529863732 -0.791638820751094 0.286888382183498
0 6.26827184029761 8.2839991449386 5.44390828742962 4.94222283091885 -1.44885959543887 8.21449017741534 2.30090974045283
0 -0.226687853861394 -0.182794122915065 -0.450307773353682 -0.253022597922005 0.0532616872383707 -1.00588851917296 0.0314393977803458
0 0.0318565594780731 0.0608091755331628 -0.0559138277588931 0.0306281515540536 0.13765082695676 -0.0850417068220501 0.157827521958621
0 -5.33288120680938 -4.92647348951302 0.558594244448514 -1.61849995660544 -8.18694241259759 -2.92132283867376 0.999088235575076
0 -0.929027299899168 -0.86929079275447 -1.21384573913018 -0.288976615218708 -1.03839897160123 -2.97216944037296 -2.44290568401343
0 4.57837123651108 2.98899548733209 0.772248122252741 2.4437969824267 -1.72646009404126 2.99329375956735 -0.743110400751121
0 0.880319970968877 1.13571910727816 2.55103108169771 2.22035067361934 1.5979684829528 1.5021067104084 2.01842085107474
0 9.3488313280401 6.91224193588097 6.50314896807741 7.81355751224572 0.578908181994533 9.19016411690562 0.167671024058269
0 4.42391256817035 1.85318292391058 1.1242445185356 1.3928153798719 0.217185884098345 4.29228234349686 -4.45015314449925
0 2.88957354688205 2.81049829631889 -1.11658360270131 1.02855578954432 -0.767294272915002 -3.05143749047849 1.38237173379617
0 7.27401443101775 4.26402700205739 5.30664590368381 7.14082147939735 -0.783116665762748 6.51409813983325 1.52134108264522
0 0.1847225101686 0.0410944229838353 -0.0984795406157459 0.134456826618436 0.0802636153605865 -0.232349503691985 0.0678576814692584
0 5.4402220924428 -0.394624983531418 1.48274909281042 1.64498438789962 -4.73000149060172 0.801494578476053 -13.6697361950464
0 -5.35693640937826 1.60494706487064 1.5433925545768 2.04218455504066 3.35620668855472 0.612625304784138 2.03382825257422
0 34.0931666338026 11.6472586347196 17.076691941767 21.1343644391066 1.42525807450517 33.5852145866429 -0.412128967453768
0 0.0142669613702244 0.216557116491435 -0.240843432011763 -0.0807858604272029 0.327418564123558 -0.505504186527308 0.343000542459647
0 -1.59223658072036 -1.1006469470494 0.173158769594639 -0.252376725476463 0.609647798513024 -7.62337883829366 -3.53230962739351
0 -6.63284978221714 0.177553552725364 -2.48496782817232 -7.35428209651278 -4.04733911039867 -5.8428809517341 -12.5292260363413
0 -0.81422893074965 -0.684419837762157 -7.09077816399748 -5.57268409873112 -2.27113401559665 -6.49104614693857 -16.64353021455
0 -0.106862267591582 -0.101809272625819 -0.32659897413744 -0.153276414800512 0.0357885695316682 -0.679618001292313 0.0788202418967483
0 4.8793231340427 -2.23003359947282 2.72193972016717 1.60878849152222 -0.279937570492333 6.01117412188593 -1.22031528948514
0 18.7733518224717 1.91032824962389 8.33975500017299 12.0270264006446 3.22228909484449 19.0175905577942 1.55264442117562
0 8.54825636074788 7.2101900742094 -2.28660347829354 2.98501714418783 -3.1911601000612 -3.80645085396544 5.78617321216427
0 -0.12345409385678 -0.253559440540722 -0.444557208319954 -0.21490838493516 -0.150027731436732 -0.814983369841332 -0.0174256879552157
0 -0.272156669451777 0.114830321620272 -0.300547906921671 -0.0653213975901927 -0.282863879941988 -0.851132810310864 -0.404908803070508
0 -1.42170800073345 -2.13253798924666 -1.46984651730245 -2.94055681731484 0.271889931621118 -3.84687007295825 -13.1494536471257
0 3.65137503547746 5.25423223171144 3.83645915085219 4.78585290122524 -1.77071736087701 2.55934887346829 3.11783141444808
0 13.8214265044812 -2.62822245102148 10.4067768740207 7.88542586026935 0.29277511350163 18.5525533094509 -3.21466803989436
0 0.00402049328769682 0.20196894421843 -0.00974206140748124 0.0796960163107336 0.1672614684442 -0.132386631351804 0.0777192262330157
0 -1.21709701322406 -1.22824448801218 -1.07273818752246 -0.564306406024006 0.165040569175805 -7.40362625896479 -1.16063985433641
0 0.928131792852888 1.44175651483746 1.18195270595369 0.280179819419217 -0.444761194287487 0.798682566345391 1.11633173233981
0 -17.530689312777 -6.51016765519473 0.931166842073203 9.60005272896371 5.53413873954144 -13.9469856680872 -4.91390771380558
0 10.1471362510383 6.16082729185056 7.83005303860324 9.07067350818036 1.10234479678363 13.0273329335903 5.86487060847673
0 -2.23160978132697 -3.80924603509742 0.0366846209435145 0.0923691891548195 0.834310798049678 -4.17139526315388 -6.45790411592762
0 7.59926252871938 -1.62399827091983 1.94277549812482 5.38155108240999 2.15204948520045 5.3892231880526 -4.14017337701392
0 12.1706359764109 7.03756233516324 14.9004633457633 16.8151442270657 5.46300298907448 20.4003623044385 1.27355183645905
0 -8.22580213596911 -3.10709258618701 0.391779892767968 3.33161004896469 -0.0900972554371435 -4.32852223179478 -0.73348297495698
0 1.7636500588674 3.59913939596905 3.41904769221745 3.21938640630681 0.220568378931979 0.653930662340152 1.27239528414751
0 -0.0133601478277985 -0.441268184732266 -0.565483407656215 0.0698008149637301 0.220596758917987 -2.17220058127738 -0.262246283258053
0 1.92924921117926 -0.0249124100099003 0.510290618380539 1.27156515902931 0.579436473529432 2.91044267604814 1.01945500232032
0 -6.52513082924628 0.789464866966586 4.72488762665968 1.24459776583882 -9.17082726181217 -10.1298990626527 -21.4811156575043
0 2.2893226082917 3.33351286424998 2.36823428868636 2.70781620378756 -1.17255436905966 3.52881875847624 1.03897333731813
0 -2.53433274000887 -1.54779198216622 2.47993840553259 1.58573012816362 -0.0886906415815503 -0.571321407568464 -0.828903120419428
0 4.24087312313499 3.3541288483372 2.40866815063892 0.577070237181873 -3.01746844732296 4.1684812272068 -4.85194078554662
0 1.82339609768414 2.7195257060081 0.938556383052259 -0.159615876501263 -0.938578772093351 -3.05991003166476 2.39166924085738
0 1.28783679185735 3.10163542357299 -2.43340501397043 -0.420124837312052 -2.41928786657836 -0.542037730692073 0.944402566980486
0 -0.245669963717116 -0.201833216571963 -0.461823013790462 -0.252157739920094 0.151292484998346 -1.07320818633966 0.0525883187251117
0 13.4898790460075 5.90832027737515 15.106873299793 7.09440249699428 3.39972606235562 13.3652891802622 0.616861614614571
0 0.630431680704955 0.485532612787277 0.564768121705696 0.455727153940167 0.45476312703765 0.661260251646587 0.488726123454253
0 0.630431680704955 0.485532612787277 0.564768121705696 0.455727153940167 0.45476312703765 0.661260251646587 0.488726123454253
0 5.54093796028398 1.62724453952531 1.27603576850109 4.47371216706102 0.747653259183444 3.18389700404795 1.67170131881998
0 20.9080479994583 20.2090344448346 21.2549435209426 22.4436874323229 20.0790641863929 18.9200273635762 8.58754474131212
0 -0.624986147009673 0.0428922089074097 -1.79424537438887 -0.272372456923673 -2.0891479934814 -2.44834129811775 -2.03703315415861
0 16.49767945216 0.525216975307728 25.8608229513489 17.9638150182137 14.4320899106488 38.2438232817557 10.3754729051664
0 1.38509705767584 -3.49907427790108 -8.55302830905717 4.17116345497664 -0.93540079935503 -9.24007193497257 -0.94740876939003
0 -2.53347780726054 1.93397880494927 6.5685732033206 6.5276569833366 0.528581810530596 0.807597283101387 -3.69179332376889
0 3.47330625090923 1.81151845652355 2.04384752292495 0.657881047109171 -9.96257238224623 3.47083554457798 0.483202122491146
0 0.159568680270031 -0.299106081933267 -0.285263998866949 0.846505173532151 0.954289506115096 -1.7094529283421 0.176765576922275
0 -0.661180749861469 -0.313579848944865 -0.171869497577536 -0.117678603961142 1.60778811097717 -2.49031755203901 -0.59767221609685
0 3.99265819446596 3.79115123646326 3.6272223831875 4.06000692782295 3.26285974615005 2.59858430068012 2.54239296043866
0 1.1916751465378 0.808261545166303 -1.36061481094048 0.495901994673556 -0.696170874272831 -6.46091699877657 -0.463970223914348
0 0.264780137867888 0.625629457950023 -1.11921943465619 0.286473722694613 -0.168210685195252 -6.00200894232981 -0.124019397980121
0 10.4019891449041 6.21071543316405 7.17358628894426 13.1151694389758 -2.28583315649016 10.6210651271932 11.9089874773121
0 -1.16412650577491 -1.00689478874784 -0.716071750480094 -0.649780013904531 0.191785926264874 -3.62022895578375 -1.47094008993825
0 6.81236565899048 0.882341721650981 -5.45955004617341 10.1180481854234 -4.64601503824964 2.41475298934635 9.57110307987122
0 0 0 0 0 0 0 0
0 -2.6720630607333 -2.18297331120784 -0.902858810286981 -1.01742754903211 -0.366706016244972 0.371073728479709 0.817411782599728
0 4.4710205965934 2.75191349416042 4.67384108044543 5.15025140366708 1.39788712668163 0.943074840490432 0.73890615996585
0 2.36344464052745 1.37388429585224 1.71146194733414 2.15326333269567 0.805522535311411 2.71839107670605 0.917526501928716
0 1.48314147951105 0.777104775835184 1.73846582037906 3.097897694964 -1.13215375314037 1.8257056191183 1.01722804131343
0 22.3346559728483 23.8668039521086 14.0254001014647 20.2366147823399 -9.59436248725342 33.9647729197198 20.2955804768232
0 -1.31464102048092 -3.28100393993315 -1.8683925533943 0.158507844707408 -0.268971408851876 -1.55047138584666 -5.50582284571839
0 7.48853874837315 5.18475629014008 5.46550845690754 7.34803430049419 -0.740968881341569 7.18733258427789 1.70679034895662
0 -20.629815855776 6.15363233977341 9.69955910263007 16.9117433046554 12.9805052673973 -13.0954752927042 4.32256569627586
0 6.91039393722801 3.52528524102468 3.63120835603253 2.08245367094219 -3.4434419202459 6.71211768010749 -4.57843532007354
0 1.71714017525417 1.84496251726923 -0.955042983167374 -0.130397783831064 -1.53567833513114 1.07211186675033 1.45870752750754
0 -1.06059767414744 -1.6772311454434 -2.34902884743055 -0.898117154478598 -0.899635084130836 -7.23940302866457 0.0530201025670394
0 13.3588806487007 6.90878097685655 10.4129657656612 13.2974958934358 -4.26067593824428 10.8564817534463 3.82562154967492
0 9.63759868125159 10.5899884511145 11.1399499541596 6.45528558785589 -4.77367876091368 9.48093074242957 -6.74983538968769
0 -0.227617028837852 -0.709014009233545 -1.09363503794735 -0.290427609886173 -0.182481691149565 -5.47401883358058 -0.453303352731815
0 4.11509138710202 -0.598911114787223 2.15927479884305 1.72323935428401 -0.690548601244631 5.04098125785964 -1.55174734219571
0 1.22742218900639 0.977218753968199 1.02382429827929 0.931571867938649 0.281988059350385 0.819631881572189 -0.207681812773737
0 -1.47000251668495 -1.92741669686819 0.680939331992146 -0.419980656489793 0.244455919711145 0.338525311963782 0.224451233687388
0 -0.501541155346885 -0.707989091213591 -0.460783484831918 -0.319648094799664 -0.82142199573212 -2.965286297726 -1.5488377603189
0 0.0904137897959845 0.128824006956388 -0.0321207517842133 0.0464707679063359 0.0351393748381175 -0.250743246780849 0.0692429232075968
0 1.62499554679033 1.53159294490421 2.11246724201949 -0.657262341154073 -1.66999116827114 2.70304789993706 3.12438375817587
0 8.92682416686781 7.62021834682287 6.92895412809426 6.57964127482111 1.48895288790996 7.99496323917447 1.33021993137713
0 18.2520550763906 16.9640883403393 7.86481615600455 18.7980015640867 27.7894229664468 21.8437440632535 -16.319534020798
0 4.40538951148393 2.48360643442246 4.74071863111171 3.29288271447353 4.72147806493074 2.98272767926616 -0.700553759204311
0 -0.161612146784203 -0.28719099936332 -0.472438685455332 -0.232794693203354 -0.136726495448277 -0.876715071437144 -0.0328734008738314
0 7.33865531083767 6.48016422087904 7.27368333593163 7.78814523289241 -1.25581473094024 5.0488551685219 -2.1575398437305
0 1.42338229521138 2.2256686824051 -1.365031837424 0.182823538348643 -0.914040874068689 -4.34578666295485 0.371595720773826
0 21.1861889011683 21.2947752075894 21.0770297699018 22.2854217302471 19.4703047628647 18.144307720688 10.1609973358307
0 -4.82490385848602 -5.81697411270124 -2.36991825128061 -3.95800230092605 -0.710864595950905 -4.49796629808261 -0.742986684781981
0 -0.225782670447113 -0.224557310822 -0.448271871574191 -0.220642281103883 0.188860016992395 -1.19817198759396 0.0382874618188831
0 -0.893244215937607 -0.761545954869945 0.215806613330606 1.44808390117328 2.12730287448382 1.44224671134739 0.509899790986928
0 -0.599018356702384 -0.904987189178136 -1.48728277175671 -0.738280301234035 -0.616208650399646 -5.79299882810969 -0.825920922398222
0 0.294851303010006 0.362451947936119 -0.415147445445761 -0.456070663833351 -1.10973716255596 -2.03215049811625 1.10691941605406
0 2.68600297029092 1.89570298973837 1.38712159306403 2.16051763292151 3.43372199792343 0.439005201328797 2.85930815870564
0 1.14138280836146 12.3248360392133 -5.55222944071912 0.767834254759038 -0.0505307404143238 2.80368532266522 1.15138022817207
0 5.39011006964671 3.04229221582023 3.61383286181422 4.04624910940306 4.95296996295334 0.572368244841151 2.45256684716577
0 -1.0942585624812 1.89035031281049 -6.12158273213686 -3.44378499854064 -1.07864855150834 -6.78560103793943 -5.67767447184993
0 7.31951925006058 2.57412642566835 7.35349368215831 10.2115818100869 6.09827323445263 8.8882164809587 5.97004581204156
0 0.0353784055065454 0.0796873084107825 -0.0699384143200668 0.0200525846221469 0.093047545466038 -0.276757731947412 0.121102940015147
0 8.45737016171061 4.30053995562724 6.67327380731454 6.90071593385418 -1.93801488212698 13.0604788891725 7.19706019620847
0 0.127062845361692 0.461778206065375 1.13719318290832 0.844522334758313 0.444993750964333 -1.62110181611285 -0.110495258086129
0 11.3013360398994 7.99607166429903 5.98038830122813 10.8474631798784 3.4973864305284 8.87062307210024 -8.22765884735105
0 4.688611899255 4.37950372095499 4.52863139160454 4.76330857182789 3.69342954143731 3.78506827514023 3.04608440295759
0 -1.0687816274416 -0.484211899131832 -0.995929655108114 -0.340803230296419 0.249697780526869 -3.56809463724065 -3.00616422964715
0 21.1247757885677 13.6779560719819 5.79182750459576 20.9245354897606 14.0748515228606 18.6042407017999 5.8793175410877
0 -2.21739614250761 -2.81231843404473 -0.43988107753429 -0.857366658681512 0.423529499504662 -7.19026195803717 -4.16033785114765
0 9.09280401205611 13.8555965786841 3.73262638664005 2.02883583815475 -3.43538871707342 11.7495076267019 6.55415134430383
0 -16.6493264398269 3.04722648220257 3.7628156093615 -14.697685773521 -29.1613193442259 -19.5736179298556 -29.7447259968249
0 2.17060683974981 0.398514329404357 1.44374960260726 1.05226070752606 -0.276467289099855 6.01785327651761 -2.00971828766324
0 16.7620217463276 16.1210828429667 13.7238957269846 16.9509483412049 7.48216266044769 14.4297352477472 2.97148925933998
0 8.57006891703731 5.53746012837981 6.39897127440674 7.79856149360494 4.13013063368537 10.2445815945644 3.51061638955247
0 -3.5112441799429 -2.20680366493274 3.12003974541281 1.18342680697334 3.54397978323984 1.00354606562369 -7.91566480767662
0 6.14777620468764 3.93705076068298 4.89243017755347 3.69724417184446 0.379343499671968 6.0963968541948 0.285316261394605
0 0.442325285529414 0.19457511755672 -0.339568853184286 -0.160655189750166 -0.891469351603924 -1.17316862343585 1.00587437464495
0 1.78046169480166 1.49409301764619 1.70958835405914 1.38570602183624 -0.201695833920347 1.76710161804574 0.135216215135179
0 -0.709772713459985 -0.152902953601108 -0.453279848950536 -0.169353249926953 0.00833181049282228 -1.17738265764727 -0.119838073998466
0 -0.350751702740084 -3.28660014757657 -2.41665461647654 1.36440341103661 0.150710448170017 -4.43881024826455 -2.04015556502799
0 0.694150558073154 0.43686089869459 -0.518534828077463 -0.212135904592763 -2.0695020265704 -3.08897925283694 -0.740253292369637
0 -1.19675684146028 -1.71026591096099 -1.697568548936 -0.454258750153429 -0.907189430849304 -9.81881950879406 -0.831126915745653
0 0.0277615656339236 0.652535944047667 -0.112479044214687 -0.00646626486707902 1.56990241991244 -4.7881103002525 -0.888097383987748
0 -0.792230538836107 -0.587831096268981 -1.32877392173422 -0.584674273020968 -0.154558597484944 -3.46777752186125 -1.65552407246355
0 -0.458315855360333 -0.314623692267261 -0.520851314519216 -0.526392096145837 0.276439879561991 -0.625835747819384 0.673544455845558
0 19.8439184944874 11.5545392953539 4.16928024071005 16.4628565389009 4.70824448156224 5.06078719317136 15.4280239392232
0 -0.0439982564602359 -0.497314841088264 0.832070733136489 0.283259724762029 0.773162130632753 0.838948113960932 0.520296738573057
0 -0.338733973009505 -0.446644802533818 -0.675464150582897 -0.381218278187737 -0.0976278821567904 -1.41127104854978 -0.164434601193569
0 0.21114155340296 -0.341251085398952 -1.14469735080464 -0.478817043942229 -1.44542665615801 -4.8287509555509 0.0268463673418324
0 1.21513930958369 -0.241342330055424 1.32547439023528 0.0880733787167145 -1.90778477171435 -2.76522999795945 1.31471144012114
0 6.15506263808793 6.97705402676582 -1.62166636654478 3.24369519048641 -1.13801219210032 6.94837194910602 4.25580387161273
0 1.42077357530289 1.04095293755521 1.20350539767545 1.12476714664234 1.00306280484622 1.13163762200586 0.978175079624076
0 -0.693521994921484 -0.428200685812856 0.950909671908182 0.343288235167817 1.63789063149615 0.227169072775906 1.27314585478081
0 -0.134054353359431 -0.0119400938105514 -2.37468213800921 0.474890339337378 -1.690627710832 -7.53532327650914 1.6909971978809
0 0.539521316012304 -0.453656144916571 0.397649869419539 -0.193297666040902 0.357847548582026 0.605755567932644 0.622236086819967
0 -1.4404151655154 -0.590286092969681 0.559724133186343 0.0301734948100858 0.412089530027558 -11.8216355831003 -4.34037551936769
0 7.89902802552268 6.21901955495225 7.1375591921225 7.4761505201764 0.361282115286656 8.80022264783319 2.70753329978946
0 -3.12696497599164 0.256040317805803 1.75075969164377 1.95469287981417 1.75129470611207 2.55313911069491 1.51487751209746
0 -3.30656020850589 -0.589216316967439 1.31987577705044 1.33183605506399 1.37272512913975 1.049522301789 1.02682470563184
0 4.87309039049366 5.28884713339266 3.31403968944812 6.25043345114434 9.3662430557013 6.25001644798426 -14.0025716394212
0 -0.393439187642565 -0.0127690550356694 -0.480458425243061 -0.11158429626586 -0.496058895567232 -0.644187450466116 -0.662429726908596
0 -12.8860891393156 -6.74102665337232 1.87486287435999 -1.45362124294211 -0.252323320599871 -11.7145997329374 0.215843531386259
0 5.01185858038347 3.81100145349322 6.8227245920829 3.07401217996282 -7.47585857096259 1.2166290908448 -6.07430303844414
0 0.0318565594780731 0.0608091755331628 -0.0559138277588931 0.0306281515540536 0.13765082695676 -0.0850417068220501 0.157827521958621
0 1.4014349371728 -1.04487704914544 0.17211444109874 0.837772445529826 0.627811144410641 2.09479279986734 1.13774475949904
0 4.12147159550588 2.98140142825525 2.31201889619871 3.26223898831282 1.11855952448842 4.28561957517628 0.429895715437489
0 -0.0596560730414386 0.0399945095938712 -0.101611834775734 -0.00842561313073453 0.159141028038152 -0.315301475046836 0.23020589813953
0 2.19642660534743 4.93687244877385 3.12986668005605 2.32467379694607 -1.82564623120849 3.80961402214337 1.3593815963691
0 7.79756126736807 11.6213009539728 6.77894358859507 7.54372558789563 -1.83934714081649 9.81141715323243 4.26553409716475
0 1.43026289717979 1.22667936233477 -1.98273318718578 -0.0869425249565374 -1.63269291542235 -1.11461054446566 0.65528134683651
0 -0.22581642067842 0.521359369893014 0.301943615128748 0.125187897233253 0.865617904881139 0.065248675791576 0.517061748170551
0 -1.6221226921838 -0.297575552975154 -1.58384899979565 -2.66204563342666 -0.470824573389233 -0.106433483929365 -0.0178420038002933
0 0.215849778348371 -0.0300351338929374 -1.50242489087844 0.109000771640297 -0.851395143098266 -6.03826347482104 -0.320735146258848
0 -2.54922909841265 -1.12724438825562 3.58130755653183 -8.43771810691219 -3.11032729175903 -5.112644013761 -0.257711839544022
0 -0.618467649564007 -0.835187567564196 -0.745784163696372 -0.370777649632712 -0.29447704335934 -4.06436184590949 -0.80155185081953
0 1.36760793027439 1.19904789013557 1.16233804477627 1.3606358739608 -0.592916788673097 1.45903569378586 0.639771560372651
0 -0.402841860122217 -0.75138523210383 -0.761452861919398 -0.325648527104944 -0.473958654746427 -2.8899391571999 -0.711467380575149
0 -0.609507436866714 -1.06913649650517 1.08546273087138 1.01214461693334 -0.575925595427186 0.318975693240752 -0.777718255280423
0 -0.384776444648088 -0.580558710723906 -0.729379828097118 -0.334464002381866 -0.0465553436879436 -2.88427428432174 -0.467317965864146
0 7.77884806296692 2.56017044199414 7.36124425821569 7.4656760591036 6.24427949692243 6.88987565785342 5.3245479222768
0 -0.187645419907877 -0.373385698973301 -0.503843789020646 -0.259137018860812 -0.23069234352486 -0.938525669703197 -0.0976303191344883
0 -0.471945689812443 1.38763289764896 2.49631254560211 1.69737155744834 1.88719882568967 0.014872810624972 1.21534518210262
0 -2.71746149655267 1.72285391507418 2.95022292936354 -0.136133828783294 -3.10510382971123 1.43685587709221 -3.83548859484637
0 17.7115598585656 17.3957917874141 17.0400896088185 18.5598928013941 16.1442901606968 13.8735075932088 10.0267300467958
0 1.63858379828565 -6.94299751987882 2.27074171197868 4.40946747233513 3.4679976287984 -0.522155458096607 4.93350449275062
0 -4.93236337313322 -0.135056983605089 -2.13864792663917 -1.15053661918371 -2.94634096019401 -1.02640039699844 -2.01841082276723
0 3.57331246676119 2.8030512928824 3.27303773423129 2.9112319472753 2.7643136817695 3.27040965638048 2.54819387906368
0 7.47207603951389 7.47785902770349 6.90082946827831 7.86569644200801 6.29748154641622 4.59547435291333 4.62254624664296
0 -11.5177559708472 -2.26216501458027 -1.71226421791238 -9.45264839306968 -2.9544580997396 -8.25332448436777 -3.01578012747943
0 5.69497970242142 8.68225525042602 8.02513692613778 7.40388879603217 1.00207402620642 7.33818430594672 2.09905621933076
0 -0.960185776231121 -1.01520275894532 0.427096759144948 0.119545322411941 1.00511596778946 -2.4646957615471 -0.567706544254637
0 -0.475741216653796 -0.473228908834146 -0.520028212470402 -0.22231966126847 0.152074732976265 -5.49356448350106 -1.02223346210622
0 -4.96352575769989 -9.10459011457918 -0.940996284865932 -5.7477746011416 0.325846620346628 -1.3468638622028 2.17942288628279
0 -0.378646318734617 1.34601585365705 2.51202393726324 1.9610254755243 2.06113082207612 0.302185908531214 1.32871584603936
0 2.61453926178608 -0.341085575929867 0.346808479269129 1.7103820984413 0.718147020398181 3.92862369827166 1.5199490650379
0 3.84107556278613 7.51305007411799 8.64705615645499 6.55862160456117 1.18261594594253 5.825140193914 2.78845183129557
0 -0.327835505146471 -0.179677495749857 -0.056106452401405 0.100316349645251 0.0150374046532988 -8.98299421901063 -2.02250949008038
0 0.157801126658654 -0.240626181873058 1.22989821842166 1.13686730146798 0.72425551067705 -1.05247444535262 -1.82764861102543
0 -1.18382972509527 -1.26990013277805 0.00797701248653038 -0.612565655172842 -0.217756557104564 -0.473260822218114 -0.426164889885619
0 4.94704916262782 3.89706378733639 3.96798356688225 4.50865662978435 -1.02788055925352 5.65157011512629 -2.01299371985851
0 -4.2287076691405 -1.27348285301674 1.37627247121863 -2.56977256819091 -2.47068658851393 -1.79169879448923 -1.63703068664326
0 0.205367097238259 -0.835518084359919 -7.87443266513483 -0.94874172205526 -2.90756138204703 -10.7137593986701 -2.29729467277561
0 10.7079441278292 9.9288999986468 10.5898437019714 11.4591466958999 9.35050309888786 6.89649879892885 7.58222676902876
0 6.06470585536125 -0.446726401797449 2.72004381724405 5.85526498729393 2.8108304327078 3.38629373828667 0.515312093959807
0 -1.11929073447276 -0.725608846757931 -0.326090303623936 -0.267149518927297 0.182497032565244 -8.63585345405108 -1.85815740344504
0 -0.929475535970859 -0.761707305811896 -0.726178140205377 0.0838726849291831 1.17605124389252 -3.97631566666492 0.140709143959995
0 1.45842047961964 -1.66679379639572 -0.330930482282593 -2.27029556533209 -0.743605083544166 1.83022768425828 -1.29763615882368
0 2.62955275068664 3.5680620943995 3.44574484708531 1.49738740218725 0.211202318205153 2.26396051906016 0.169957806237555
0 6.35849795369784 6.30045035367734 5.36721252738074 6.4242937619543 5.60024486803006 3.46894420256244 3.71774038542555
0 0.299504121913234 -3.49394485284719 3.78688873570078 1.68526109254096 -2.6609042928944 4.19847648100021 -2.57306633630566
0 0.473825289047548 0.438230975767842 0.935595980030339 -1.23327345829159 -0.886581803147488 -0.945203060627604 -0.226016109226874
0 -0.146851091966131 -0.302319986738044 -0.467807726186914 -0.235892595163119 -0.229721989130343 -0.869006286919053 -0.0637148193005768
0 1.19643356759552 1.98445951802544 -1.65876435187712 -0.103537667798875 -2.061692596858 -0.407086492146604 0.0580517524157713
0 9.62424252384694 6.56240487039558 4.25523630689731 10.3141088331682 5.13842920262928 7.15900155608813 -2.82992122678541
0 4.97469585211131 3.76954996784824 3.76667892927929 3.51352437569391 4.61288942718541 3.19677811025931 3.68727441443341
0 0.630431680704955 0.485532612787277 0.564768121705696 0.455727153940167 0.45476312703765 0.661260251646587 0.488726123454253
0 0.425940849790351 0.292641921954818 0.844825877107503 1.82023569292855 1.87223776840845 0.858358704013035 1.03929390870977
0 -0.188910581730205 -0.18293447285577 -0.134616309920261 0.0741538093143745 0.0342278280474915 -7.63482037983893 -1.72701910584124
0 4.0007246226645 2.63409366851008 2.06998336070163 1.26644407270984 4.6360396117957 2.39495939404362 3.4723709100037
0 0.0318565594780731 0.0608091755331628 -0.0559138277588931 0.0306281515540536 0.13765082695676 -0.0850417068220501 0.157827521958621
0 2.26856303549398 2.84433572889103 3.12447326267623 1.5683637830032 0.240243331787454 2.14769661863098 0.191081844555939
0 1.32328199331037 2.31813946038412 -9.12553875212799 -0.0183066262884566 -3.5518832801677 -10.1154386182255 -1.41269196620009
0 0.881307771218154 -5.29416333658471 3.00163717418704 4.32217897375958 2.18628223196731 5.14822934279781 3.60557557101839
0 5.72814751174205 3.91362928875418 4.42573763120089 4.59640617678238 -0.137228218076501 5.29899613184416 1.09212260219216
0 -0.310501678824078 -0.320156458162415 -0.572262730892454 -0.324021269378532 0.0726538862572661 -1.35161700657325 -0.00866147989959698
0 12.6499460910027 3.89968631959003 9.64821560130004 10.0211075803664 2.33185159844455 8.74799638107961 3.17896907649288
0 1.62289937547759 6.27873809210081 -6.31583396241574 0.00867465404069634 -0.637801791066416 -6.8744746411762 2.02516491456898
0 -1.43769216017917 -2.62903405822981 -1.35671923761479 -0.90616577575188 -0.584229590943316 -5.31163216741117 -0.961868395232401
0 7.27163457545061 8.44866639259505 3.84890026236213 5.08401168493448 2.32359223324693 6.82862478394551 5.54315315674373
0 3.78868628837796 -0.9135512233421 1.44222850792122 2.12012208713173 1.59403294285723 5.98166871441734 3.00604631925915
0 -0.457041874637682 -0.783967755431775 -2.6071625470717 -2.72455669130048 1.13464013346218 -0.558179270000679 1.00005592161957
0 11.1636503350634 7.88588629790009 7.88189389657057 10.4559224513486 4.03620342928333 8.28844579105505 2.09232914410278
0 2.69583597942469 -0.0245768179851362 1.791748734852 1.4086039171196 -0.671642451276967 3.03294934522404 -1.47409439445843
0 -9.20394682110053 -6.64053654739125 2.50594049084953 2.82855341849255 -1.7519033700234 -0.0419828084009168 -0.292549465377135
0 -3.56166005716959 5.19030103458493 3.06762859248359 1.72372561785878 -3.10198297126479 5.36001898954837 -0.27780114694319
0 -0.264974198782813 -0.0767714163977971 -0.533921338858423 -0.150747397291894 1.1521028308899 -1.53647509791835 0.441098493600386
0 11.2250044779356 12.9659223926069 8.60214907622728 12.0655286332341 -2.94963967828527 12.8291333050202 3.25071173354262
0 1.06946341053784 2.24779858608886 4.65252648514641 2.94472349546466 3.08963186165906 1.95627343366172 2.65309644817898
0 8.98102939155555 6.30738566401842 9.62511005636082 8.14945934010721 6.99918889037335 9.62251892666423 6.43861221522283
0 0.820182864000166 1.94564901925327 0.526099598661219 0.972412704393697 0.0649538817790045 1.29725619918744 1.99846502664667
0 -0.287858286606237 1.07051441929033 0.696605380125334 1.38274006216345 1.21167697165061 -2.05549076050577 1.10166071437218
0 -4.9271675498148 -0.826528242436979 0.176800943896243 -3.09893727477417 -1.52660592176513 -2.4877282542078 -1.48182360233507
0 0.118057866249838 0.538095939267937 0.0471498184853338 0.0186238683776025 1.5327758807089 -1.56252675158711 0.608202316290484
0 7.10450778525269 2.19754859411465 4.99892725189036 3.07551506895528 3.87166376559362 10.7781421056091 1.9686459532235
0 -6.32038884294912 -0.55993063773488 3.72827100875669 3.69675415225981 3.99328035733562 0.533217654546036 3.85820035189041
0 19.2679936915238 14.6670041855018 21.7559960925045 18.2584059662099 8.16772420964639 14.5972133328302 3.32839519620102
0 3.18673508843837 2.78552389250352 2.97461179308336 2.89038630567152 2.43227371769322 2.9300306497257 2.16478125486933
0 0.674021583164659 -0.262280419028443 1.08819146301967 -0.716180182330518 -1.77018193231635 0.928997716901449 0.803355702957489
0 0.418790424265346 0.607531121381442 1.42002372541312 0.856235027581484 0.175848598222615 -1.72799050750171 0.722355214357101
0 13.6104522520526 18.2077066916247 18.3986159289305 16.7106455732244 4.39778659515223 17.8813953296339 4.53210170257199
0 0.621131347906804 -0.676667003973776 5.36390618907821 4.12878833530549 5.49171639863432 4.88577458488463 4.49131746141583
0 8.65650506103161 1.92549449736041 1.84938882597771 3.28874505533689 -1.980768913394 7.60960085263878 -4.08298769496555
0 2.00203527563133 2.9458455466149 1.48168152191199 2.2653443738805 -1.1845689995955 3.01076039322766 0.711718008927324
0 -0.223922235910545 -0.395590862879072 -0.52899698861437 -0.299529623509828 -0.34027015934844 -1.08816415694169 -0.164617647271314
0 4.49419382307892 2.74243649745359 5.29841359059377 7.3021904089222 -3.36585465186575 -0.660678577066264 -1.77975840437961
0 0.0926964521731151 1.75091223836032 2.54695693565436 2.61541074978902 2.94776999073077 4.09887637282502 2.08507324277763
0 4.49986650892428 0.0293965314902138 5.28421426376249 8.21203135320579 2.96672908661463 4.71614354347314 0.671153707529491
0 -0.124797164942013 -0.0388355306322374 -0.388737492290034 -0.36805774024862 0.208800906876892 -0.720069219333229 0.361588793347561
0 0.459790317523376 0.749089111514312 1.08243271131026 0.353407193665682 0.550886149238075 0.826180205877629 0.347544780068599
0 -0.244081132436077 -0.304787316539654 -0.532301101590287 -0.30653402836559 -0.146140724266536 -1.09484033608158 -0.0642153370945495
0 5.14272429381891 5.30835973926502 4.69212954072169 3.46762673362968 0.859397023328826 4.01238558412507 0.86417788406361
0 -5.12182095301064 -1.89980892639188 -4.32852108661709 -10.3030294049496 -8.43076307179332 -1.14214885472523 -2.6135349130929
0 -0.429116642675582 -0.0138391830301181 -0.528890659983993 -0.119242984727817 -0.509853841443626 -0.711167827080033 -0.668237779825144
0 6.98716733879747 0.852464639937455 2.88951737997967 2.89536149024608 -1.09886697091443 7.32684112626198 -2.40695215229286
0 6.94781506790106 6.53625105517334 5.88548892316076 4.63385315290273 0.078732857780448 5.99301961333377 0.31991527483558
0 -1.99986280956372 -0.485979291798765 -0.089644523635942 -0.134442261660852 0.391007032597942 -1.54636377717227 -0.0979320502023056
0 1.64910223741749 3.14269404419214 3.00776318793443 2.6152168821959 0.585121056099865 3.25115963756241 1.40430986360178
0 -2.80308823884015 -2.71196257645497 1.03470885535035 -0.361970586745031 0.329367522164691 -0.280092225379351 0.208481425077697
0 -0.0702073168147663 -0.333513727549217 -0.4019894431501 -0.000791478535990819 -0.356838776882704 -4.67079220300445 -1.29740242899364
0 2.14475886391734 5.61296975932313 7.46619229688382 3.58464380017268 -1.18921605420892 4.88780265752801 -0.581834995041739
0 -3.84868266628849 0.420463071995886 -0.139696592252232 -5.69785734577081 -2.41730464351332 -2.89672643398755 -1.47798549919296
0 20.871720868182 21.6333156510513 20.8540437568529 22.2906226607734 17.8669086414673 15.3880568154921 12.2088840045205
0 -2.42212109140815 6.72073095838535 11.0451637247293 7.02843612255325 5.76669449828441 10.8912345676863 4.65935205457836
0 6.72942145407969 6.72709599372367 5.4245032142472 5.8557080317308 0.323712669893219 5.49886491305026 0.11982376177777
0 -3.64270650965565 -0.0439882088245973 -2.9615185224237 -2.68338661352905 -2.11252227778433 -2.56537578270606 -1.86958066358101
0 -6.01957247838588 3.48336848620212 -0.798081328904168 -6.60478564719381 -3.27327138000766 -4.90039233572988 -16.6133445934495
0 -2.62280828371646 -1.73217409198714 0.401470789399816 -1.33376023652811 -0.0391451074728053 -2.78531688933258 -0.844382046851351
0 -0.332911757085009 -0.63395622144844 -0.734055768057081 -0.292163796291799 -0.5313649574174 -2.26415116868068 -0.669196566522553
0 2.69432772692641 5.31371676348204 5.48915700445539 3.92220590870949 1.92716574822146 6.08513473288385 2.43992534064449
0 7.67595640321754 5.45762664030099 4.00459291484324 4.95169266074081 -0.64184299857742 0.625203811700274 -1.76212848915918
0 -14.3528543468993 -13.7454705705584 4.67973108428801 -6.36726484862579 -1.26407503037378 5.62026118670947 8.14535092199165
0 0.12828491383268 0.702464196444176 -0.141142804306973 0.18652945240887 0.847537661190724 -0.405282863597723 0.72874951205279
0 2.44887821414897 1.95521828273086 1.56826405324395 2.60867855501066 -1.07689634718151 2.67039351502502 0.553038201881652
0 -0.0536187202412464 1.04738790220035 0.382572820051315 0.786393969750996 0.932379511673396 -0.392186633512765 1.27008552436381
0 1.11187230224433 1.86084270915009 -0.425790094826247 1.22489713325576 -0.642485170346237 -2.19900082482663 -1.7455602519839
0 6.24758394881044 3.31243907743893 2.6022352985689 4.21697650865782 -4.93131916363792 -5.17559542092381 -6.85601808565458
0 1.37824370905287 3.0922117477355 1.38203733344849 1.54718764268499 -1.56462140765257 2.58672136743792 0.666106794309638
0 4.7416694506102 4.1974464538881 4.57325936513715 4.56065172066475 3.62627511644228 4.33331037935539 3.17221637153369
0 5.34881826999436 2.91401548082827 3.55804774300986 3.90925150389217 -0.0816141489798063 -3.8261193234815 -0.871089459777345
0 16.0345269829215 12.5981327523664 13.7244571258951 13.4190524639491 10.0289282770948 10.5125672626512 6.91619983007438
0 2.71482342249621 3.2865653110474 2.94668012259773 1.75577664824297 0.264827284982658 2.08138251302582 0.209590513724198
0 0.254424239128006 1.29608788414458 0.219749706211985 0.93619728053546 0.679986212373159 -0.467525114582351 1.10080982550091
0 4.68834850237388 3.56423358186386 2.29861456359794 2.72381430311133 5.49009589296563 3.59593518745282 3.78595349027734
0 7.6878607155913 10.5144009129905 13.6825099897946 9.3038349781855 -4.07983723508946 11.8567320970847 -1.17579078836733
0 0.337039461633269 0.112455552442788 0.32407990984298 0.085147927320133 0.0123843134405177 0.128986818920707 -0.211269004032813
0 -1.86499533000886 2.07152965389495 -0.141450163746693 -6.08317475772318 -3.93707803667869 -2.233088498273 -4.56691140999351
0 -0.193493685727283 -0.497773885519774 -0.593753207581994 -0.144542813950933 -0.497569573511207 -3.20688619549735 -0.96315231856271
0 -0.0780603620611608 -0.026655664006535 -0.238566313176382 -0.113407139117668 0.00319382038177674 -0.641821969623955 0.073025965404903
0 0.0520373321180649 0.15667212212395 -0.380152844978937 -0.282007642700261 1.10415369833772 -2.80375579840812 0.141962228410815
0 -0.00252244444671046 0.0589383921691029 -0.0971521421016641 -0.00792675335378679 0.0828729078132366 -0.351554183597742 0.114969260174558
0 3.03626019926132 3.35577842800045 2.39216643956926 1.96713973787032 0.190858460873706 1.63504525636986 0.136584084584271
0 -0.0448364059014317 0.198214992074117 -0.515799848061487 -0.289831364070483 1.03429177043015 -1.81639009065027 0.433334835685205
0 8.20096761557504 7.2593320167531 8.51767167921918 10.4904981227882 -2.04361583105612 11.1930986815149 2.13264987639555
0 1.4248544353354 1.51585890847655 1.71058575580489 1.68264563887137 1.13853442533592 1.90765258383782 0.770642247881067
0 0.608308120342423 1.09156556030999 1.43603288176786 1.11624898288539 0.473610502439389 1.45052230120903 0.470571084141428
0 -0.807321738280212 -0.297322831634029 -0.274202691269428 -0.456453994724098 -0.266564790115064 -0.289423540643893 -0.199358707697018
0 -7.59594851923399 2.75618573722835 4.89320795844644 3.03673286416748 5.6747112074766 3.69475715872278 3.91646132377925
0 -0.35802338179438 -0.65627670744893 -0.72710460292946 -0.347163860953613 -0.486881910977484 -2.07925180916912 -0.53229924614172
0 0.0111371413552011 0.0673348620669496 -0.102221202884109 -0.018581490695436 0.0409501484015182 -0.43438581636779 0.0906686580088101
0 15.6877850179614 13.0219967810852 12.229431323122 11.3856131151885 0.652519474019648 16.2922679610458 1.99298379360582
0 0.451829968524585 1.6648571079298 0.314284516555695 1.21262981238778 0.821592611411354 -0.123575676636975 1.23938165552917
0 1.36212656624163 12.3767239007545 15.9451958820742 12.3277230756641 7.25857629689199 15.0203976359786 -6.99842518611397
0 5.66538921253023 7.26928225679361 4.15586593281991 2.53920472195735 -0.419018722366047 4.83756667667823 0.319592892968579
0 3.35660080984285 3.37173729804694 3.3390422533497 3.4718577041864 0.3998564536247 1.32199576555622 0.398616043239777
0 -0.233741803896057 -0.18443236682078 -0.453301919360859 -0.25866635370344 0.0637093248367657 -1.02947456549106 0.031742113974035
0 -0.405100697728447 -0.476048228152514 -0.661973706986625 -0.523504243923906 0.123818432798075 -1.25203342175702 0.294987582900795
0 3.96650312292193 0.0547397940668652 5.09155270154594 5.88228188564498 3.30009165243278 11.7237845310557 2.71195316584886
0 -0.372236630528233 -0.714489897427926 -0.754653924716163 -0.308007629107204 -0.807440763308195 -2.06496573591193 -0.755995539639832
0 -1.67002291880269 7.4478160325253 15.7919846881862 13.2100288186319 15.0778288842057 16.5876456236818 17.6074693917078
0 0.975564639262458 1.39953554621437 0.849587236963563 0.883255369192169 -1.11582805235237 0.722095019204396 -1.44561147601376
0 -0.0501034330361385 0.193403864108607 -0.619945645447579 -0.321042082788701 0.923724604189875 -2.13304733237516 0.246862218621274
0 4.98358224167847 -8.44138672937041 2.05800698955333 2.14304204049398 1.80411199217766 0.0815128500201965 3.5855148366387
0 7.61713630486114 3.60191522695317 7.21645458919442 9.34960840311801 3.96942860780062 5.89758637701156 2.35438606450914
0 7.14312564051627 4.08993611113937 4.58856023891788 6.41177032014705 2.70520741952348 5.80428643837748 -4.64154887775068
0 2.43272492551693 3.56220578404618 7.4904679250462 8.18019358898235 5.66335088753521 6.54422890353704 5.27197363694983
0 7.18875699048559 13.3767301681295 13.650780400864 10.4872972171992 2.64042723312912 13.7323025388457 3.25117900041554
0 -0.654641367174719 -0.00316389468246037 -1.22344466189208 -0.239025848242225 -0.983773299333182 -1.85968506349986 -1.04420640245857
0 -2.13082292624743 3.78093960510618 3.73343968174415 1.59767191339859 -3.65070720621233 3.43194101711988 -5.11956261532694
0 -0.0440037215679467 0.578181236092002 0.79584156012262 -0.10039897213885 -0.630972513123648 -0.0307962803208248 -0.629644127354565
0 -0.100446235815205 -0.143470598270349 -0.373090128109715 -0.171761537730237 -0.113197684922874 -0.766851105615851 0.0182939065451109
0 0.0318565594780731 0.0608091755331628 -0.0559138277588931 0.0306281515540536 0.13765082695676 -0.0850417068220501 0.157827521958621
0 -0.103741815974239 -0.118840672692756 -0.34140041786266 -0.159477798721682 -0.0437225046263277 -0.705101818715788 0.0505444004482434
0 2.11607789560289 1.23865466738271 1.37774454263041 1.13884523130167 0.0458969757326875 2.37596571578953 0.218248308016925
0 0.641480874143994 0.663082399142727 1.08516199502492 -0.0875255305186755 -1.23594817178055 0.564896948357383 0.395065797706472
0 -0.250991897381418 -0.544125785823693 -0.535917509261827 -0.30990647113024 -0.580537978433314 -1.07446611726114 -0.290430345933977
0 -0.666117695945636 0.005702995418984 -1.62535821423735 -0.284743306093334 -1.39494288750529 -2.55588324809033 -1.39606104259851
0 4.18647777824998 3.58066978501506 2.65852454632872 2.4339427313811 -0.255199582496328 -2.01529955003218 -0.563463302885147
0 -0.0272293252905396 1.06417087912878 -0.56231331651305 0.328197220063641 0.0219270227081232 -2.54855341433412 -0.70566145530284
0 -2.63894070084379 -3.28723749698004 1.35265951732155 -1.69913284152072 -0.0193099232200531 -0.846912664884236 -0.987938276070039
0 -0.520622526649028 -0.116597723025748 -0.290824766025565 0.120966402703587 -0.0394782618932759 -4.13827031759926 -0.275054067519942
0 -0.463058426125066 -1.30654882557292 -1.46838573226265 -0.621718830972203 -0.816992285806549 -3.42199831572765 0.298958271486242
0 6.02759760711437 4.24974831484658 5.26943847894408 5.06071925254453 1.25997267302545 8.47698367458197 2.00093813920321
0 8.95223227987095 5.04437339126996 5.17001203993399 6.80324025420713 -4.39711830770444 8.52233626755965 -6.08408277393831
0 0.0466563664074329 0.755467635483217 0.365535461641684 0.276316585224937 1.21929901066455 -0.656965455003309 0.771980598215222
0 -0.000727647026604661 0.0597838547324714 -0.11296374811959 -0.0279562657208121 0.0376157349663124 -0.456653968674758 0.0892071728551249
0 3.69726705591881 2.33656240748413 3.22493886856476 1.83440667975203 2.90727900866375 4.41403983101887 3.01413161875195
0 0.346994030274001 -0.351310276273082 -5.54758352221061 0.668819238395592 -1.77881046552867 -9.68053022590991 -1.52670311136356
0 0.00850556072424169 0.524799616243008 0.310029642881542 1.62524021676531 2.06340565383087 0.856195065668075 1.09808640932164
0 6.23805771290321 5.69117240300692 6.23899883830856 6.25687046976898 4.73401059108921 5.94537327730874 4.11881967519686
0 -0.661869144610073 2.2095365435111 5.22255440218964 1.29378039322161 -2.05219798977151 2.05676224024405 -0.00456391863105665
0 -0.119326827434351 -0.0613206753700801 0.114272332940839 0.0891695160135679 0.148541924331672 0.098364051312581 0.154932485607437
0 -3.43082643924146 -4.14882789275026 17.1039973845492 7.6892024397813 3.77598795045045 14.4392697227268 -12.6376099779076
0 3.28413464091439 1.21326917824753 2.07109882816561 3.06472897987094 -0.418350132192124 2.29547453693863 0.570176235063364
0 -2.15269857924361 -5.9001397017075 1.56908305155414 -2.34626294478268 0.737478107866615 -1.04582804376138 -2.99540059538025
0 -0.306817833888712 -0.620441521182975 -0.705999851983684 -0.250117731329475 -0.740574545873869 -2.28478685895857 -0.817563807517011
0 0.743110702368229 -4.04503338385855 1.89874651325603 0.562623218000372 1.57474244755609 3.36335928687783 2.03534569861297
0 -0.14074474375526 -0.432243973541352 -0.471225835717252 -0.272986765726829 -0.577334794038331 -0.961055648648799 -0.225118638062272
0 3.1308383533993 -0.759435001364437 3.15941409350289 0.892295099622871 2.20737582867419 4.39060883647062 2.98418304177106
0 6.65029122351264 6.72588506987492 5.47935896226901 6.39456717732663 6.26510713980891 5.29079716318384 4.74844655431263
0 -0.310160841564741 -1.69151876912236 -1.52593573670598 0.147773685317691 -0.312931200429254 -1.13662109388667 -0.857495714871362
0 8.51782764599981 6.03376594161606 5.9503392724245 3.77084273434563 2.13935911494419 8.13024141990208 2.31271859683161
0 -0.0486339555006277 0.0268750140895095 -0.14227025844363 -0.0492222241740929 0.0692643425231316 -0.448241462657304 0.106820189498154
0 0.726575320422455 2.17891708251386 1.75690625500979 1.81154507879322 1.72025442466163 1.69458985465486 1.54531757198959
0 0.086504580735415 -0.271117660747954 -0.107236696344049 0.90156443209808 0.708724932774434 -1.5534810111675 0.1934862844343
0 2.09648754903544 1.78463974666811 -1.5739794198952 -0.540695616838253 -4.27067391663266 -5.6201027013149 -4.65251597698749
0 0.746943521181109 1.95986797442873 1.99518526355222 3.61037082200168 1.80028701075916 2.13003496014814 1.0401857338855
0 4.16759830083085 2.74776390852445 7.78043409860712 7.97410582052674 6.9153609677034 8.23097703648236 5.95772508012507
0 2.30688825438766 1.93459543559111 2.10340833005564 2.0196597833586 1.71921626774943 2.07640247796281 1.57385803320083
0 3.07069453767409 2.21204089132991 2.03785585320816 1.59913698453294 -0.598775604011903 2.64424224183878 -0.359533637367495
0 0.472049676920787 1.04728917217448 0.751029575322034 0.467216099904189 -0.800764004392122 0.155853460450206 -0.916448986922577
0 -0.228471737373003 0.357405047517801 0.641672911570442 -0.190217189918558 -0.616604475136871 -0.0962076407775374 -0.623890387541104
0 -0.00802235538670359 0.692111204944876 0.159437437381261 0.147825060614 1.20199928939189 -0.5067149274659 0.756915672740128
0 21.731477429486 9.32157563433055 13.2072684584873 15.4804959206916 2.5736949946378 18.4962111152575 2.06121969970307
0 4.06494822941485 3.73697975855167 3.51357562789359 4.78680992829114 4.13781754357679 4.38842104802368 4.0919651589776
0 -0.378904120479723 -0.652876791352311 -0.720492179483941 -0.372092216395224 -0.605826158071983 -1.7422274374181 -0.520724242706832
0 1.17300749258514 1.06592416421435 2.73736576892999 -0.156474030877156 1.49329868161324 3.22694973370685 -1.10229469721869
0 -0.349625797873738 -0.584709756646626 -0.707808540781215 -0.351017656098479 -0.520058101251919 -1.80831171200849 -0.510139644291325
0 0.0169979250949801 0.624961820000433 -0.190083971346144 0.0939400112996331 1.04786252914241 -0.897803896579468 0.717105248209347
0 -0.853391900228228 -0.684027848049169 -0.0292581290701364 -1.2133590663373 -0.734308654796877 -5.12652828071774 -1.47924692600788
0 -0.17474808083017 -0.309265239830768 -0.496974779177814 -0.267625896461617 -0.243219869205909 -1.03535006637413 -0.0972947910113255
0 3.33584800147328 3.22695307800301 2.53603987243625 1.14089142058111 -1.05769541610487 -0.7411203956059 -0.348375343992391
0 -0.392922668106308 -0.711835052013745 -0.755104383809941 -0.351536473533626 -0.708189024488988 -1.87164926338546 -0.625924909793655
0 3.46330363181715 3.11505217044296 2.43185080994473 2.82013635520989 0.278421120655072 -0.433973878721552 -0.0235678922775939
0 -0.413514102626024 -0.769753049108814 -1.34356143488913 -0.509038112818843 -0.206500744908904 -1.64879402405348 -0.282639914902646
0 -0.114781149541081 0.334546766573819 -0.514539109442008 -0.17058109186425 1.05554130064333 -1.24957262828783 0.59375446301766
0 -0.0947181862146529 0.38300760478559 -0.722635437448865 -0.260095113205846 1.31192052893969 -1.31421773874073 0.74599239384035
0 -0.380477059005626 -0.728129890798565 -0.748949074209348 -0.32272603639781 -0.821812076661082 -1.98922331947048 -0.728239888377571
0 2.28418232052456 -0.791889117325297 2.30792793012514 0.570740586281758 1.86367229560149 2.84335796623651 2.68103597715642
0 10.7788291570211 1.07137952635057 12.8507257155504 11.7448006858353 10.0543663908368 13.8477393050013 9.23007774293361
0 -0.132516670642645 -0.342980337919223 -0.465371364983519 -0.256170729790383 -0.449499501757216 -0.963470122792217 -0.161740490265147
0 4.03531349661305 3.59576513316942 3.82507684162467 3.7456024824459 3.10033547041174 3.80328101980402 2.7261710658512
0 -0.39010022566463 -0.697208241827351 -0.656411211131013 -0.393850654472423 -0.828937826827705 -1.457100699955 -0.525114299545907
0 -0.333211167516007 -0.444670054902804 -0.656267667632677 -0.37232289333831 -0.124638525319716 -1.33367921026494 -0.164914474128465
0 -0.0889305322030189 -0.242289570374382 -0.357467662126101 0.51604444793568 0.641802339929757 -1.45005007125423 0.164914208749586
0 0.190837206690221 0.379763193358258 0.728066265047758 0.0725858330898816 0.34944576967685 -0.766168509345317 0.355534110582336
0 5.0353992074 -2.07738594277415 7.31449282235972 6.27959549431961 3.80943573209549 8.33815456804056 3.47955204499554
0 -0.30880744446896 -0.461731921005276 -0.603217543362075 -0.361269699872715 -0.267897184899939 -1.18408234846742 -0.170507053152434
0 -0.280693940098789 -0.148116596599056 -0.0196483693694312 1.11968978006845 0.240444909070508 -1.40171183425328 0.306612828889772
0 -4.77338188511384 -2.33681885572931 0.549302395813438 -0.975441774237385 0.062712305613676 -2.35005964890384 -0.28268848218131
0 0.252446552846685 1.0215061502756 4.20999376413259 4.26001948299885 4.44691751395044 2.59619574231238 4.45281959821468
0 0.611132847891902 -1.09260434883035 0.766946322194542 1.16800729924321 -0.617223017996182 -0.314988253009226 0.159211480285315
0 -0.745775535879218 -0.667760581763883 0.300295913260555 -0.630867918237382 -0.182599835059708 -4.9303289135428 -0.921804569569971
0 0.792414240546002 1.38384382981736 0.296687893059804 2.98299764606612 1.06369480072575 -2.1984716806213 1.64239518574447
0 -0.459127792650377 -0.014497352034351 -0.567630939046123 -0.127788790803109 -0.519795835458274 -0.771362452582452 -0.672510873690345
0 -11.3886740471177 3.02392021897799 1.0758299062811 -0.44452549024863 -2.54948577959284 -6.80299187985599 0.572001324154677
0 -0.0747684568504816 0.140614463358776 -0.325733356013956 -0.308287129933561 0.297372385536271 -0.683764717776601 0.476138213714947
0 3.69948079788344 3.85069341200528 2.30139440655352 1.79610938344108 -0.267326887675623 0.411532579451588 -0.27427095444687
0 0.0718296661579245 1.3278440441179 1.08215863417213 0.987032283983794 1.56476786155507 -0.0227364221837725 1.22964446244686
0 -2.51345697207696 -3.46660741848583 1.5127666018372 0.246516807132521 0.52892322546216 0.0262636904130389 0.521196119430662
0 1.46732847312883 -0.703622550114197 2.17108436111178 1.29965694360891 1.94187285170405 2.34469309106135 1.56086974004139
0 1.30152195223845 1.53932531895195 0.593449152775776 1.26052443827048 0.88538220838651 1.56197531906079 1.2048724889538
0 -0.637467461876872 -1.91775555157822 0.838441008824987 -0.167077523058667 0.414905610459327 1.09300244333288 0.470900182256988
0 0.147183185035622 -11.2862670058851 8.86821236846265 8.8255741335758 3.99997401917969 5.94042749900222 4.37316943294569
0 -1.09650858629309 -0.552128396742098 -1.77709550922674 0.182386178351987 -2.60693387859835 -7.78891481642313 -2.42881644520909
0 -3.29993929655063 -0.526050031084523 1.35422706709796 1.37938068060341 1.40429098338798 1.18318131857536 1.06630837997672
0 2.65235399151368 3.05394330152652 1.27745323953794 0.548825433426916 -0.397720867153641 0.624932634538798 -0.294070577444902
0 -0.0761440661360808 0.593544201725283 -0.334734282653944 0.0845329351836419 1.26063827729687 -0.787628934081273 0.880371453674542
0 0.0318565594780731 0.0608091755331628 -0.0559138277588931 0.0306281515540536 0.13765082695676 -0.0850417068220501 0.157827521958621
0 1.08770634895728 -8.3626019613491 2.53607081846577 3.70951635150718 3.94545723811942 -4.68135954382086 5.17904299964384
0 0.0318565594780731 0.0608091755331628 -0.0559138277588931 0.0306281515540536 0.13765082695676 -0.0850417068220501 0.157827521958621
0 0.279976673171547 1.26243638092997 3.73661014517703 1.77056077719305 1.72279898133186 3.51978290369653 1.62049053991115
0 6.18626178310366 5.23102701045275 4.68706948599366 3.89696355623425 -0.147070187313981 5.41732773787858 -0.189420014623277
0 3.96399997821016 3.60218513947046 2.29681165712081 2.07080272429288 3.79016257382933 2.43041208245543 3.09999190676418
0 10.0504340629635 -4.79448872723456 7.58246555159323 8.37845081020033 1.39074069769772 7.23062234846018 0.29152358228594
0 3.44404820652638 3.66057906219552 1.59020310807414 1.52487111670542 -1.47000165469186 -0.190258875532045 -1.43620878303078
0 0.268810943866384 2.58982892191905 4.09197425264585 1.28886450060411 0.645682225287352 2.73988289236208 0.593664111413972
0 -0.24190691097424 -0.59282813432069 -0.52716963914509 -0.30860688272778 -0.693461809036327 -1.06671071230037 -0.339767095456539
0 -0.466156406344624 -0.720565884920909 -1.15003564543521 -0.475698219946501 0.449873656508821 -1.00855590508865 0.152354347460303
0 2.80907546840666 3.40195340337024 3.16020311311934 2.08996278042349 -0.250052756289012 2.0962419310586 -0.323553696047586
0 -0.391315790130188 -0.679933468930248 -0.692462279778297 -0.371749862587913 -0.835806204481925 -1.621134516505 -0.609147595137426
0 -0.332959867329548 -0.622995737218218 -0.594278628198637 -0.358269954331346 -0.705612081430395 -1.26857974847625 -0.411841842349299
0 -0.411604226499065 -0.758582750030968 -0.614051726086348 -0.44032446364087 -1.00442226977697 -1.47463362796782 -0.59438217012103
0 0.589334119225441 2.74808805342446 2.68284117216471 1.7901620612094 2.00128455819336 2.68558152454381 1.69371922354998
0 -0.236195330230375 -0.502436891589769 -0.532190819447385 -0.312224251137716 -0.540036731974915 -1.12126107921535 -0.272047910288215
0 -3.05693596129655 0.317049882641484 3.19248577453937 -0.924585701938511 -2.45313102697473 -0.0921750347591797 -2.51815990716
0 0.0887961732023719 0.717238167961881 -0.281661110166521 0.138171973952357 0.950290239379388 -0.631585204564182 0.778337396069247
0 -0.0431443627345414 0.0314390147548211 -0.135669122666505 -0.0436400778182353 0.0710816624462307 -0.435837281272092 0.107912402147122
0 -0.354512135743681 -0.658274605290774 -0.602132809669145 -0.373260468688683 -0.8449538668642 -1.3405601853077 -0.492571888692078
0 -0.359464204031863 -0.601242888562652 -0.63600220372088 -0.382731525908781 -0.584857020369745 -1.34931014053168 -0.382003888432479
0 -6.65834786171649 -3.40910001305397 -3.98954335822316 -6.0276556986655 -0.862029701331924 -3.81113930148 -0.203338034302931
0 -0.360471339384851 -0.643435107134509 -0.625402061702138 -0.383890919872922 -0.833543731725213 -1.48841372200597 -0.540144951845017
0 -3.8432238077496 2.32775476739174 2.95506777700616 3.94771158198255 0.137224143170313 5.63340891993224 -0.132540468476375
0 -0.137994508484169 0.210782823442518 -0.712611278455068 -0.347683578511653 0.973809037856615 -1.40380111436345 0.480346319854103
0 -0.0907337378669082 -0.0932560319308511 -0.32166888773063 -0.145970842918238 -0.0898175357403437 -0.738096575261372 0.0312010651903041
0 -0.112413195946676 0.0516240108802961 -0.465087282897461 -0.45730944266181 0.262658824665106 -1.22050571273766 0.237195445233226
0 -0.267793521931493 -0.376698512233306 -0.552671828961861 -0.34140262106524 -0.306670761092525 -1.16615143288669 -0.145226303732894
0 -4.09770037242062 0.368938974904566 -1.3764536831318 -1.8767045976467 -1.73355076496992 0.953804203254116 -0.943659107464335
0 3.05276872017404 3.16110749485082 6.36495233056466 4.00244148196047 -1.39485556816432 14.5982202468644 -6.4979458020785
0 10.1861129468735 8.90592849507957 8.91914910807698 9.35928446513433 0.835006012074473 9.99707096948832 0.445419340654489
0 0.561972485118659 -0.0508416571003778 0.562333254094661 -0.251828528251689 0.542840668993964 -0.31573235100775 0.875325888260761
0 -0.377881722451981 -0.677443095731052 -0.640933866203611 -0.380659979576281 -0.828979070399006 -1.43764983114363 -0.530697053070174
0 3.0369719687861 2.58761614815437 1.68712386433054 1.97377376115577 -1.51392904950409 2.81080361034504 -1.90865839013245
0 6.200637827216 5.77871698748137 6.23779462325306 6.35225836151465 4.75713354548248 5.73334374334835 4.05394298034425
0 3.05856348077516 4.87955562302448 5.31209349884525 4.44549135613429 2.44931296221041 5.65164840465112 1.61038939146375
0 6.13316115021766 5.3030497463646 5.33331550212838 4.64824778315588 5.19380808506747 5.20680860534316 4.5144404851836
0 4.14387086786735 5.02694813145881 0.629755320323952 2.08064186933866 -5.83371702257006 -3.62415643223957 -3.65612169144472
0 -5.87466974692508 -1.22921728674533 -2.43214909061041 -3.88532859537914 -1.96416431090586 -3.26378227859605 -1.86263119247698
0 -0.121348288342523 -0.285200807172728 -0.470337532120106 -0.257159690924179 -0.267160719175583 -0.971026308987319 -0.081664487866532
0 -0.555272872486539 -0.999248289867522 -0.819095661019107 -0.256663471424435 -0.597201924750077 -0.731731234589171 -0.330860301847723
0 7.38267933213639 6.77594277032406 6.11498643364256 5.35402029698796 1.58447707021024 2.55419252701681 1.62846396956708
0 -0.280076880845122 -0.0123620848573722 -0.855260901542518 -0.362051432614845 0.8868964218236 -1.2300655834222 0.477040525356689
0 -0.3407745859003 -0.674182065611515 -0.587312864928217 -0.367129152703013 -0.876392169914666 -1.30494246184607 -0.493986986871123
0 -0.0998231992437626 -0.217424432404781 -0.42532132703372 -0.20776263873001 -0.276775281158955 -0.856749468399549 -0.0587814493773342
0 5.54125110291235 3.53461027380619 4.20396709308774 4.89348874203077 1.39798654936438 5.67165063370468 1.7264740077982
0 -0.360356698757016 -1.32887297821649 0.504865173188561 -0.414164118684843 1.05961886327546 0.0462968584607513 0.985999166096095
0 0.572459699814743 1.50785443747757 1.06499638071552 1.13647517805104 1.43597518739541 1.55355143676079 1.30744091204526
0 -0.2458096931631 0.196914309602679 -0.57444936828 -0.181438005464372 1.16946398785859 -0.677493072332783 0.69225971516515
0 0.438372236318173 0.680176534596843 0.847860551947832 0.3964124313394 0.651133981592491 0.592692836212112 0.398500793225363
0 -1.50485487310544 -1.94527140781263 -2.17691211852815 -0.190118886836427 0.0733890001428961 0.0756260297797482 0.201993805118544
0 9.31675250426885 4.02773342024108 0.988742597494074 4.42429850863122 -4.09840897824167 7.43721820698271 -9.27275585946116
0 -0.665169986966713 -0.278830974753294 -0.692727480146779 -0.117739066483647 -0.855341871947914 -0.419828468448742 -1.20326925698683
0 -3.40623559064617 1.12626454651477 -0.832888901471208 -0.883395382982897 -1.69803229712841 -0.638076373905797 -2.42896717180423
0 8.09286441935514 2.70391413908769 2.78711828234968 4.66453159728129 -2.21405762912082 6.48483604576111 -4.92850983502863
0 -0.151846227337227 -0.00597741007662123 -0.818548710740824 -2.94036254440615 0.797250133859773 0.823285848901172 1.13750332979149
0 4.56996898797209 4.75262402314512 4.37308697910304 3.21753980311146 -0.20030998030397 3.79848161394926 -0.0686676503113262
0 -0.259785038032694 -0.361912643539688 -0.666322479867473 -0.342794638102703 -0.113273082308313 -1.03137097291229 0.00933210538066298
0 0.535973865125488 0.535658193575191 0.983496000599988 0.48929580838702 0.614919723909445 0.705285955905335 0.417131023402728
0 -0.174145198518872 -0.168411903684726 -0.542044517542235 -0.358832423846343 -0.0418725429687594 -1.14174986510096 0.0431925004761649
0 -2.27200576807115 -6.60207650477962 5.28228173215322 4.6060042894492 1.77794533184704 2.56500530855331 1.55182720187899
0 -0.169793946357025 -0.426116218744422 -0.487953944019221 -0.287080800853181 -0.536924867634797 -1.03895467872069 -0.226291096816125
0 2.93380977177171 2.38692589495441 2.77452024433588 2.79153641476503 2.14777880554717 2.526367753304 1.94448099168476
0 -0.0378667633028078 0.0293889351716006 -0.153319726346409 -0.0570498128452219 0.0221413841607347 -0.523995354983195 0.0825941663773389
0 -0.133013763026234 -0.406974978131526 -0.464001721946735 -0.310728338550206 -0.586767553443687 -1.08089979857041 -0.241256168761852
0 -12.8909439096203 -8.65964486880402 5.43382959579519 4.39489357701988 4.73602152748396 4.22294946911497 2.83513764224549
0 2.7156116028552 0.0215047617329915 1.55474488517596 1.8403202679245 1.02974170662085 4.12300988662423 2.13322953535023
0 4.87097433954512 5.35249128445657 4.76044085431069 3.27997071163815 0.0813714450951295 4.11596151416392 0.143396139082327
0 0.461073613248807 2.0450011093285 2.2902315336505 1.7211887459925 2.10371298996914 0.830559626390595 1.48306346132026
0 1.64716030020457 0.469224564060532 0.736619144551288 1.25442567443589 0.629804327077352 2.43906001001254 0.830390632913684
0 0.75285189888978 1.25038948679369 3.31304172848763 1.6344946479873 3.20216000433776 1.23317745248735 3.12635246464015
0 0.0888259360687833 0.830212797227457 0.188372037619285 0.313968064660124 1.04752038462638 -0.473302166597204 0.756614013567376
0 0.153071347916644 0.856087776764848 0.106027835414331 0.347233002710166 0.959990980456304 -0.348758979813308 0.76710698875781
0 9.75440419834163 7.64164073725159 7.33866260230685 6.85780270045975 0.033969853479185 8.83931277530493 0.0912278760313292
0 3.31660676918814 2.18256857768157 4.4977530834845 4.578120713374 4.16478148150658 4.23648213317949 3.61657810876006
0 -0.0955820759988413 0.263674422958498 -0.600329806851853 -0.290637771761862 0.7554008308269 -1.12191355024899 0.493052229378304
0 -0.249053855951194 -0.602255781592989 -0.525423634350725 -0.307014141478613 -0.760392171620161 -1.09871820455571 -0.376745443781124
0 1.33597537305848 -1.17727814538607 0.0799051776816224 0.728417145374092 0.616474789929425 2.10960817361742 1.11170807578589
0 -0.840821957742648 -1.17325186607644 0.88860822227846 -0.88307213537481 -0.31671292134719 0.580805514124801 -0.874423208248039
0 1.32990272881005 2.02239315186315 1.7131288074582 0.908819721077769 -0.923494415069845 0.70370480538519 -0.971468059317244
0 0.0318565594780731 0.0608091755331628 -0.0559138277588931 0.0306281515540536 0.13765082695676 -0.0850417068220501 0.157827521958621
0 2.56838878220099 3.14113670989108 2.45013878277076 1.86013425961547 -1.14960510063107 2.02743687912269 -1.24821435737674
0 -3.08731674276532 -1.21769042274779 -1.67677577909172 -1.35178099139422 -1.55154069199864 -1.28358579753745 -2.56258893376302
0 6.43214085949128 -1.05458985012874 2.07091787064044 3.76171685773568 2.64042645095335 8.75793191088117 3.85678907201634
0 -4.79706817681908 -1.9759749721933 -2.18602332292724 -2.50049438911011 -1.629593730009 -0.993343701809483 -2.38770365069453
0 3.82262516920907 4.33047989518581 4.12496548197106 2.07220658248294 -0.201030543995305 2.9438325463284 -0.0195518180646772
0 -0.232811903969504 -0.612882478656763 -0.515644650613591 -0.318967891921362 -0.831539640867364 -1.14635333146287 -0.409307435429259
0 -0.10733654943589 -0.250667623895841 -0.440174805831191 -0.219187098937382 -0.29309534694173 -0.858845099581202 -0.0702162904548924
0 -0.171647823127668 -0.413112077496554 -0.497720840918835 -0.273650525420266 -0.402851680364761 -0.970218644727496 -0.164856589856798
0 -0.20070842492712 -0.578899771210203 -0.496868887130836 -0.320128413160242 -0.81469932350589 -1.14059813799186 -0.387226589746174
0 1.23974965164819 1.57909726438849 0.960618718324504 1.02847773456138 -1.16640954645038 1.01687951174902 -1.50126584820086
0 3.06916304159403 3.79727138502821 3.71648424111322 1.65101326523406 0.119756926314167 2.50332146944825 0.18651075280205
0 0.316552114068074 1.24368897458008 0.601669350666661 0.77880459180577 1.07243898038257 0.261833891413033 0.929525816960211
0 -0.0678815434585127 -0.0813777692051625 -0.316197194750423 -0.150472195287023 -0.197328070651868 -0.826599691758398 -0.0179096589083203
0 1.66164717193667 2.34087837927883 1.9200614004733 1.17750148338337 -0.9930036026413 1.0094782475712 -1.05773041067695
0 -0.518914111207551 -0.0154611257302628 -0.649046984349263 -0.149583840891935 -0.538466639396802 -0.912471794319619 -0.680826552694583
0 5.8737927432769 5.41473955870069 5.86017814362295 6.04220331611023 4.64891931582962 5.33182205856875 4.03462338794719
0 0.381416075461736 1.42634817454824 0.955574088624033 0.309907325453381 0.753213051813002 1.51700402723798 0.861073357881644
0 -0.272427859468912 0.0567829297445002 -0.632737576379974 -0.227497561178236 0.849449185807323 -0.659016170486428 0.544937269995003
0 -0.209009913064245 -0.53437464824732 -0.514976241105417 -0.298154008714208 -0.595886101314136 -1.03883742941791 -0.279382568888654
0 3.07808607048524 3.7016355830442 3.7688530095872 1.52208164789905 -0.0924618626239138 2.52466214025783 0.0737979183867168
0 3.56594130413753 4.22037261134995 4.07890370222887 1.81187042533884 -0.0997364429842058 2.77713142601831 0.0623627637658117
0 0.531465736072828 1.44609492718863 1.35768693625401 0.876008089683165 0.939722113543182 1.03265812836659 0.843456232048716
0 -0.638335670717162 -0.000757303556177646 -1.10361542513287 -0.229166403733552 -0.946600147670114 -1.59447615689051 -1.03055743984318
0 0.503636395710913 1.21452645025827 0.727462173186165 0.754271719722723 0.847629711665494 0.54803279750654 0.835321171832504
0 -0.15638393846837 -0.49065793498356 -0.481725360633469 -0.297204812053609 -0.658890567553927 -1.03367958037657 -0.279835694280921
0 -0.145106621497401 -0.44171123208657 -0.411099217296364 -0.226315494355037 -0.557447983754606 -0.770954856822923 -0.21110026394773
0 -0.149577246583295 -0.447815959758245 -0.478000454909287 -0.277291007696013 -0.577224284781007 -0.979076759845103 -0.232860120691424
0 3.56854672666292 2.84346921635155 2.39321867299105 1.7164324759659 3.15900796783338 2.76651909898852 2.90371011360689
0 4.12147159550588 2.98140142825525 2.31201889619871 3.26223898831282 1.11855952448842 4.28561957517628 0.429895715437489
0 0.403161701312502 0.250562541895345 0.746092699036073 0.0785275115246797 0.353475832047053 0.527068544657499 0.295984975550436
0 0.421374355201102 2.00151335640502 2.50862678393802 1.35971492034391 1.11121686836713 2.06188773592215 0.902403925235848
0 -0.123206225128466 -0.226553321966279 -0.43170099339228 -0.205461641090787 -0.0688653631093454 -0.787819699031778 0.0189855830093828
0 0.0882747381729025 -0.136451404446166 0.107671779624864 0.29828216117884 0.134876549514455 0.675646906777807 0.142542692866336
0 -0.0633019482436943 1.09355874427449 0.882110948801905 1.23632831788145 2.09867120287615 1.00392420051087 1.24413912943973
0 5.56731850376265 4.30177637675641 5.27182347101247 5.53301001181481 0.421604939946143 5.34806689450203 1.9990302297638
0 -0.133772210889331 -0.431254365253645 -0.470378952731549 -0.27849051349555 -0.578718576102721 -0.965105108634157 -0.223330405662811
0 -4.46235832932557 -1.80799609529184 -1.30893253987015 -1.81238657933446 -0.608209497652492 -2.97788873937041 -1.09302063011794
0 6.03416979019456 2.60806064155251 3.06652777535282 2.54344023530339 -1.21929341539052 5.14813258799856 -1.15509608064276
0 -0.049955980960533 1.58411861141105 1.71488605621036 0.928020150641245 1.85614405508287 1.27946070901881 1.33368323083515
0 5.83271565532296 -0.916571313151398 2.30899483237232 1.40229220006557 -0.788740414138569 6.02715114675011 -1.94427936097174
0 5.38117228657869 5.50270362984873 4.71957272056036 4.20340803710225 -0.186490447418823 4.97648479503806 -0.254109885263894
0 -0.0664269833389239 -0.00365039777430631 -0.208307840650442 -0.0988618728250019 0.0140972436648821 -0.611963850497592 0.0781283238891781
0 -0.106722906665595 -0.308591244947211 -0.446526608888409 -0.242347426686738 -0.458170294127799 -0.910613190747382 -0.146736013897396
0 -0.109901666761717 -0.319300407908938 -0.450128120407819 -0.241937080653748 -0.457551079694196 -0.919829680839936 -0.151699869827602
0 -0.0980278268147003 -0.248059303335515 -0.436014980729377 -0.227149139102118 -0.352887977106914 -0.902232319464185 -0.0963624576632975
0 4.79879716845721 5.19652600566386 4.55900794290242 2.5110663618408 -0.269338176491196 2.67060994192679 0.020273890042052
0 -0.575646455259825 2.22980455126749 -0.322716025634286 0.593999587107355 -2.81242389586528 0.44673099127214 -3.27416476251708
0 -1.83424400480441 -0.811089799267046 -0.922730463867625 -0.930563295445317 -0.578332680597034 -0.253967817020165 -0.372397571543914
0 0.0754631212649306 0.100201100049683 -0.0446814155468118 0.0468647445688131 0.104559977966061 -0.193120042356493 0.128192218557446
0 4.40585753800965 2.8274926408994 2.83241199970159 3.65019521810161 0.499283898258769 4.10145306737076 0.16474469152746
0 -1.56810021394805 -1.91485338170825 0.660427340377341 -0.444686815808899 0.222624952831721 0.242429223755058 0.193648007773811
0 -0.260892292493871 0.394466998410355 0.241009611439267 0.116988973740586 1.31934344610846 0.444921264699822 0.923995723619658
0 4.11326363187024 2.17587097764213 2.8687062985267 3.58657482079849 0.686158086530417 4.31889071884198 1.65081990249293
0 -0.125795273218181 -0.379278878631649 -0.463306792936752 -0.258593693230749 -0.493860124825064 -0.910856632324016 -0.174108316792589
0 0.0718554792027213 0.967774017863839 0.719947551135178 0.44355919582096 1.12744851853787 0.00499342208174625 0.792874482885125
0 -0.112117193053198 -0.230878064385814 -0.430344159239545 -0.205772657305942 -0.218736079533015 -0.816496077410484 -0.0366969134740849
0 -0.087519777033759 -0.0610574435741751 -0.292229678236927 -0.143445342567621 -0.00313605175044662 -0.70842457890138 0.0672150364256296
0 0.247010990445682 0.0466294633900848 0.780205300641146 -0.647177528918178 -0.146484797902609 -0.481425955018096 0.326367387280472
0 -0.0586567150577055 -0.00493742634432781 -0.2130810227919 -0.102238228253765 -0.0421009038422353 -0.660356384031785 0.0521282454548473
0 -0.263444171057467 -0.569976269982558 3.16922658079457 1.5765573982717 3.11771848216117 3.08363986082194 2.71350265349407
0 3.66050565057532 4.37329876321318 4.08237815008704 1.8758489949542 -1.95170669670119e-06 2.80623033968442 0.126875078531452
0 -0.0860803562732317 -0.0408290048413065 -0.245771314711107 -0.111582216518999 -0.0120557064467235 -0.628400494630984 0.0678375042585748
0 -0.0272363818207828 0.0389592391575286 -0.140403573137569 -0.0479747465705485 0.0268082328698114 -0.504058432761856 0.084592663753611
0 3.79160474329913 4.25233504906334 3.90552041064644 3.16510944791116 -0.13069854979527 3.14684485128217 -0.218015795275344
0 4.66498434356567 4.10578639922776 4.527411639247 4.52873229776537 3.52528444485605 4.2985355482812 3.10577421082422
0 0.202511871087104 1.20199483092819 1.03527187300093 0.726393465132443 1.01147657088466 0.323104712455311 0.821383115878902
0 -0.117851410789475 -0.388854725130001 -0.460111092034751 -0.272359139235455 -0.556634256378851 -0.965319515101676 -0.205395738456721
0 2.05886480811166 2.16070636407346 2.44510457010375 2.39345852322293 1.26907177259064 2.6321609130521 0.886345910430052
0 -0.0655125610038292 -0.0405787053266318 -0.265085380768824 -0.128602846076562 -0.11575149911603 -0.753523395115238 0.018829597353073
0 -0.104987688734663 -0.279109349864488 -0.448140712191259 -0.239112958607594 -0.368986163933565 -0.906008424798001 -0.107045310531809
0 5.7370679115823 4.0218867795114 2.73374569848966 3.46224597225784 -2.17203897761206 5.39011579812449 -2.98155589429524
0 5.43900793650102 4.90123786262919 5.38484773991669 5.40576172765946 4.1256789681812 5.08673603021483 3.59734628358489
0 -4.02380795889479 -1.72113991599248 -2.67673386158121 -3.13286706609428 -2.14989121844395 -2.56292234655643 -1.36924538933161
0 -0.21663734570401 -0.421360015891593 -0.558377327415711 -0.161715664840352 -0.175960083156819 -0.658883140350002 -0.00761529405034178
0 -0.576512978108399 0.0451831246961802 -1.89053223535553 -0.497894208942188 -2.55618243919441 -5.02627863213733 -2.31055150533124
0 3.90977031226677 3.86418209880404 3.2882910513863 3.19652083197317 -1.13124769480137 3.67364057702074 -1.33333655255589
0 -3.61933448798835 -0.612577905146686 -2.73771418207036 -1.68896938064607 -1.55716315190434 -2.57937368103903 -1.52209806713746
0 -0.103158202012093 -0.270421651510378 -0.44343137053277 -0.232113175792379 -0.368459822057055 -0.894039995026264 -0.10440161269469
0 4.65938479689155 3.48466207243694 2.72921300468698 3.51424550963764 -2.4209136677128 4.54974736968222 -3.04682558168845
0 2.77121222059887 3.66174356693691 3.49798485692282 1.60768142753976 0.208034056037249 2.31032174809279 0.168284574635507
0 -0.0960709036442111 -0.284344192881693 -0.442567612564042 -0.249952676437913 -0.425925424754507 -0.955568913671605 -0.136685097820483
0 0.734254804000422 -2.90761521982999 2.01675144021005 0.835050523493464 1.40811873670181 2.10050338454373 0.879685853597667
0 4.70112031730646 4.14247883026905 4.54247262402549 4.53349018973177 3.56341753579205 4.34124760173245 3.13745295594907
0 0.155466539948531 0.923951640253634 -0.520192905420739 0.85958862461348 -3.63483546786155 -2.52251603202485 -2.66939963270761
0 2.01240369289208 2.33597988380534 0.622909056697591 2.02339339233757 0.279083844725125 0.0122264469011562 -0.852349493683612
0 9.02224777901299 6.92013470252341 6.62483352390048 7.17167411632157 0.212691730768192 8.59058089195369 0.172781030253137
0 -0.306437042176452 0.135801755772302 -0.306459868532812 -0.141157729981316 0.889307919440689 -0.345099686069425 0.57600973985576
0 -0.0859487856426489 -0.0867477506922585 -0.323935993410817 -0.155555353104487 -0.0760790178743616 -0.767807779099945 0.0348973126178338
0 3.06285639569913 2.54096023878159 2.83254157906383 2.81352836210514 2.29096064631514 2.66741302008968 2.06066083105718
0 -0.13631849553386 0.574924762918215 0.203761840701876 -0.197771526829129 0.52379882533933 0.415899826815302 0.700347782095356
0 -0.642448020407618 0.0345322537072743 -2.09438239651834 -0.329977792087535 -2.14830425186536 -3.30029528310759 -2.07441821657885
0 2.26770927790174 2.51130322535784 2.69493468902378 2.18772413538909 0.155899266253993 1.56100157066365 -0.334041799672327
0 -0.0831990299770666 -0.145042010156541 -0.379495983834187 -0.182225733350207 -0.233640272651846 -0.857303277723347 -0.0354091806421764
0 -4.54510053168697 2.90460075142326 9.83370531521815 9.24534454234188 9.2965302709158 7.82743696884264 9.06748108654208
0 -0.188554352716832 -1.08573797854149 2.7029866146869 1.02001322610761 2.74112620435163 2.67744040318381 2.41478295323763
0 -2.35062460727243 -0.1654830346613 0.172370322673235 -0.245821912094264 0.63842202182126 0.0141782282571263 0.276999189394214
0 -0.104780101543728 -0.200259241802467 -0.368207824180783 -0.160310313228375 -0.236720815797267 -0.698156563557038 -0.0354499520781335
0 0.678508565632725 1.55021013167197 1.74774660415785 1.26694467289568 1.2431283539079 1.66372770468675 0.806013428658435
0 -0.101008918537998 -0.259451172070044 -0.4402136428643 -0.232399329798411 -0.363328517390629 -0.895829425263333 -0.0998764673090076
0 -3.10606189012249 -1.77810654730524 0.8440988436498 -0.347618534161073 -0.0462050534463234 -1.73769529381387 -0.366282861191358
0 8.85095130931467 6.83193109706501 5.5493188794309 6.09462645143349 -3.45929302367286 8.39786918827306 -4.46157473670721
0 -0.611696037432636 -0.214779573816082 -0.239696641034083 0.044031387129948 -0.533207365773253 -0.522248149433882 -0.639091199750555
0 -0.0784801347938506 -0.203889283446653 -0.407456667645221 -0.217867989630083 -0.38971482203654 -0.928488360764675 -0.108787899669189
0 -0.0838161486640381 -0.153009807257727 -0.386131199135031 -0.185560232991069 -0.236177843096478 -0.862552948429728 -0.0378611723836615
0 -0.401504878283056 0.178736727577075 0.129255707169323 0.0939393618321223 0.408352072382607 0.0889374735146937 0.134408951560259
0 -0.0754552035103933 -0.0712548626823697 -0.303607143645963 -0.144209531213303 -0.133234162703225 -0.781209655297169 0.0114501181456568
0 4.93884583085729 5.68046276210044 4.71664972445747 3.23540110901884 0.168215516237563 4.12317776100525 0.153580979230313
0 3.97358889649655 4.7013057407991 4.16284560175248 2.65664794058701 0.189937755384161 3.10171102114064 0.165906543465134
0 11.4340265404956 9.78084146090234 8.36157291995901 8.42254784980177 -1.64157036733655 10.8877573065535 -1.99282976350686
0 0.268209754942809 0.759141694115158 0.768585538923098 0.609990213896864 0.999770811122534 0.782097026021479 0.642131181407667
0 0.0447426857412512 0.089173520456383 -0.0742858614136015 0.00364164839387859 0.0532965345202676 -0.372364008700225 0.0960164145935796
0 2.55730690819096 2.27861011748393 2.69475432819599 2.60298621897176 1.28061525080973 2.90032490367621 0.851385728771827
0 -0.0764526278235769 -0.120641447281475 -0.358960971268594 -0.173951046893094 -0.216747251442382 -0.856378337132749 -0.027922637299949
0 -0.0869123804061616 0.841308766219093 0.733636334436746 0.313083892308303 1.14459587957467 0.422033186404846 0.727917832607247
0 2.8968447863957 1.38873639537248 1.76925927551612 2.4126434554655 0.812137035016804 3.27936708344853 1.04945226789004
0 5.20504936994265 3.92230910215048 3.77180866592086 3.31039639650693 -2.02738571108557 4.67432839976916 -2.1009940348435
0 4.68293259827642 4.12185218405172 4.53349279437905 4.52884531728892 3.54280007015577 4.32298361902831 3.12208959385842
0 -0.410729973380235 -0.0701091158766607 -0.345436384354986 -0.129002093566774 -0.170382511852097 -0.590180445980079 -0.318694505068439
0 -0.077038855941244 -0.189773644385187 -0.398349043422141 -0.202223940559285 -0.388165215585967 -0.910605688479476 -0.105533846343277
0 3.9260606232608 3.39749744187993 3.71306596695823 3.68260498273974 2.9746233356507 3.57400685027895 2.63698293581427
0 0.0652736380146308 -0.0372673788503022 0.141804141364382 0.335009225190786 0.160989602250325 0.848088751416805 0.302807677334954
0 0.344605184386481 3.30155965755667 9.33693543319719 10.4613909449767 7.31851937446486 8.06065641966645 7.25027382247317
0 7.50736119152254 7.28729847141741 7.57075462308684 7.55788175214681 2.2067220517972 7.66356111025226 1.44074117428144
0 -0.0877883356343947 -0.120505989470612 -0.356711604422649 -0.166010395597443 -0.161668698767995 -0.805739367893944 -0.00161001016603812
0 -3.16165009781797 -1.01171412893717 -1.55126227871846 -1.5974115343066 -0.187844585510907 -1.69344012417002 -0.730189794836123
0 1.56093742237245 1.35094366081299 0.865926022548813 0.241605180959505 -2.20314053832458 -1.72694745627438 -1.301322364407
0 3.059264363316 2.53785287337315 2.83132736758035 2.80937416018349 2.28312825156958 2.68038517519094 2.05752995760327
0 0.435180505396374 0.760602806074502 1.09300656193518 0.322507197312937 0.544906199061554 0.837613915281249 0.346440437231685
0 2.91977314286783 3.70190033936456 3.29221228512832 1.93209811935491 -0.279641293907876 2.16214371069045 -0.336420925190371
0 -0.0823581439193757 -0.03408603262266 -0.241163542201918 -0.110553655433299 -0.00570587332942551 -0.631139601065898 0.0700061228351165
0 3.08933884848248 2.58919042008397 2.8578026710832 2.81946493358565 2.31612784431456 2.73697014551658 2.08353118435647
0 -0.663002122085603 0.0174246239505269 -2.51796649622467 -0.383046991449934 -2.2818565102089 -4.61951883179361 -2.13271331505923
0 -0.677079638300812 -0.000278784191749537 -1.84409187345584 -0.344024848753317 -1.44155307705448 -3.2828798969888 -1.42609987667723
0 1.54325300291597 1.50732883117157 1.50764677358475 -0.470355313707678 -0.957657354907507 -0.873184149251179 -0.276020733387751
0 2.97350186633286 3.33655717952972 3.21553992112276 1.62763846174652 0.876598113773255 0.710718612611695 0.833492100695851
0 0.337039461633269 0.112455552442788 0.32407990984298 0.085147927320133 0.0123843134405177 0.128986818920707 -0.211269004032813
0 2.28553585715367 1.87692390149316 2.06491891275191 1.99223726269225 1.69455614223532 2.00244545942681 1.55639642059211
0 4.274763072432 4.68812791172802 4.13348239834363 2.62903163954352 0.841060947581832 2.71033058827889 0.824738570790226
0 0.0318565594780731 0.0608091755331628 -0.0559138277588931 0.0306281515540536 0.13765082695676 -0.0850417068220501 0.157827521958621
0 -3.12119825384453 -4.45991511916389 2.33771395636346 0.537889186024735 1.01670072911288 0.600428267655364 0.718522492725441
0 -0.0779897733938872 -0.0454339763144 -0.262150820644899 -0.118933127875986 -0.06739396100867 -0.693626774576439 0.0420782539249682
0 -0.0197942715136064 0.0482665905193551 -0.111813999391511 -0.02214083699862 0.0781098632011075 -0.386267255529171 0.112118934644626
0 3.55137649604918 1.45084161809591 1.19668386440743 1.60417278558794 -1.24766542497171 3.61220680129068 -1.97779117054215
0 -0.0928463197902021 -0.130948204312957 -0.334361812913468 -0.126685400282228 -0.190764899968632 -0.712462495567241 -0.011823675552729
0 -0.0460822414345188 0.00231121779686383 -0.209893967426479 -0.111212255310197 -0.0882493725087699 -0.708935703063255 0.0297719312885132
0 3.08993042574832 2.59570976372687 2.86197345936415 2.81937248165576 2.31347400991286 2.76100577147337 2.08306204698538
0 3.07674209375751 0.909219009110344 1.68333061517152 1.87841764674726 0.862510710495033 3.9673695991982 0.829880763583743
0 1.84139679223271 1.55267428182073 0.877444225925202 1.30155161862424 -1.24953015800492 1.78284632876721 -1.79935214778334
0 -0.553639298717754 -0.0158916430261296 -0.703856516173943 -0.16577671006982 -0.549763539119879 -1.01656756507387 -0.686119906448631
0 1.43904913023463 1.50185680155816 0.803513755889501 0.308033164206059 -1.97242363697429 -2.05316984066941 -1.67223247054926
0 -0.0436147125021078 0.0236148336295989 -0.160680635906439 -0.0617148229683013 0.0190387285143898 -0.534025615268915 0.0812950348320132
0 0.0734221535710615 0.0999298714310077 -0.0455545606010848 0.045161614398963 0.104855899467614 -0.196211406705992 0.12835849722087
0 1.94834916845529 2.26378118021993 2.1777477272162 1.03352583992478 -0.0998380482361156 0.435386750313773 -0.044902166149841
0 0.0435655098837797 0.0839488784309688 -0.0645989695602012 0.0256682872700833 0.0953362909471354 -0.2602941392835 0.122495875922918
0 -0.467472009625472 0.00866437242517204 -0.709491689469044 -0.141544187661309 -0.865631077451495 -0.849494276752478 -0.996104696140263
0 -0.0604194380094274 -0.00784356936339936 -0.215701726790656 -0.101902945816213 -0.0448813553026515 -0.660047419968659 0.051145761153518
0 0.0567602486576217 0.0908389825880151 -0.0561817772590283 0.0344650601364869 0.0992329039477102 -0.233030929631421 0.124881391353167
0 -0.502365360244404 0.00689143653380642 -0.769096042636626 -0.150216441214267 -0.880941446852626 -0.939412835826548 -1.00163630535319
0 -0.0083905227697807 0.0550927060517035 -0.120461753935525 -0.0351317931447546 0.0361934003069768 -0.472485191252074 0.0885439751461883
0 0.0167990016725996 0.0720020445543104 -0.0970595593503494 -0.0157368579625308 0.0442301145025423 -0.42502943621648 0.0920549269346367
0 0.0617863278954713 0.0935087423901257 -0.0529995190648611 0.0377391322009357 0.100819761507537 -0.222291699612655 0.125858329116504
0 1.21174448926306 1.90661604672049 1.63871361679405 0.812133194277013 -0.897142053496921 0.608073529883587 -0.938711116279743
0 0.0318565594780731 0.0608091755331628 -0.0559138277588931 0.0306281515540536 0.13765082695676 -0.0850417068220501 0.157827521958621
0 0.347116380569926 0.417507711223391 0.325879387916962 0.384016769848851 0.48324212703897 0.393076203524837 0.347072632166984
0 -0.087723131106086 -0.0223553901914864 -0.215420178486998 -0.101219395847267 0.0518112637557202 -0.55843035695198 0.0958907494020975
0 2.37401177086295 2.3963322074661 1.82809557823039 1.94214897145271 1.23373255927339 1.17635366548778 1.17426844805205
0 0.0115369375911012 0.068064573751542 -0.101781126376935 -0.0188955189477036 0.0417576661048051 -0.434214736321298 0.0909997529335507
0 1.50026406159336 1.28835041736972 1.38229978699785 1.28519402434784 1.104734159125 1.46945997146289 1.0483671269537
0 0.4604458712155 0.655183665635859 -0.0696636736186402 -0.0886067366360628 -1.01030381372202 -1.87337899176077 -0.991827885255889
0 1.48666343318363 1.2508185125529 1.35483732372196 1.25650469371953 1.08606045885285 1.42344083654658 1.0358972056801
0 -0.381533008389245 -0.0122799449174731 -0.462241816375403 -0.109995036815695 -0.490351060856016 -0.621985236394907 -0.660057394512647
0 0.0814837878329779 0.104769234929737 -0.0401713988053216 0.050166795479873 0.108154290238954 -0.176505561014142 0.130418996554245
0 -0.575049238862412 0.00295987580385582 -0.91632912545519 -0.174547025231101 -0.916592206851713 -1.19005282509411 -1.01507000570668
0 -0.608490550877542 0.00104608081042024 -1.00353611727277 -0.194856774717079 -0.934159594775687 -1.3640435064456 -1.02261719560614
0 -0.410729973380235 -0.0701091158766607 -0.345436384354986 -0.129002093566774 -0.170382511852097 -0.590180445980079 -0.318694505068439
0 0.0712187966841995 0.0986768078460769 -0.0469823291862728 0.0437731897701372 0.104040876145725 -0.201318011786418 0.127851800352206
