0 -0.00315549301626028 0.00667876580570637 0.00614005427356412 0.0112751313648669 0.0127121251238207 -0.003904312554043 0.0190097880248321
0 -0.00315549301626028 0.00667876580570637 0.00614005427356412 0.0112751313648669 0.0127121251238207 -0.003904312554043 0.0190097880248321
0 -0.00315549301626028 0.00667876580570637 0.00614005427356412 0.0112751313648669 0.0127121251238207 -0.003904312554043 0.0190097880248321
0 1.60042808163506 1.62100047308965 0.494417903557398 -0.0856559073215859 -0.310868411272134 -0.845571949551871 1.6634802283216
0 0.0175545339007859 0.00566051592218164 0.0153074707179921 0.0132888986701047 0.00898324366644498 0.0204715935902184 0.0146400266495297
0 0 0 0 0 0 0 0
0 -0.18213773822253 -0.178772685524815 -0.00715105804757998 0.0101835892183018 0.00388880579275064 -0.0590475029026298 -0.181546757361837
0 0.0175545339007859 0.00566051592218164 0.0153074707179921 0.0132888986701047 0.00898324366644498 0.0204715935902184 0.0146400266495297
0 -0.00315549301626028 0.00667876580570637 0.00614005427356412 0.0112751313648669 0.0127121251238207 -0.003904312554043 0.0190097880248321
0 0.0175545339007859 0.00566051592218164 0.0153074707179921 0.0132888986701047 0.00898324366644498 0.0204715935902184 0.0146400266495297
0 -0.0253990062570226 0.0216947323550154 -0.00203595475867013 0.00701266193961381 -0.00559543540525453 -0.0397065559145506 -0.0109741240336034
0 0.0077004366284017 0.0151422469779616 0.00901803684834634 0.0109229399258832 0.0113151235117988 -0.0104503218461462 0.0227833948393936
0 0 0 0 0 0 0 0
0 0 0 0 0 0 0 0
0 -0.00315549301626028 0.00667876580570637 0.00614005427356412 0.0112751313648669 0.0127121251238207 -0.003904312554043 0.0190097880248321
0 0.943439349291788 0.960172622272442 0.316560563191043 -0.0479845812164204 -0.19590775103965 -0.574547956416502 0.990498586854283
0 -0.106156609056658 -0.100301318910901 -0.00130673396649517 0.0106166894014996 0.00746179135425251 -0.0365796368215343 -0.0971846774398828
0 -0.00315549301626028 0.00667876580570637 0.00614005427356412 0.0112751313648669 0.0127121251238207 -0.003904312554043 0.0190097880248321
0 0 0 0 0 0 0 0
0 0 0 0 0 0 0 0
0 0 0 0 0 0 0 0
0 -0.00261802879384998 0.0232207482357585 0.00337424142565057 0.00628960714453397 -0.00952994295101561 -0.0558027034306767 0.00833736258673756
0 0.0109914809500773 -0.026864270138657 -0.0244711152875103 -0.0495322792216575 -0.0576693633257968 0.0134734736734927 -0.104454560611152
0 0.0109914809500773 -0.026864270138657 -0.0244711152875103 -0.0495322792216575 -0.0576693633257968 0.0134734736734927 -0.104454560611152
0 0 0 0 0 0 0 0
0 -0.0868790224128286 -0.0803733195188312 0.000162233910764975 0.0107293761814726 0.00838122357694449 -0.0308131592169181 -0.0757246739105164
0 0 0 0 0 0 0 0
0 0 0 0 0 0 0 0
0 -0.0120997522643762 -0.00294178451515892 -0.0099638759629701 -0.00823187028765737 -0.0050301681663143 -0.0152616762094406 -0.00937290290868464
0 -0.309869918159948 -0.358278541058856 -0.0570412292822282 -0.0494905423218284 -0.0647555215977325 -0.0541952671001522 -0.460572873106346
0 -0.00315549301626028 0.00667876580570637 0.00614005427356412 0.0112751313648669 0.0127121251238207 -0.003904312554043 0.0190097880248321
0 -0.00315549301626028 0.00667876580570637 0.00614005427356412 0.0112751313648669 0.0127121251238207 -0.003904312554043 0.0190097880248321
0 -6.46531026951834 -6.57182942821902 -1.91586096434808 0.300407414160929 1.133801249418 3.0932822133904 -6.82299355944875
0 -0.0253990062570226 0.0216947323550154 -0.00203595475867013 0.00701266193961381 -0.00559543540525453 -0.0397065559145506 -0.0109741240336034
0 -0.00315549301626028 0.00667876580570637 0.00614005427356412 0.0112751313648669 0.0127121251238207 -0.003904312554043 0.0190097880248321
0 -0.444499208222042 -0.496872879980235 -0.0686806057261165 -0.049908216928261 -0.0697246678513612 -0.0890921361135431 -0.608671665805434
0 10.7014741944853 10.825300306751 3.30337633373676 -0.587947135472476 -2.10000667176406 -5.67056600716761 11.1187767901205
0 -0.00315549301626028 0.00667876580570637 0.00614005427356412 0.0112751313648669 0.0127121251238207 -0.003904312554043 0.0190097880248321
0 -0.353031111839147 -0.355066235995852 -0.0204450865463768 0.00923972673054774 -0.00400805500829371 -0.108868558528895 -0.370685370438583
0 -0.00761285333157202 0.0234980135999625 0.00208792691345039 0.00647154500779035 -0.00852938651232771 -0.0516456410093387 0.00426191690263034
0 0 0 0 0 0 0 0
0 -0.00315549301626028 0.00667876580570637 0.00614005427356412 0.0112751313648669 0.0127121251238207 -0.003904312554043 0.0190097880248321
0 -0.627709670196127 -0.685565455056559 -0.0846358078151268 -0.0505534648035657 -0.0765265744954884 -0.136341311831534 -0.810472452069811
0 0 0 0 0 0 0 0
0 -0.366864303517509 -0.369329817306471 -0.0215261958927386 0.0091643392515266 -0.00464260239000502 -0.11287748172663 -0.385975156855037
0 -0.0911987273288197 -0.0848397265251819 -0.000166218866752832 0.0107039810610479 0.00817453295914783 -0.0321087079650808 -0.0805362996199701
0 -6.31270095044124 -6.53226855999166 -1.87270242956123 0.298342030690534 1.1506403176173 3.1007836204888 -6.63382841561651
0 -0.00315549301626028 0.00667876580570637 0.00614005427356412 0.0112751313648669 0.0127121251238207 -0.003904312554043 0.0190097880248321
0 0 0 0 0 0 0 0
0 -0.0552643912579716 -0.0979653096708799 -0.0446719929064625 -0.0459311836561684 -0.0448060794858653 0.0436473268234003 -0.185523933082751
0 -0.0137306217862814 -0.229735155341101 -0.00265688176192347 -0.0280581242136466 0.018183536717669 0.0846268445421212 -0.0580900573816514
0 -0.430478322022318 -0.473127917893132 -0.0599611035348375 -0.03797028568997 -0.0561847887887921 -0.0924526825524659 -0.566410353985728
0 -0.00315549301626028 0.00667876580570637 0.00614005427356412 0.0112751313648669 0.0127121251238207 -0.003904312554043 0.0190097880248321
0 0 0 0 0 0 0 0
0 -10.1024291058508 -10.2557734191296 -2.94296410382157 0.480209639680979 1.75470633557023 4.68749322405594 -10.6215548575135
0 -0.0253990062570226 0.0216947323550154 -0.00203595475867013 0.00701266193961381 -0.00559543540525453 -0.0397065559145506 -0.0109741240336034
0 -0.136496022096706 -0.131646366406626 -0.00363200039205358 0.0104420524574613 0.0060272635833889 -0.0455911351783906 -0.130904597566908
0 -5.75806351130807 -5.86224505672627 -1.71689058629187 0.256340659745973 0.999829616866663 2.77258440623957 -6.10405881946967
0 0.0109914809500773 -0.026864270138657 -0.0244711152875103 -0.0495322792216575 -0.0576693633257968 0.0134734736734927 -0.104454560611152
0 0.00247229035319174 0.0111504375261275 0.0075694649887863 0.0111052315839539 0.0120463165204385 -0.00699908081161116 0.0212195693296371
0 0 0 0 0 0 0 0
0 -0.00315549301626028 0.00667876580570637 0.00614005427356412 0.0112751313648669 0.0127121251238207 -0.003904312554043 0.0190097880248321
0 -0.395012012084962 -0.436381824268126 -0.0562071313758481 -0.0380068497250026 -0.0555530167849505 -0.0853876806576053 -0.526711460658119
0 0.0175545339007859 0.00566051592218164 0.0153074707179921 0.0132888986701047 0.00898324366644498 0.0204715935902184 0.0146400266495297
0 0.0175545339007859 0.00566051592218164 0.0153074707179921 0.0132888986701047 0.00898324366644498 0.0204715935902184 0.0146400266495297
0 0 0 0 0 0 0 0
0 0.0204222201728936 0.00933983553690876 0.0162525378641925 0.0131412968659643 0.0083408131157503 0.0191219477055826 0.0178483320107019
0 -0.730527838677725 -0.714770851151824 -0.0567022935864436 0.00304560988334446 -0.0392026353901072 -0.249089362033471 -0.787445055502059
0 -6.79278713615415 -7.02088349541086 -1.99355059352489 0.316817213138421 1.21499040725449 3.25697735283518 -7.14157277513918
0 -0.471568641235933 -0.447496862613467 -0.0360991641780837 0.00438329634156576 -0.0275886214288947 -0.175516198425294 -0.503111164349125
0 2.87983627440362 2.83467807311064 0.866056236253499 -0.157236034422354 -0.52634158861531 -1.41159923531227 2.99925378278694
0 -0.00315549301626028 0.00667876580570637 0.00614005427356412 0.0112751313648669 0.0127121251238207 -0.003904312554043 0.0190097880248321
0 -3.49052283402858 -3.55215490071394 -0.970615063546788 0.147643989896181 0.548460508733939 1.44626304343105 -3.70099292174993
0 -0.00315549301626028 0.00667876580570637 0.00614005427356412 0.0112751313648669 0.0127121251238207 -0.003904312554043 0.0190097880248321
0 0.0175545339007859 0.00566051592218164 0.0153074707179921 0.0132888986701047 0.00898324366644498 0.0204715935902184 0.0146400266495297
0 -0.00315549301626028 0.00667876580570637 0.00614005427356412 0.0112751313648669 0.0127121251238207 -0.003904312554043 0.0190097880248321
0 -0.00315549301626028 0.00667876580570637 0.00614005427356412 0.0112751313648669 0.0127121251238207 -0.003904312554043 0.0190097880248321
0 0.013110206636016 0.0190177248600305 0.0107064951087565 0.0106958944847682 0.0103815353577064 -0.0149267151135732 0.0236332803690442
0 -0.00315549301626028 0.00667876580570637 0.00614005427356412 0.0112751313648669 0.0127121251238207 -0.003904312554043 0.0190097880248321
0 -0.00315549301626028 0.00667876580570637 0.00614005427356412 0.0112751313648669 0.0127121251238207 -0.003904312554043 0.0190097880248321
0 0 0 0 0 0 0 0
0 0 0 0 0 0 0 0
0 -0.9572898021122 -0.985683043127665 -0.232965062697531 0.0201730221924663 0.0980321092365557 0.261732414117688 -1.05435385385798
0 -14.4272014778145 -14.6427341454165 -4.19883498396375 0.689052442761053 2.50817072422571 6.68676552019825 -15.1558928444493
0 0.00318866086772029 0.0117080212455938 0.0077600576283543 0.0110818534866093 0.011953497085015 -0.00743428150278547 0.0214658382698083
0 -0.00315549301626028 0.00667876580570637 0.00614005427356412 0.0112751313648669 0.0127121251238207 -0.003904312554043 0.0190097880248321
0 -8.58349490285515 -8.79541560770501 -2.5204804875065 0.410991082229557 1.53040193148638 4.08877634103044 -9.00804019283432
0 -0.0669093549280686 -0.0597163496556736 0.00167387420239917 0.010848148438837 0.00934306148442321 -0.0247915965853243 -0.0534534485786198
0 0.00409816053806278 -0.0887459785710627 -0.0125486950215929 -0.0153313560025561 0.029688165434866 0.0164473090384365 0.0515144790910718
0 0.0346138432275835 -0.178440250520741 0.00236313714355418 -0.0281101029187063 0.0192154416082775 0.094879603266576 -0.00494794162009793
0 -0.00315549301626028 0.00667876580570637 0.00614005427356412 0.0112751313648669 0.0127121251238207 -0.003904312554043 0.0190097880248321
0 -0.00315549301626028 0.00667876580570637 0.00614005427356412 0.0112751313648669 0.0127121251238207 -0.003904312554043 0.0190097880248321
0 -0.00315549301626028 0.00667876580570637 0.00614005427356412 0.0112751313648669 0.0127121251238207 -0.003904312554043 0.0190097880248321
0 0 0 0 0 0 0 0
0 -0.00315549301626028 0.00667876580570637 0.00614005427356412 0.0112751313648669 0.0127121251238207 -0.003904312554043 0.0190097880248321
0 1.82847215939595 1.80999203297484 0.645009623107462 -0.16636151363034 -0.51096734174672 -1.3196506577482 1.77595577994753
0 -0.0156014564378419 0.0145163805668638 0.00548628001971529 0.00721186463485068 -0.0194351811450226 -0.0150087428023533 -0.0500254629831938
0 -6.50101147484551 -6.6080526302417 -1.92620583656308 0.302126022902868 1.13999846245974 3.10970024067917 -6.86045124982073
0 0 0 0 0 0 0 0
0 0 0 0 0 0 0 0
0 -0.00315549301626028 0.00667876580570637 0.00614005427356412 0.0112751313648669 0.0127121251238207 -0.003904312554043 0.0190097880248321
0 9.52275667863297 9.55694061964441 2.93240812456736 -0.512839160181912 -1.8266205783132 -4.97059280316782 9.93108941217656
0 0 0 0 0 0 0 0
0 0 0 0 0 0 0 0
0 -0.433122048966081 -0.437639753159095 -0.0267113510320036 0.0088046483470916 -0.00767549799267897 -0.132046358117961 -0.459181706297534
0 0.0707337536969921 -0.138198676574707 0.00719395212111618 -0.0283715694277116 0.0189185340194773 0.0992667446092321 0.0349428510847618
0 -0.00171100873189856 0.00784045369157083 0.00649657658257174 0.0112336239130419 0.0125509094391241 -0.00464915030569113 0.0196189797828259
0 -0.124251788542205 -0.138971556626527 0.00515968235234121 0.0123299644170625 0.00147913688787948 -0.0228136502008836 -0.140830466484848
0 0.000224467120197414 -0.0573750225785981 0.000304536764452745 -0.00713185149031936 0.00388676032888391 0.0126284330104811 -0.00703063253345171
0 -0.00315549301626028 0.00667876580570637 0.00614005427356412 0.0112751313648669 0.0127121251238207 -0.003904312554043 0.0190097880248321
0 -13.7394843218287 -13.9449386181552 -4.00171012018403 0.656496836711412 2.39103429455096 6.37797854520325 -14.4342021479386
0 -0.00315549301626028 0.00667876580570637 0.00614005427356412 0.0112751313648669 0.0127121251238207 -0.003904312554043 0.0190097880248321
0 -0.00315549301626028 0.00667876580570637 0.00614005427356412 0.0112751313648669 0.0127121251238207 -0.003904312554043 0.0190097880248321
0 -6.46077414953507 -6.5450455417658 -1.90138188438317 0.312496778842032 1.14397804492889 3.05081717270646 -6.76659246842891
0 -0.00218189592175433 0.0295389206919054 0.0061211371876424 0.00737163853760814 -0.018201377199095 -0.00936256279924308 -0.0359647207959797
0 0.0175545339007859 0.00566051592218164 0.0153074707179921 0.0132888986701047 0.00898324366644498 0.0204715935902184 0.0146400266495297
0 -0.0253990062570226 0.0216947323550154 -0.00203595475867013 0.00701266193961381 -0.00559543540525453 -0.0397065559145506 -0.0109741240336034
0 -0.00315549301626028 0.00667876580570637 0.00614005427356412 0.0112751313648669 0.0127121251238207 -0.003904312554043 0.0190097880248321
0 -0.0814846776036351 -0.0747948842414674 0.00057173455817372 0.0107612234576338 0.00863995329224965 -0.0291921408126328 -0.0697133415786428
0 0 0 0 0 0 0 0
0 0 0 0 0 0 0 0
0 -0.527539911781596 -0.534960433124829 -0.0341162781414619 0.00829533588419906 -0.011982427909996 -0.159285593883435 -0.563436684201978
0 -0.099289138759735 -0.113411524229623 0.00705305743672602 0.0124802613543475 0.00269322448400722 -0.0154960291290416 -0.113455179960793
0 0 0 0 0 0 0 0
0 -8.6628272574788 -8.79056277539482 -2.52748150806514 0.417078308513169 1.51519853438612 4.03981550287327 -9.09775652864192
0 -0.0343654369603623 -0.0260007205350501 0.00409895995658927 0.0110494877165546 0.0109463774530676 -0.0147951434339526 -0.0170031880123531
0 -0.46546105477231 -0.470975544343871 -0.0292457176461403 0.00862982086040409 -0.00915242717381792 -0.141385080769796 -0.494897678563949
0 -0.00667361600794214 0.02347957102333 0.00232429528436517 0.00643862196049838 -0.00870993905961903 -0.0523927641363748 0.00503701080990826
0 -10.0576704249675 -10.3733027907867 -2.91357168456504 0.462617438822861 1.75737409103425 4.68101623231982 -10.5801271520043
0 -0.00315549301626028 0.00667876580570637 0.00614005427356412 0.0112751313648669 0.0127121251238207 -0.003904312554043 0.0190097880248321
0 -0.150167428830197 -0.110840940170363 -0.0585669416050405 -0.0402532420753232 -0.0270215762085706 -0.0837559927105311 -0.147030010575905
0 -10.9292340981964 -11.1102112829558 -3.19721300314583 0.500684121296018 1.87869186055177 5.08679896259513 -11.5337773578754
0 0.0707337536969921 -0.138198676574707 0.00719395212111618 -0.0283715694277116 0.0189185340194773 0.0992667446092321 0.0349428510847618
0 0 0 0 0 0 0 0
0 -0.00315549301626028 0.00667876580570637 0.00614005427356412 0.0112751313648669 0.0127121251238207 -0.003904312554043 0.0190097880248321
0 1.32579645503643 1.35435125931928 0.452326094746613 -0.0774783075807086 -0.303618415001697 -0.875187416225151 1.38375153941091
0 -0.0797570446414997 -0.049820098352507 -0.0038247285807671 0.00615219324489447 -0.0115350766846642 -0.0711178858918728 -0.0746470553562375
0 0 0 0 0 0 0 0
0 -0.155586393979304 -0.151355380707091 -0.00509643781015967 0.0103408299808008 0.0051384053578043 -0.0512367681318802 -0.152084459994018
0 -0.100163908579841 -0.0941075535716034 -0.000849249140979946 0.0106515501512461 0.00774682868725352 -0.03479104168325 -0.0905169316819534
0 -0.0253990062570226 0.0216947323550154 -0.00203595475867013 0.00701266193961381 -0.00559543540525453 -0.0397065559145506 -0.0109741240336034
0 -1.41936603164171 -1.43991546173585 -0.415736375857982 0.0685979412448585 0.249734136215919 0.667896244281883 -1.49469617592345
0 0 0 0 0 0 0 0
0 -0.0253990062570226 0.0216947323550154 -0.00203595475867013 0.00701266193961381 -0.00559543540525453 -0.0397065559145506 -0.0109741240336034
0 -0.00315549301626028 0.00667876580570637 0.00614005427356412 0.0112751313648669 0.0127121251238207 -0.003904312554043 0.0190097880248321
0 -0.088102143156886 -0.0816380408052129 6.92788559364388e-05 0.010722176237846 0.00832265629282247 -0.031180212729256 -0.0770872683090311
0 -0.00315549301626028 0.00667876580570637 0.00614005427356412 0.0112751313648669 0.0127121251238207 -0.003904312554043 0.0190097880248321
0 -0.046502299114461 -0.0386356837558814 0.003249178526473 0.0109717259056379 0.0103099921319503 -0.01876570947416 -0.0307859833930744
0 -0.463339724702299 -0.48666853847417 -0.0210436033464663 0.0103980435164748 -0.0144926099756848 -0.120757667508399 -0.512733423555435
0 -0.0253990062570226 0.0216947323550154 -0.00203595475867013 0.00701266193961381 -0.00559543540525453 -0.0397065559145506 -0.0109741240336034
0 -0.00315549301626028 0.00667876580570637 0.00614005427356412 0.0112751313648669 0.0127121251238207 -0.003904312554043 0.0190097880248321
0 0.0175545339007859 0.00566051592218164 0.0153074707179921 0.0132888986701047 0.00898324366644498 0.0204715935902184 0.0146400266495297
0 -0.129665623685217 -0.124591138980622 -0.00310733771719018 0.0104811320702272 0.00634913158116346 -0.0435679326125076 -0.123317873012501
0 -0.00315549301626028 0.00667876580570637 0.00614005427356412 0.0112751313648669 0.0127121251238207 -0.003904312554043 0.0190097880248321
0 0.0175545339007859 0.00566051592218164 0.0153074707179921 0.0132888986701047 0.00898324366644498 0.0204715935902184 0.0146400266495297
0 -10.0673151009503 -10.1944010438948 -2.9502604433083 0.475727148885539 1.75871214720803 4.67861784636693 -10.546211696151
0 -0.00315549301626028 0.00667876580570637 0.00614005427356412 0.0112751313648669 0.0127121251238207 -0.003904312554043 0.0190097880248321
0 -0.0630652809693397 -0.0203614246025006 -0.00449751084951044 0.00670651539497102 -0.00803050738762678 -0.0538270028615426 -0.053147518605106
0 -0.0253990062570226 0.0216947323550154 -0.00203595475867013 0.00701266193961381 -0.00559543540525453 -0.0397065559145506 -0.0109741240336034
0 -0.00315549301626028 0.00667876580570637 0.00614005427356412 0.0112751313648669 0.0127121251238207 -0.003904312554043 0.0190097880248321
0 -0.00315549301626028 0.00667876580570637 0.00614005427356412 0.0112751313648669 0.0127121251238207 -0.003904312554043 0.0190097880248321
0 -9.22693568684589 -9.37203761850192 -2.67325665907423 0.429407502799776 1.57917955988772 4.22156885646166 -9.71687420510685
0 -0.05658118151212 -0.0158452351711693 -0.0478708959844134 -0.0405130237242997 -0.0260502859154537 -0.0688615809089295 -0.0453922972460057
0 -0.00315549301626028 0.00667876580570637 0.00614005427356412 0.0112751313648669 0.0127121251238207 -0.003904312554043 0.0190097880248321
0 -0.0456562676838939 -0.0377084899406586 0.00326534606593532 0.0109780642927326 0.0103828860300776 -0.0183003297774738 -0.0296806942679368
0 0.0141981967693154 0.0197508061277047 0.0110805174012465 0.0106432503549425 0.0101616134881297 -0.0159914879816676 0.0236645996226246
0 -0.00315549301626028 0.00667876580570637 0.00614005427356412 0.0112751313648669 0.0127121251238207 -0.003904312554043 0.0190097880248321
0 -10.0729322221395 -10.2310786942963 -2.90866517766771 0.467665388613284 1.71593511297039 4.5762315028028 -10.606823881259
0 -0.509044650622978 -0.533973518095715 -0.0249886374760178 0.0102421730824638 -0.0161859528946349 -0.132677262790327 -0.562901339108187
0 -0.479834440981489 -0.485204744224093 -0.0307994755608374 0.00864712654178934 -0.00939730990582488 -0.143476689489385 -0.509007808001507
0 3.77307848632736 3.81298592425614 1.22502486910183 -0.21292876040337 -0.79712494918501 -2.20029347291053 3.91740819937234
0 -0.435887597653343 -0.440490658605128 -0.0269279986348394 0.00878968033822369 -0.0078018804690827 -0.132845387211274 -0.46223638863877
0 -0.404618983652528 -0.408255624531146 -0.0244794703837594 0.00895911705549768 -0.00637201269293275 -0.123806440716926 -0.427694667056745
0 -0.384115332689858 -0.387681107260586 -0.0224555068354726 0.00898541933657526 -0.00582506646607639 -0.11987742454562 -0.406740449630156
0 -4.85016533434347 -4.97794202183431 -1.33855005353107 0.20820165557916 0.777369821587598 1.97953486690645 -5.08168033791998
0 -0.226452727924735 -0.224507030866554 -0.0105842456414686 0.00993596768328375 0.00182784322426022 -0.0720342897812376 -0.23065027734983
0 -1.97383851002647 -2.01325452847532 -0.491782430582488 0.0869582203305441 0.275910782126834 0.67288914011761 -2.08851169164858
0 -0.30037986496949 -0.30076950103093 -0.0163356893665152 0.00952777182056597 -0.00158776258297344 -0.0935838577680972 -0.312467929385832
0 -13.3661148832338 -13.5653654084945 -3.90183787474356 0.64062549832984 2.33483952996849 6.2358321430258 -14.0399699685144
0 1.83575595309813 1.86029384748457 0.635216239206037 -0.106136019195264 -0.413079856819413 -1.19834782479766 1.90911569180774
0 2.18176321852851 2.19717184465104 0.782462202570811 -0.129694082256839 -0.516633414902264 -1.48178819239774 2.25304198592686
0 0 0 0 0 0 0 0
0 0 0 0 0 0 0 0
0 0.0175545339007859 0.00566051592218164 0.0153074707179921 0.0132888986701047 0.00898324366644498 0.0204715935902184 0.0146400266495297
0 -0.423326603978436 -0.445614294309313 -0.0179268456987711 0.0106204144813713 -0.0126344671375769 -0.109274454363017 -0.468845902921947
0 -0.0348327243182913 -0.067155660717646 -0.031611383092363 -0.0349602083058156 -0.0350151507185443 0.0292737583055183 -0.134937901973926
0 -0.00315549301626028 0.00667876580570637 0.00614005427356412 0.0112751313648669 0.0127121251238207 -0.003904312554043 0.0190097880248321
0 0 0 0 0 0 0 0
0 -0.120837658448123 -0.115471323108185 -0.00243018010048779 0.0105318319329082 0.00676601202327198 -0.0409485316671967 -0.113508566538783
0 1.33008290260142 1.33297112389656 0.485932160212272 -0.100673278386552 -0.351962469353737 -0.984273089293993 1.33710165747803
0 -0.281696965743058 -0.282267561582483 -0.0143089344069103 0.00951474456209001 -0.00125980512496193 -0.0908753744581405 -0.294114203363469
0 -13.5245482570501 -13.7297575203497 -3.89996163654587 0.636141107344457 2.31276772043137 6.13947857561485 -14.2186251950954
0 -0.00473128428803937 0.00210307600998316 0.00823797762388434 0.0108414957554932 0.0106036074486235 -0.01491278604776 0.0083630219137758
0 -0.248753521289012 -0.247084927074438 -0.0126277303494371 0.00988375759648186 0.00109810206080985 -0.0770432801205101 -0.254048708319786
0 0 0 0 0 0 0 0
0 -1.35601944834947 -1.39337825610442 -0.40917089830746 0.0455698187517548 0.216373190777855 0.645721946713074 -1.47961932489169
0 0.0126066532175071 0.0186721067067372 0.0105380899370111 0.0107193064637796 0.0104789302454784 -0.0144563673814551 0.0235997236840237
0 -0.0297693824590803 -0.024922286782572 0.00717935221937616 0.0105229989369326 0.00861644935979156 -0.0264582054589724 -0.0229516916577714
0 -0.234866758328707 -0.20970756712211 -0.0161923344244199 0.00536296013943538 -0.0184581295978248 -0.115043800398292 -0.244899403841628
0 -0.473196518707343 -0.496568778789498 -0.0215854210585884 0.0103029683994009 -0.0151777398301447 -0.124228388188413 -0.523528814519153
0 1.74331096955376 1.73977734836084 0.512638126956318 -0.121084777930701 -0.363478433650133 -0.881372682498743 1.73771532729159
0 -0.40595411115596 -0.409632078749231 -0.0245839732228466 0.00895187301284883 -0.00643310906528116 -0.12419261119032 -0.429169738269362
0 -0.239574357021841 -0.238045766263303 -0.011603161200116 0.00986312382522803 0.00121978985564253 -0.0758684350513805 -0.245180254753885
0 -0.0254035836060376 -0.0659562687585629 -0.0357455446037256 -0.047507147862512 -0.0504149352306844 0.0306304934959853 -0.149087017543153
0 10.9252815992267 11.0658369727643 3.39548589785997 -0.584923530497321 -2.13591834590861 -5.83991414748053 11.3918097875043
0 0.0175545339007859 0.00566051592218164 0.0153074707179921 0.0132888986701047 0.00898324366644498 0.0204715935902184 0.0146400266495297
0 -0.0981300875315534 -0.068269940519647 -0.00536561781679001 0.00608020538639709 -0.0122528899235053 -0.0758618738380115 -0.0946845633577742
0 9.87262440006481 10.0025098579852 3.06438546369486 -0.52365199374627 -1.92066534347884 -5.24961625503715 10.3067584217811
0 -0.246794978859751 -0.245495384569917 -0.0121642483818594 0.00982311893842258 0.000885556009833532 -0.0779764206321523 -0.253174269999291
0 -0.74525260416277 -0.758840983139583 -0.0515618731689949 0.00721414362686579 -0.0215402037801375 -0.220283906292514 -0.802259394848713
0 -0.463614745121337 -0.451986697125025 -0.0285139203326539 0.00447483942414983 -0.0418646568073817 -0.148889226828172 -0.538236421955532
0 -0.0423843808210265 -0.0551653444598346 0.0113666096383538 0.0128343692471198 0.00547906767374817 0.00123124435387778 -0.051054699024077
0 0.0175545339007859 0.00566051592218164 0.0153074707179921 0.0132888986701047 0.00898324366644498 0.0204715935902184 0.0146400266495297
0 -12.7669581351308 -12.9642900509824 -3.68351922730213 0.59584587125417 2.17751026659209 5.79531100769086 -13.4329755534356
0 -0.337731690898863 -0.339492102705528 -0.0190905629802627 0.00929931092970104 -0.00344198682377916 -0.105174822605351 -0.354386372438989
0 -0.661136771133546 -0.690713387361379 -0.0374977234028711 0.00955570301252751 -0.0225249164454948 -0.174301657423699 -0.729781136260439
0 -0.00315549301626028 0.00667876580570637 0.00614005427356412 0.0112751313648669 0.0127121251238207 -0.003904312554043 0.0190097880248321
0 7.67086468481148 7.76738308353521 2.38020293776427 -0.413431167980633 -1.5012917965567 -4.09177339756403 7.99039069075968
0 -0.394976003772119 -0.367655272889389 -0.030130397648144 0.00481197564421088 -0.0239836617394253 -0.152988375631879 -0.418806244504356
0 -6.25128919265195 -6.3546816521021 -1.85380665946893 0.290094824184322 1.0966097865753 2.99472191467396 -6.5984516347272
0 -0.476984204998641 -0.482853198175714 -0.0301492736465421 0.00856762733417105 -0.00967822368862103 -0.144710293293682 -0.507622089383041
0 -0.00315549301626028 0.00667876580570637 0.00614005427356412 0.0112751313648669 0.0127121251238207 -0.003904312554043 0.0190097880248321
0 -1.32542894561817 -1.34657952129523 -0.389029106881926 0.0642860138187373 0.234123551994312 0.624552009010566 -1.40202277089042
0 -0.386204060115411 -0.364381831689823 -0.0284866079781265 0.00463630055403952 -0.0248933300649488 -0.156429931266405 -0.410673697139419
0 -0.633053046894966 -0.643300884601516 -0.0426845338254891 0.0078007127134061 -0.0164991459938788 -0.188292758567237 -0.678696676102508
0 1.84813802396023 1.81804467754147 0.658095958754657 -0.124716425209058 -0.445767626218299 -1.28114613489616 1.90463802102279
0 -12.2256899623732 -12.409472003445 -3.56156570528096 0.58325776079208 2.12673029763172 5.67616379370132 -12.8473569116756
0 -1.429443198179 -1.45667617000414 -0.337825532373614 0.0548818013524084 0.176249496417356 0.408194935220692 -1.5162483077912
0 -13.0431213955978 -13.2348759453312 -3.75558332012973 0.620948867373016 2.2380398324264 5.91408014026958 -13.6949923712512
0 -0.0452625843329133 -0.0762799444199498 -0.0266422587705182 -0.0366515577263873 -0.0417940755851549 0.00772245330118349 -0.141788007082648
0 -10.2463898894061 -10.4014301501601 -3.01448021874748 0.505066383221134 1.82236218955163 4.87342782852556 -10.7408000977425
0 -0.295169781369165 -0.313864055296758 -0.00766476453445319 0.0112856676989699 -0.00696029499751161 -0.0732792190141178 -0.328261338135731
0 -9.55567698974858 -9.69932559948681 -2.80410420396534 0.458838221214307 1.68007776751313 4.50555404468072 -10.0421877959113
0 -0.319573997777282 -0.320660440239616 -0.0177525310446156 0.00941469349700075 -0.00253339171046951 -0.0995255793253107 -0.333988240657358
0 -0.289729572146793 -0.289327018279104 -0.0158321171519229 0.00966505087599678 -0.000773398535651282 -0.0888997185744316 -0.299315264005037
0 -0.198372410340172 -0.215591820864232 -0.001138249686504 0.012058709021769 -0.00136839664501087 -0.0424298460730141 -0.222181581593389
0 -0.590886572005835 -0.599794310758615 -0.0394127943200511 0.00803279207251606 -0.0145465476870128 -0.175965010645086 -0.632003803900745
0 -12.2900609460845 -12.4708107107729 -3.573145044049 0.590310355011127 2.13922582419994 5.68927533178703 -12.9035602616783
0 0.579395719962349 0.541086367591205 0.203188211147676 -0.0415229951477301 -0.13471791514705 -0.387293426348762 0.595281215935572
0 -0.010015016808369 -0.000652353904365022 0.00582336635073588 0.011218402355214 0.0122301766291986 -0.00688509629122835 0.0106353322580715
0 0 0 0 0 0 0 0
0 -0.815649438835976 -0.818366196503632 -0.220284647422091 0.0247333379956132 0.110991126618686 0.275347557607205 -0.856858042811822
0 -12.8650729983275 -13.0691901323054 -3.68679470067185 0.588641079399764 2.16005898697495 5.74401553720546 -13.5524195049065
0 -0.291630399063132 -0.310820658488705 -0.00796492132926785 0.0114358280337488 -0.00617706674035068 -0.070529885260294 -0.324429469425893
0 -0.214658523639405 -0.212038825512953 -0.00988155572847527 0.0100530405417034 0.00258595427579067 -0.0675517776262589 -0.216694067998858
0 11.381483550038 11.5272311423311 3.5471275701164 -0.611811926882481 -2.23528429970828 -6.11858381189069 11.865413401916
0 -0.267335658751082 -0.266981625934579 -0.0135325533230981 0.00967153515012065 -0.000265418273624807 -0.0850427218484833 -0.276806133059995
0 -0.521741571514282 -0.498872027569099 -0.0401562632444339 0.00414084335404841 -0.0297498145300694 -0.189368104004501 -0.55809347898805
0 -0.282936470847168 -0.330416923244805 -0.0541683952461391 -0.0495057799809109 -0.0642701444434657 -0.0489374089736865 -0.430556366880598
0 -0.0343654369603623 -0.0260007205350501 0.00409895995658927 0.0110494877165546 0.0109463774530676 -0.0147951434339526 -0.0170031880123531
0 -0.194415731402536 -0.191488854321668 -0.0080596802855295 0.01011474867687 0.00329058725047782 -0.0628306490196024 -0.195291775371105
0 7.12886046696734 7.25206826552255 2.23635002135 -0.42409686801129 -1.46504028797172 -4.033621669594 7.44202010502597
0 -10.6657764919592 -10.8345245889717 -3.12060768896352 0.499468252388894 1.85007837989055 4.98121431494869 -11.2329490137357
0 -0.969660776666842 -1.00479245459442 -0.2132975668151 0.00795766146072197 0.065619249338738 0.175429746118397 -1.08730548629001
0 -0.524479522966163 -0.531809353896586 -0.0338645473539301 0.00831786706455651 -0.0118412077833407 -0.158440265900725 -0.560072638013302
0 2.85728710078055 2.88645658932003 0.947972393855309 -0.172236080864849 -0.626909264589557 -1.74540071428527 2.95025239941862
0 -0.527777935400438 -0.534984912783296 -0.0342899417208113 0.00833386351504206 -0.0118360121048084 -0.158595730175561 -0.563039060324759
0 10.0261546958605 10.1064569539019 3.13203776975431 -0.54478333180306 -1.97349505546103 -5.41199646697447 10.4562830211723
0 2.95443352562475 2.99130206186089 0.996519302096942 -0.178033437473374 -0.658810757216656 -1.85709978435744 3.06702945239417
0 -0.094322730549 -0.0536503981471164 -0.00681684863010235 0.00650530286569806 -0.0096628043269571 -0.0637558859157639 -0.0877347369041535
0 -0.112422222628651 -0.154620223188418 -0.0382591505020899 -0.049237768124506 -0.0591417808568333 -0.00849878100473811 -0.242238483483147
0 5.5754248463483 5.56319961439293 1.69418546774722 -0.298905143796119 -1.04321424508936 -2.81916218408766 5.81448245409227
0 -2.32533781494416 -2.34584528875316 -0.628757737107567 0.0832642871628595 0.333793304595003 0.840849218382147 -2.44562981147534
0 -0.614164797054578 -0.62399200648466 -0.0410869436447232 0.00787651826740765 -0.0157498492212782 -0.18340416817611 -0.658321304632974
0 -8.00968139201451 -8.1444823817618 -2.30769930803744 0.358324079541518 1.34063231903434 3.60329589110731 -8.46205620661047
0 -0.541344656768472 -0.549424606090726 -0.0350150597830856 0.00819199631667411 -0.0127712773320185 -0.164128007039019 -0.579392683578783
0 8.13626978293112 8.24033094984773 2.50156015136938 -0.432403910817442 -1.56805336429628 -4.25828009807231 8.48133342195558
0 1.05808105621391 1.05505051873718 0.325935799888057 -0.0797268826087247 -0.23973768889465 -0.588791670301873 1.04921312999974
0 -0.516567174618044 -0.541374141090303 -0.0252548704891105 0.010133375790514 -0.0168711610402648 -0.135779469665526 -0.571126316302472
0 -0.537356770086598 -0.562694703600942 -0.0268731733872203 0.0100121372167905 -0.0178454736456324 -0.141768180311057 -0.593926891772307
0 10.0333798129596 10.1493075755443 3.08977091467361 -0.550729253423469 -1.96330142507031 -5.29211167087236 10.4240455394633
0 12.1842521956477 12.3348368427508 3.77810224148556 -0.659243816615131 -2.38680619006234 -6.49545639934391 12.6876086024055
0 10.2488343327538 10.376535186412 3.14747811993306 -0.548394829632073 -1.97844194234955 -5.35810721966209 10.6753975698579
0 8.76005719159579 8.82416819276983 2.68978938933637 -0.468334456497189 -1.67266796088812 -4.58038353078942 9.17050000383473
0 -0.624194362845147 -0.633998377101233 -0.0421245948503151 0.00786909918540557 -0.0159792249233304 -0.185107913887921 -0.668394472048887
0 12.8908313975894 13.0546821383359 3.99770623869395 -0.691259508948718 -2.51618105555204 -6.86490468854691 13.4369315190751
0 15.2592025737773 15.4780642197663 4.68829357569803 -0.819362877137223 -2.94853487700988 -8.03191115515256 15.9432882734627
0 -0.688362374710097 -0.70108727321972 -0.0464523367544527 0.00738011682275319 -0.0195643305347342 -0.206985807667389 -0.742104280251248
0 -0.169025157830249 -0.165236352969221 -0.00613799929716663 0.0102574274966019 0.0045012522401624 -0.0551913880612722 -0.167005910984774
0 -0.0370252589317261 -0.0287601563695929 0.00390361884352108 0.0110324521950749 0.0108126661154699 -0.0156258219089112 -0.0199938742547121
0 -0.384502407968071 -0.387334065501143 -0.0230312454006016 0.00910226684412763 -0.00532095057332205 -0.117366283876751 -0.404925246280285
0 7.52233122240564 7.63333670099043 2.30687499555722 -0.404759085424089 -1.45161149558918 -3.95265652446295 7.86132820326536
0 10.9617061253086 11.0565059708645 3.37633534488184 -0.583013417787555 -2.10811484075815 -5.74814483597522 11.4433567240436
0 -0.306075653537815 -0.306813705322825 -0.0166443799745051 0.00947747122137033 -0.00196388700273387 -0.0958678053573312 -0.319284215229689
0 -0.294863933323955 -0.314305520841417 -0.00838050897601672 0.0114549567367463 -0.00615128097330908 -0.070965001617687 -0.327990380474967
0 10.1655877540319 10.2917652792098 3.12835683855472 -0.545657110970737 -1.96918426039187 -5.33745843672901 10.5869793835859
0 12.0417661245116 12.202089203608 3.75201928439745 -0.646444694754052 -2.36309956763571 -6.46958417061597 12.5683370276171
0 8.9640890102495 9.07465399343658 2.8200501764475 -0.492184728631429 -1.79332846576892 -4.91698638548354 9.33061473546599
0 -0.625976518753536 -0.636121534215305 -0.0420470065406753 0.00781963396520702 -0.016257180282099 -0.186650862922054 -0.671227062932949
0 -9.96881873671296 -10.1039644456083 -2.90287805065148 0.477556415691424 1.73727106309873 4.6120817864817 -10.4485427535121
0 7.99664043177117 8.09568044366725 2.54350275605077 -0.443130115836084 -1.62413592615019 -4.48014845191391 8.32308976920363
0 -0.00218189592175433 0.0295389206919054 0.0061211371876424 0.00737163853760814 -0.018201377199095 -0.00936256279924308 -0.0359647207959797
0 8.99719782962192 9.10031695243497 2.76041990047644 -0.493481317777167 -1.75325757589245 -4.71241884454373 9.34481882962197
0 -0.32948336088884 -0.33086703284929 -0.0185352159272316 0.00936235912336647 -0.00298025819622172 -0.102358029719079 -0.344907653331345
0 -0.0622130917311012 -0.0548557994505656 0.00202739330868429 0.0108764799958161 0.00957109897908426 -0.023366084370704 -0.0482079319104782
0 -0.400561789981416 -0.404003286354072 -0.0242044296767228 0.00899814570267576 -0.00613409417250121 -0.122411523056372 -0.423007597247864
0 -0.14988765095746 -0.145476566150884 -0.00466230582739424 0.0103657688271919 0.00539775742644188 -0.0495499046851084 -0.14577236382582
0 6.16997781128721 6.24165099185674 1.93426434604854 -0.34416074566316 -1.23803166925082 -3.37027516144434 6.4076609909684
0 -0.357834208718931 -0.360408949703517 -0.0205212305676015 0.00916129861734305 -0.00449521645421136 -0.111671151913927 -0.377174683615398
0 4.22500921883863 4.27816651631799 1.36356052218277 -0.234877081218215 -0.872120517010373 -2.43148420727108 4.39613679887892
0 -13.2991189672181 -13.495623332809 -3.8521811088558 0.63550241264258 2.30053418197349 6.10605283644406 -13.9656845283515
0 -0.00315549301626028 0.00667876580570637 0.00614005427356412 0.0112751313648669 0.0127121251238207 -0.003904312554043 0.0190097880248321
0 0.618975741496683 0.614713420880264 0.276978496727679 -0.0622698670658792 -0.220343161380072 -0.64153594917795 0.600618462607827
0 11.0199123914439 11.1694804098884 3.39177102810314 -0.580992475229635 -2.11913441066415 -5.77304233802749 11.5115015002265
0 -0.380192705290014 -0.382966205526597 -0.0226333863826338 0.00911758421888065 -0.0051739688468242 -0.116399630007583 -0.400392980997846
0 -0.133594653956763 -0.128675303361376 -0.00338076803429654 0.0104612991129995 0.00615005069523455 -0.0448488615150202 -0.127764664791022
0 13.9402791874573 14.1096798850187 4.27028109466548 -0.751095643271356 -2.6917598912575 -7.26028497458819 14.5106877456182
0 -0.473053164575907 -0.478657887195389 -0.0299337985559589 0.00862024559941776 -0.00939339787669358 -0.143105378676664 -0.502856851740851
0 -0.647600610832661 -0.676037427695459 -0.0356773453691157 0.00945407328925185 -0.0227241776927225 -0.172734489211372 -0.714866314279319
0 6.31471684615407 6.35437149528236 1.92580978400423 -0.332978855075069 -1.19329545670911 -3.24071315047958 6.59542597170578
0 9.60672886168832 9.72459664857838 2.97153094798949 -0.520058939332316 -1.87749564172201 -5.09830668387565 10.0000464646164
0 -0.0887170277270681 -0.0822738199487478 2.25347497546657e-05 0.0107185595245127 0.00829322649732944 -0.0313646704672799 -0.0777722122495446
0 -0.587847788368653 -0.597194440388833 -0.0387787460399567 0.00796897782971229 -0.0147774165195638 -0.176978109544061 -0.630252219896078
0 -0.65129896161045 -0.890357109543095 -0.0572785153601592 -0.0303852049994848 -0.00649493604695905 -0.0838332270720517 -0.757875932583094
0 -0.452488934035983 -0.457233143994411 -0.0284952970701324 0.00876229741397383 -0.00829889542214923 -0.136349518379043 -0.4794598708265
0 -0.0359184028967237 -0.0485955050831768 0.0117898572593749 0.0128776173408727 0.00585030939685582 0.00329066828269875 -0.043965755831906
0 3.40713524888551 3.43862505942127 1.02115504723891 -0.194158864498618 -0.659063430319335 -1.71766089379651 3.51377114304294
0 -0.452967627740189 -0.457657082938158 -0.028579885366486 0.00877345308773636 -0.00827052142677465 -0.136253768933267 -0.479781616590556
0 -15.6799650871727 -15.9524204311224 -4.54828030280241 0.751729196522845 2.72846782674718 7.23046241695054 -16.446285311966
0 3.33363965812509 3.39431450640865 0.998964376438963 -0.186088822595224 -0.635898731606375 -1.72069453817089 3.49105163497266
0 -0.157372329174527 -0.153182770488388 -0.00524650413774363 0.0103332231292015 0.00506627614329691 -0.0517042474149214 -0.154015936404455
0 -4.17023883620466 -4.20583099515241 -1.1842830708303 0.163725368960744 0.657440251635517 1.70915246839633 -4.37384782591037
0 -0.476261571307588 -0.481584637571984 -0.0304653662808958 0.00866220053487821 -0.00927460034108885 -0.142688624045198 -0.505255283702636
0 -0.540181443304643 -0.5210639354797 -0.0411093391442519 0.00392268607992818 -0.0312831950658539 -0.197818848199975 -0.579161444725911
0 -1.04498793682136 -1.0681600826946 -0.202031762317446 0.0239235557596373 0.0756113513112808 0.12304890299518 -1.12949049617141
0 3.32868329980262 3.3670304537201 1.00448761432544 -0.180417134779319 -0.634392717301949 -1.68650120782938 3.4545610993619
0 -0.148278923227602 -0.14381529882459 -0.004538427635564 0.0103749107871289 0.00547327850863422 -0.0490748572775273 -0.143986747441625
0 -0.00315549301626028 0.00667876580570637 0.00614005427356412 0.0112751313648669 0.0127121251238207 -0.003904312554043 0.0190097880248321
0 -0.472646402673 -0.478381985487052 -0.029809107252555 0.00859103361410796 -0.00948031922841164 -0.143458683687947 -0.502832201619602
0 0.0515072017061891 -0.106219994788763 0.00534797074515891 -0.0212947231542464 0.0140157401345311 0.0714720845044758 0.0257594560610888
0 -0.678653543003016 -0.690460299583392 -0.0461423317355734 0.00753239330989208 -0.0186873870788751 -0.202010664007507 -0.729522026854457
0 -0.347213400134765 -0.349192140402377 -0.0198885870967027 0.00925919027922939 -0.00382370780646291 -0.107650475881633 -0.364635477894061
0 -0.435232037252168 -0.410258690148657 -0.0331640624475962 0.00456135293906001 -0.026020156157871 -0.165472329641282 -0.463282379798563
0 11.6336632999865 11.7794591752931 3.63544806660997 -0.631272486972591 -2.30009139609481 -6.29345951503441 12.118822120421
0 1.97972191584856 2.01263030567199 0.71836773225985 -0.145831886445478 -0.51237313345834 -1.47802355644282 2.04558364362512
0 -3.55435103865756 -3.63080523235562 -0.98007167282703 0.129977459856093 0.522336795441738 1.41743073154342 -3.80876751541661
0 -0.00315549301626028 0.00667876580570637 0.00614005427356412 0.0112751313648669 0.0127121251238207 -0.003904312554043 0.0190097880248321
0 -0.00315549301626028 0.00667876580570637 0.00614005427356412 0.0112751313648669 0.0127121251238207 -0.003904312554043 0.0190097880248321
0 8.95213436425402 9.06115598098229 2.77466951079785 -0.486734795122942 -1.75643004894474 -4.77166306188376 9.3156436759552
0 12.5669322107317 12.7177156188227 3.84960805224895 -0.679216403777986 -2.42977011701876 -6.54849826896182 13.0748757650766
0 -0.315255554453417 -0.316194163337457 -0.0174250471582349 0.00944025813451566 -0.00232594637847061 -0.0982262401211971 -0.329174482240834
0 -0.162294680753668 -0.158272389943692 -0.00562070595713582 0.0103042701590832 0.00483068102944584 -0.0531808917837662 -0.159499136098685
0 -0.436247819603054 -0.459144927642781 -0.0191695775914034 0.0106217854856623 -0.0129527925101898 -0.112202466627896 -0.483045867714039
0 -0.471039830634441 -0.446994222649519 -0.0360458402726804 0.00438722270963909 -0.0275828020816893 -0.175453986364734 -0.50253932289436
0 -10.2989691347953 -10.4622193877309 -3.01637344804584 0.482331496648428 1.78853691491824 4.81977733526215 -10.8476263791153
0 -0.662041693988838 -0.690864315955508 -0.0368068376045589 0.00937814346482435 -0.0233851846097823 -0.176853445177611 -0.730707274228366
0 -0.743953029021677 -0.75756945100365 -0.0514125594353048 0.00720866388782015 -0.0215294850719223 -0.220141605919075 -0.80102757849654
0 2.32994058178604 2.35899949636793 0.730706027586569 -0.127070557858632 -0.463307979631345 -1.26951179348125 2.42156812146592
0 3.12522130866282 3.00409932548746 1.0348104321703 -0.202701970949448 -0.66526101048305 -1.84354505156034 3.21736996097411
0 -0.290635324433971 -0.290889311040655 -0.0154403979366635 0.00956217059915243 -0.00125306870788355 -0.0913800874136168 -0.302206998792844
0 -5.89468943300703 -5.99714854430981 -1.67767623268284 0.25679270302841 0.96268336895767 2.57582658121194 -6.23957125852391
0 -0.411505606470572 -0.415298683361761 -0.0250468850653456 0.00894010478090568 -0.00664180660432345 -0.125635223045666 -0.435139649090303
0 1.29728868125096 1.31418596187315 0.39839610968456 -0.0689955715386201 -0.249770703987355 -0.677058587619401 1.34795278382939
0 -0.43472037912419 -0.439358577354951 -0.0267698769485754 0.0087950813619404 -0.0077919634548782 -0.13279906334583 -0.461168968114994
0 -0.625247245787597 -0.65300052727886 -0.0338311558144597 0.00955778249214845 -0.0217943385429136 -0.166624006291408 -0.69034052192323
0 -4.41477959677536 -4.47978447179784 -1.20654792593916 0.193844031158619 0.690588014177195 1.77237799517553 -4.64505445940276
0 -11.6839293549948 -11.8635931812699 -3.37278628763249 0.547275339448873 1.99692089492945 5.31174565334085 -12.2912345412796
0 9.34984111221058 9.38203985077712 2.877495284931 -0.503297247355718 -1.79160556572127 -4.87397449390033 9.75091438469667
0 -0.292399109820488 -0.292538185645637 -0.015713644506659 0.00957160493492548 -0.00122010831912878 -0.0912629876696904 -0.303640025973252
0 -0.359162947590655 -0.361334685107613 -0.0209507907321616 0.00922427627979916 -0.00424576676102495 -0.110491596096963 -0.377307117901204
0 -8.20702955654728 -8.33915521987663 -2.41840610788978 0.383708513775176 1.43391714731882 3.8866968709621 -8.6508931160472
0 8.56603220844441 8.66475328844078 2.65982292666146 -0.457304242460168 -1.67189718486898 -4.58172224266735 8.94475299969935
0 -4.0233349380522 -4.09444363086888 -1.20378154877312 0.181715595580471 0.705252321437243 1.95444280731651 -4.26189793747015
0 7.24900762097789 7.29922798809476 2.22477090205629 -0.385108213837611 -1.38483184528344 -3.77073720900235 7.56841713544678
0 -0.236408723019876 -0.253901161701118 -0.00341665891470733 0.0116813213955496 -0.00388569140928796 -0.0554443515557956 -0.263837298252853
0 4.95872147669294 4.9279728910394 1.51634189057391 -0.270629163224172 -0.936372539077183 -2.53491222123439 5.16539882787781
0 3.55330927719343 3.59091640350806 1.07574535967041 -0.19738292980081 -0.686701160244652 -1.81843089758144 3.67826514866677
0 3.24458403129624 3.28088072091248 0.992765225739433 -0.179577892435063 -0.632923171849953 -1.69246902682181 3.36346406077645
0 -0.133520560943485 -0.12855536312288 -0.00340734525735753 0.0104682632648623 0.00618367099493566 -0.0446728170034687 -0.127551589064444
0 -0.516830828034243 -0.571376965527497 -0.0750862141114035 -0.0501125730299932 -0.0722636266243182 -0.107368919805042 -0.688362328588106
0 0.102246619343504 0.0242511144112854 0.0606065936040494 -0.0268307376785089 -0.0389207450735398 -0.180655731920965 0.134402139664502
0 -0.5648193261103 -0.572982396651613 -0.0373262253408506 0.00816485422422764 -0.0133968647650131 -0.168646167302634 -0.603391670954091
0 -0.222481268942872 -0.243683063310016 0.102171664114351 -0.0294697302040277 -0.139999468507028 -0.485727409645975 -0.279885505127467
0 -0.692337653148571 -0.704511944061521 -0.047256907312343 0.00746528027895721 -0.0192754858297439 -0.20576460237764 -0.744470648309232
0 -0.236135896459153 -0.234682654380594 -0.011189710082633 0.0098609264181726 0.00125494413087868 -0.0755447288487772 -0.241933999151433
0 -0.372742721566753 -0.34567941979377 -0.0282047346756897 0.00488820033623449 -0.0232012202360181 -0.147645880266943 -0.394647526394197
0 -0.144432069689737 -0.139820159263993 -0.00424985729822458 0.0104067190900987 0.0056735672166992 -0.0478840107277527 -0.139653622439129
0 12.9496230680234 13.1229740014674 4.0190747118246 -0.691149325222767 -2.52482735068284 -6.90125624691086 13.5194942325779
0 -0.424580556337481 -0.428984317770381 -0.0259217701511063 0.00883485983579702 -0.00738507620984086 -0.130135418866804 -0.450203130071988
0 6.05892912813367 6.13130795718358 1.86810988192811 -0.33019795386835 -1.18349246892399 -3.19914591866446 6.29920365637665
0 4.55412970119002 4.60568130297355 1.52828302806324 -0.270613713759374 -1.00470603332651 -2.83119842398561 4.72015745553837
0 -0.582633594000862 -0.591692411160591 -0.0384646118701553 0.00801631873229525 -0.0144510535011637 -0.175021114359176 -0.624110565407751
0 -2.4140731836523 -2.4535449823126 -0.582677061873941 0.0926780204218822 0.307037011005306 0.705578694518831 -2.55571120442404
0 -0.631001470255661 -0.641363312222107 -0.0423947594151213 0.00778313593123459 -0.0165296637522916 -0.188321839984633 -0.676963356377402
0 -0.583914845269712 -0.610468707577709 -0.0304902438773884 0.00975997753911795 -0.0200053891190262 -0.155127621709672 -0.644995390228527
0 -11.0076311605159 -11.183892158003 -3.16597229617655 0.523901315973987 1.8853054303212 4.9661386948094 -11.5461947384733
0 -0.425381825754117 -0.429573730909126 -0.026155814115822 0.00886943978586485 -0.00725549248513513 -0.129539822094508 -0.45037787421169
0 -0.187545132375606 -0.203679989204711 0.000487783971330202 0.011939341347488 -0.00170981230415279 -0.0416864104860348 -0.210236874462232
0 -0.45168712260106 -0.456770365589537 -0.0281574633828372 0.00871509787421898 -0.00851275470595159 -0.137422031536756 -0.479672688789491
0 -0.00315549301626028 0.00667876580570637 0.00614005427356412 0.0112751313648669 0.0127121251238207 -0.003904312554043 0.0190097880248321
0 -4.34186419685597 -4.41907633448646 -1.17628778254867 0.178237368583254 0.6537006836692 1.69253176496819 -4.60490144289766
0 2.36957155084726 2.36733591758354 0.723610014024697 -0.12693408651041 -0.447838139498376 -1.22002278849617 2.47451253377283
0 -0.391400372144662 -0.364392509033505 -0.0297758704990416 0.00481413515882778 -0.0239198294015832 -0.152412156991317 -0.414991119500574
0 -0.361803026148672 -0.364111154463035 -0.0211305771528396 0.00919190913444767 -0.00441049378886893 -0.111411002308923 -0.38038119827006
0 -0.553515263910529 -0.532851701700546 -0.0424908529359485 0.00393091758694952 -0.0314408275536704 -0.199605575748807 -0.593288476686678
0 -6.68219620692831 -6.79928680149884 -1.8918375857201 0.287424455157009 1.07920212679667 2.88363606359266 -7.07539406364756
0 -0.498103447298837 -0.474564616167731 -0.0382588625383296 0.00426090639548393 -0.0287138765755999 -0.182765652619706 -0.532161209326836
0 1.25240514428114 1.27098590744916 0.530248533602332 -0.113155129972853 -0.405060416417598 -1.20966341494236 1.27732068567096
0 -0.512763660256259 -0.490018470233984 -0.0393742778421369 0.00417155893384669 -0.0294405158730857 -0.187242726134832 -0.54834275306629
0 -0.32817936872349 -0.299236987525482 -0.024729038767334 0.00513792761244147 -0.0211084342672003 -0.134561608957775 -0.345599277862031
0 -0.124075695655409 -0.0851104104598792 -0.00906164216010241 0.00632244686431482 -0.0111654427863224 -0.0729742244332092 -0.120598410609549
0 8.12037267660313 8.18771167611027 2.54137377619361 -0.443465322988743 -1.60355817478492 -4.411332118888 8.48217892146653
0 -0.337410646587449 -0.33872002036761 -0.0193887378761071 0.00937078307593486 -0.00311914621007459 -0.103528848530208 -0.352705232736096
0 10.6454824391012 10.7792190670885 3.31903761516713 -0.576088917165464 -2.09737329327015 -5.73243759990694 11.0901314543222
0 -0.579447544563167 -0.588188501487737 -0.0383754514634731 0.00806860138168419 -0.0141518918166774 -0.173328956284896 -0.619931535070141
0 -3.31536528951317 -3.37770583923429 -0.980775712769532 0.143118896559027 0.563849426215768 1.56539743313151 -3.52440318765981
0 -12.5369675319628 -12.7451487450666 -3.63943229688891 0.60341825888591 2.18338059369592 5.78317134756 -13.1456552278232
0 -0.656068403282644 -0.666799143278234 -0.0446565915414729 0.00771041591379262 -0.0173930532503861 -0.19413497167004 -0.703432999191389
0 -7.9904289019138 -8.11935468749273 -2.35614493788725 0.373408915218008 1.39683909953908 3.78885901416557 -8.42352132011112
0 -9.37783703007456 -9.53616288728252 -2.7026431721125 0.419190758211123 1.56961268700676 4.22052139653399 -9.90784762417802
0 8.16055466563537 8.26333616360419 2.61699323492213 -0.454695534526849 -1.680270549044 -4.66557270100458 8.50571905201785
0 -10.360224745506 -10.4915848252813 -3.03359329334323 0.489435657169707 1.80795070600733 4.80795532381212 -10.8537105796942
0 8.51102018249796 8.61879460400795 2.63432185479456 -0.456570245901361 -1.65818377301841 -4.51614219135257 8.8684653150722
0 -1.28373724344538 -1.30309462873036 -0.30757261341525 0.0515611436444807 0.165236447030583 0.371009835610504 -1.35735445098382
0 -0.00315549301626028 0.00667876580570637 0.00614005427356412 0.0112751313648669 0.0127121251238207 -0.003904312554043 0.0190097880248321
0 -15.1772157111741 -15.4850198208563 -4.39585288416927 0.720125600979358 2.63767292407601 6.99389150353275 -15.9302799806303
0 -0.00315549301626028 0.00667876580570637 0.00614005427356412 0.0112751313648669 0.0127121251238207 -0.003904312554043 0.0190097880248321
0 8.31330374763724 8.41830770549194 2.61372457894663 -0.452906465887153 -1.65674200392117 -4.54981418097603 8.66001242372931
0 7.54201711896739 7.55319400588158 2.30713233410043 -0.404487854831274 -1.42941693675102 -3.87707963439665 7.86632389712113
0 -0.405320167533616 -0.427437884306271 -0.0167818435617564 0.010800682431809 -0.0114905507412972 -0.103254784729187 -0.44912618498212
0 -0.0253990062570226 0.0216947323550154 -0.00203595475867013 0.00701266193961381 -0.00559543540525453 -0.0397065559145506 -0.0109741240336034
0 7.96099661190124 8.04063406951818 2.45597450524627 -0.422726412962305 -1.53612693369783 -4.19639230190953 8.31406176192073
0 11.168328775767 11.3100423652577 3.50014895407126 -0.605304663847249 -2.21363686550451 -6.07271297069667 11.6385538908495
0 -0.398004394998376 -0.401364132619191 -0.0240061895703163 0.00901241298292099 -0.00601526226465587 -0.121662600247253 -0.420174315175889
0 -5.50686447669392 -5.59586901664188 -1.53500317915811 0.243319402970812 0.883333510358639 2.30934454583442 -5.81107633003657
0 7.27231748262984 7.35799445298092 2.27904108643412 -0.403642658876834 -1.45567116445726 -3.96718927560369 7.55710174456671
0 -0.721880558863228 -0.734891552643768 -0.0496270809641448 0.00731670282816355 -0.0205734253146268 -0.214033543427575 -0.776875903879495
0 -0.192076622153216 -0.189041945340796 -0.00790290661930548 0.0101327731403722 0.00342219440043179 -0.0620284327068918 -0.192600848005424
0 -0.802034442807718 -0.816626326695614 -0.0565668549849643 0.00701967679955295 -0.0236151863351024 -0.234030441271396 -0.862721053499732
0 -8.72847588866043 -8.85812805713196 -2.54383892284802 0.418409583094771 1.52208793596101 4.05900282622156 -9.16951606318256
0 -0.366864034621245 -0.369337153153012 -0.0215067316658373 0.00917299924805048 -0.00464190523438157 -0.112942717559146 -0.386005229757113
0 -0.445980093345337 -0.450931063430159 -0.0276823715551844 0.00873610550754478 -0.00828439048611207 -0.135916110354884 -0.473498690333446
0 -0.513588620491175 -0.520683559971594 -0.0329315125946383 0.00836482781334791 -0.0114117893673971 -0.155665839145217 -0.548350625640152
0 -0.269108387211561 -0.268514265557198 -0.0138997593654726 0.00969982294010219 -0.000145791600196343 -0.0844828498181553 -0.277871077021659
0 -0.578316843319583 -0.587208170164279 -0.0381491515847774 0.00804680717936668 -0.0142288107287136 -0.173659964936117 -0.619240786980933
0 -0.260004967138169 -0.259215038146587 -0.0131141212793513 0.00974279698585745 0.000215092324047372 -0.0821805103076279 -0.268077439136904
0 10.4346047125194 10.5662582086977 3.24423597625875 -0.562466153289591 -2.04655733906273 -5.58700046264613 10.8723085646096
0 -0.456341014682984 -0.460818386583292 -0.0290764439840081 0.00880479989707084 -0.00820401821434213 -0.136113585539422 -0.48255654222618
0 -5.53700468220807 -5.62566022174909 -1.53919312996361 0.259968246975792 0.906851526741413 2.3556187092044 -5.82145150344262
0 -0.321707786077453 -0.322472564709064 -0.0182077601093664 0.00946153171750819 -0.00236193295356513 -0.0987663945144086 -0.335177608497573
0 -0.313383315810449 -0.314330976684359 -0.0172286947652962 0.00944032105321435 -0.00228677753387041 -0.0979225778287951 -0.327307868024185
0 -0.607918213300494 -0.616978642692005 -0.0410183654086285 0.00800101579480339 -0.0150634359827828 -0.179578207489227 -0.649695574472806
0 -0.56472915546279 -0.573157409451468 -0.0371199630964703 0.00812496840300181 -0.013578733844275 -0.169571383596021 -0.604099388128743
0 -13.8108547750123 -14.0111463767239 -3.97116486936437 0.66015317777007 2.36962176633794 6.25698026126943 -14.4889257082878
0 -4.72661137127404 -4.76497963815678 -1.34692372587467 0.184051894445147 0.746341575037835 1.94301940629981 -4.95613257380814
0 5.87039491318268 5.92880252926579 1.84431242823288 -0.340440198952763 -1.20009074790616 -3.23858595526602 6.06750515334147
0 2.50024288748463 2.53241780433163 0.831248905077416 -0.147641669269632 -0.545021187038458 -1.52944360220576 2.5984039699988
0 -0.308990980937354 -0.309533863584142 -0.0170801344770526 0.00950792592045469 -0.00189720765545021 -0.0957106152362703 -0.321647734314218
0 7.71232619850925 7.79935134166243 2.35515833192542 -0.423288934758318 -1.49605657123521 -4.0046727155796 8.005839406045
0 -0.550212813920737 -0.575797855756054 -0.02778029885026 0.00992478630141758 -0.0185360750730537 -0.145722335012362 -0.608021487566765
0 -0.733505599612118 -0.746559287281719 -0.0507695910978958 0.0073036561808375 -0.0208839084356365 -0.216278886289393 -0.78876568170596
0 -0.325460563011574 -0.345410612780385 -0.0104821166830331 0.0112210903822123 -0.00787484465181665 -0.080593761971107 -0.361525060814393
0 6.16393575542273 6.27156211210976 1.86480269549521 -0.345266331487366 -1.18989126469327 -3.22925000873474 6.45001780227486
0 7.51140805641759 7.60679894387815 2.31699469127764 -0.401444246896347 -1.45596826316779 -3.95832174015453 7.82723422133671
0 -0.161997889907916 -0.157723126751103 -0.00577832704504644 0.0103425357182991 0.00501312172678148 -0.0522313956054155 -0.158438278679647
0 3.29890517619882 3.34211283931382 1.07609247122546 -0.183165168343258 -0.688092399914758 -1.93415230074249 3.43569027431345
0 4.42073978765572 4.49611706243492 1.33244629136816 -0.243095158763055 -0.843778920065191 -2.28597155685621 4.62684219732604
0 -14.9554041267687 -15.1726586567987 -4.36575243865428 0.723719634830474 2.62286194958222 6.98774068712345 -15.6920143422788
0 -0.694188321490138 -0.706336329360568 -0.0474638840898733 0.00746782995839412 -0.0193021713177686 -0.206003226480971 -0.746263530041975
0 -0.620155242439975 -0.630280216182568 -0.0414723165300872 0.00782708976825752 -0.0161019488134508 -0.185535637400243 -0.665278100110763
0 -0.465515114314157 -0.470190865729464 -0.0298609024317069 0.00876595585501683 -0.00856562055487853 -0.138455582791442 -0.4924328918381
0 -3.91128089454875 -3.99148029095926 -1.15635730018212 0.191779900385001 0.703902330141389 1.87755578061039 -4.09605110262231
0 -8.66525514029254 -8.79225784629966 -2.50783589163794 0.415505225144059 1.49974265539196 3.97363084455682 -9.09885049275995
0 -9.98682243325982 -10.1341091387263 -2.90834547533021 0.480108649890497 1.74213964257564 4.63885899528989 -10.4875571398274
0 2.52396165680955 2.54580352261237 0.881839387515726 -0.163898807815258 -0.600623761673972 -1.7000762846983 2.59221335318625
0 -7.95852343847987 -8.06429010457126 -2.3329644764099 0.383981475406756 1.40143282507185 3.73149012261203 -8.33767942878771
0 6.52459542969009 6.58878345200486 1.97522330209848 -0.368592680272116 -1.27018706425389 -3.34810202783122 6.74509187090912
0 1.17182544341466 1.16623632236974 0.425169238628428 -0.0996601364260812 -0.324691367008626 -0.873314571386402 1.15367749979609
0 9.88330216994265 10.0078690293338 3.07303923705481 -0.533030839046091 -1.93899132411599 -5.29282754619527 10.2971619028868
0 -0.512249448400072 -0.566658239886325 -0.0746817713828878 -0.0500992913220117 -0.0721014571109757 -0.106207107883066 -0.68331555831997
0 -13.3188075350996 -13.5134249074325 -3.83281624026786 0.639815718972713 2.29165625184694 6.05459650821123 -13.9722366443002
0 8.5908842914104 8.69653142117939 2.64364690808554 -0.462666990399242 -1.66638745334335 -4.51233896610252 8.9431687623407
0 -3.81605680931087 -3.87488654443615 -0.985136074172811 0.160576768967573 0.548530179648289 1.3393079050737 -4.02346000204325
0 2.38986504346681 2.41108181703061 0.826325374979632 -0.153226595207087 -0.560073975548335 -1.57935802846922 2.45604687722908
0 -0.581704261059258 -0.590040682648189 -0.0389047351491874 0.00812783196892441 -0.0139258980151511 -0.172297629343856 -0.620995581610511
0 -5.93810241042779 -6.05286628713529 -1.67142129494485 0.240295051941644 0.929850785894919 2.50914214552133 -6.3198573654192
0 -0.365248469319605 -0.367554841353822 -0.0214670590209738 0.00919935369107883 -0.00448694960918639 -0.112061014609006 -0.383868620356159
0 0.0175545339007859 0.00566051592218164 0.0153074707179921 0.0132888986701047 0.00898324366644498 0.0204715935902184 0.0146400266495297
0 -0.244702659096407 -0.243395742195257 -0.0119485920364149 0.00983235157000806 0.000945410891845189 -0.077600673046331 -0.251040651740776
0 -0.53847945576475 -0.545436238096055 -0.0355524392290749 0.00836863874769778 -0.0119189677300153 -0.159647364422925 -0.573114506171031
0 -0.507259222261529 -0.691441657244725 -0.044906706365615 -0.022756495767112 -0.00544898889282841 -0.0703581993425981 -0.588407333826257
0 -0.00315549301626028 0.00667876580570637 0.00614005427356412 0.0112751313648669 0.0127121251238207 -0.003904312554043 0.0190097880248321
0 12.6080221971245 12.7683781173906 3.90779897063518 -0.675630494648658 -2.45883614349549 -6.7066296050368 13.1423777372409
0 -0.438036649280319 -0.442124720239902 -0.0275101020162807 0.00887871336473989 -0.00748864752455791 -0.131453708192089 -0.462868668620981
0 -7.58975105720954 -7.70361443299414 -2.20753509727214 0.362000921654612 1.317872374148 3.51250216423779 -7.9775432903687
0 10.6066952900469 10.7253525938364 3.35696323798376 -0.582365579008098 -2.13609244784136 -5.89542067620955 11.0597057880138
0 -0.392955963058165 -0.396138175358335 -0.0236222455331383 0.00904627820044057 -0.00576749591059578 -0.120139700235037 -0.41453515386365
0 -0.26275302944617 -0.261755562787737 -0.0135467269759992 0.00977197198424662 0.000292426069254503 -0.0819366415361129 -0.270232016400691
0 0.0707337536969921 -0.138198676574707 0.00719395212111618 -0.0283715694277116 0.0189185340194773 0.0992667446092321 0.0349428510847618
0 -3.24514347269134 -3.38789130435943 -0.969839373518298 0.153113518899588 0.59946109732644 1.61601651960079 -3.41256375945706
0 -0.716459784601774 -0.729289356327484 -0.049212919877974 0.00734816820191053 -0.0203159060696332 -0.21241725749695 -0.77084587576838
0 -0.400235050973139 -0.4039243207314 -0.0239825518545782 0.00896433399465169 -0.00629614525822886 -0.123245275609268 -0.423426038317484
0 -11.6790674966208 -11.8630643303571 -3.40761839729211 0.546571311085302 2.01911644759583 5.42388590903528 -12.2976005281685
0 10.1791056397537 10.3040758249518 3.18983938487332 -0.548805317776313 -2.0217712180233 -5.53094274961003 10.6101433896054
0 6.04769399770976 6.12143059197334 1.84231798893872 -0.323940597047624 -1.15815094952951 -3.11436646651738 6.2926898176588
0 -0.00315549301626028 0.00667876580570637 0.00614005427356412 0.0112751313648669 0.0127121251238207 -0.003904312554043 0.0190097880248321
0 8.67640496452375 8.78380758398899 2.66046146587229 -0.464761862150496 -1.67296160237916 -4.52355826280946 9.03466283809476
0 3.58200956031891 3.61702755365363 1.21884345733631 -0.222538894890306 -0.815841468955483 -2.29434459337898 3.69448221651231
0 -10.543365505731 -10.6998137164064 -3.05770453378733 0.503888561486178 1.82640749389302 4.8525236961529 -11.0749258978117
0 2.54779678364893 2.54977266880963 0.861021268986756 -0.15547730045882 -0.569211072573669 -1.61334038547797 2.64332184068553
0 10.7507705209833 10.8871166682455 3.33308334452974 -0.576979768744792 -2.09855906324125 -5.72274033524246 11.2043275113336
0 -0.67076281102025 -0.682150905028666 -0.0456562075892437 0.00760017597165463 -0.018206039138883 -0.199104071760333 -0.720277745129703
0 -0.277830965290502 -0.277595081482137 -0.0145077067142694 0.00964573586822315 -0.000602213577980848 -0.087344537053291 -0.287778739833831
0 -0.407007021615335 -0.410654382767202 -0.0247041794844018 0.00896221690503607 -0.00643344895358622 -0.124298321660913 -0.430147567281705
0 -0.532433766479641 -0.539518972609054 -0.0348446553836865 0.00835389663333297 -0.0118613349890966 -0.159018934863532 -0.567385824601562
0 3.91879927110865 3.95701369042109 1.17785284913316 -0.220922278514976 -0.756622436485387 -1.98294701165197 4.04807619416592
0 8.96755212023007 9.08173714330221 2.76803957857285 -0.478903598514449 -1.73890361118183 -4.73131044204416 9.34662192011251
0 -0.486913243469599 -0.493076981342569 -0.0309220145617211 0.00852545792521742 -0.0101178742621157 -0.147575739217915 -0.518561352574507
0 -0.400273725913979 -0.403717571905498 -0.0241661496855241 0.00900324538368835 -0.00612554559108514 -0.122388635918005 -0.422727249471991
0 6.80315361204973 6.88641832440395 2.07962632577272 -0.364964880282471 -1.30836798961954 -3.52706537588969 7.08018969842578
0 -0.199544425401144 -0.164446073737656 -0.0148313404604687 0.00587634208290622 -0.014872548483797 -0.0958814763384472 -0.203837409531006
0 0.432808005156046 0.424939889372038 0.233256360599823 -0.034772620173487 -0.169000655472977 -0.527758432052017 0.428545619550461
0 -0.339910897666759 -0.360156641852316 -0.0115290749761652 0.0111229660734162 -0.00863039461573978 -0.0849775131012382 -0.377367738018901
0 -10.1835520032913 -10.3338872898961 -2.96337770836482 0.489080132343275 1.77424476920586 4.72232322019988 -10.6945436978875
0 -0.278967274637502 -0.278692252158853 -0.0146518885354814 0.0096507668584267 -0.000602634026155346 -0.0874094000090286 -0.288810272374674
0 9.11324338912053 9.22929742837403 2.81333697515601 -0.48669651689471 -1.76738759729776 -4.80924745045039 9.49860141019002
0 12.8354719662002 12.998715167281 4.01637095760961 -0.693942298782858 -2.53738296380598 -6.95707223932592 13.3781470241833
0 -0.00315549301626028 0.00667876580570637 0.00614005427356412 0.0112751313648669 0.0127121251238207 -0.003904312554043 0.0190097880248321
0 -0.567252647550617 -0.546658979477409 -0.0436474382562388 0.00387219292120999 -0.0319676393238586 -0.203097419669215 -0.608277340606235
0 -0.51574501322762 -0.52276950043379 -0.0332068854311633 0.00837052867893062 -0.0114172308629947 -0.155789726882021 -0.550317216325327
0 -0.425212407019607 -0.429212950706674 -0.0262809076219499 0.00889840085420657 -0.00711855969740149 -0.128830111591349 -0.449629973144998
0 -0.158109087083612 -0.155681032492508 -0.00401167360489563 0.0100672601922742 0.00382576810138646 -0.0580896466428094 -0.160068177226446
0 -0.443556944050128 -0.448421638411634 -0.0274964881817144 0.00875422174798279 -0.00816369151462437 -0.135188001242288 -0.470790077182937
0 -0.592487509485427 -0.619310105346485 -0.0312027247277951 0.00972247070033205 -0.0203554214960606 -0.157453209017592 -0.654402031486426
0 -0.05658118151212 -0.0158452351711693 -0.0478708959844134 -0.0405130237242997 -0.0260502859154537 -0.0688615809089295 -0.0453922972460057
0 2.05871071174312 2.07447221797727 0.738066630805349 -0.13923402855346 -0.510572111536987 -1.45435200235849 2.10651900912183
0 -0.692197806080327 -0.704281053203879 -0.0473104226595047 0.00747910419439357 -0.0192088992819173 -0.205416318809605 -0.744054892506321
0 -0.00315549301626028 0.00667876580570637 0.00614005427356412 0.0112751313648669 0.0127121251238207 -0.003904312554043 0.0190097880248321
0 -0.00315549301626028 0.00667876580570637 0.00614005427356412 0.0112751313648669 0.0127121251238207 -0.003904312554043 0.0190097880248321
0 -5.02591228502658 -5.10700802542317 -1.39353968149018 0.221729035265014 0.800836035437698 2.08323561062323 -5.30401996052984
0 -0.532189316159944 -0.539449181185276 -0.0346928208176762 0.00832580402641003 -0.011977822752065 -0.159587455594353 -0.567663262298534
0 -0.487900515787977 -0.493981709693132 -0.0310833678953086 0.00853714225995272 -0.0100845499122233 -0.147459784764944 -0.519311355774796
0 -10.02941604867 -10.2004188465496 -2.8879698745632 0.445059520900969 1.67213907073149 4.5017218674119 -10.6007597887881
0 11.4986136895092 11.5495397404823 3.56570252634627 -0.624072444538911 -2.23233805222068 -6.09291427216701 11.9872915740322
0 -3.62268470153933 -3.68273622834982 -0.995117158461824 0.156255509672064 0.565748659150103 1.46680224176779 -3.82991512413113
0 -0.108742385707645 -0.150823695862584 -0.0379023080209322 -0.0492355543532383 -0.0590454209182489 -0.0076702962095454 -0.238166821797397
0 11.0796936620781 11.2170498177801 3.42070210816864 -0.596616108245613 -2.15634650600869 -5.85520071127728 11.5386394046533
0 -0.565793818156355 -0.573908868867659 -0.0374652177093844 0.00816807592890623 -0.0133891835768676 -0.168637708696899 -0.604230279009267
0 -0.422151947272822 -0.42629022794711 -0.0258685495811601 0.00887998061811368 -0.00713986233898556 -0.128770160975604 -0.44694909476617
0 -0.337319776381235 -0.339010047162017 -0.0190963867106855 0.00931346351180196 -0.00338131259104424 -0.104864717084811 -0.353760857812601
0 -0.450861359442261 -0.455727712063474 -0.0282350586828612 0.0087484054933018 -0.00834216903156282 -0.136503975598062 -0.478183942519996
0 7.40318364342293 7.45529839730224 2.27198502708161 -0.393172695100418 -1.41423764694105 -3.85070911442473 7.72947113790742
0 6.75119519592928 6.82603294049026 2.05421282531952 -0.371341788052746 -1.3059494612034 -3.48304169258699 7.00371898564643
0 -4.46822121371169 -4.52828302594973 -1.30841900106232 0.217174974046841 0.788039932527838 2.09710004390385 -4.68127606248446
0 -0.0274849087596731 -0.018907746339754 0.00463790503349326 0.0110867398121641 0.0112608676455785 -0.012806908955592 -0.00940306095966781
0 2.92753358166856 2.9502318339779 0.874543414089217 -0.169041700618337 -0.567693368638629 -1.47234463434746 3.00550139669025
0 -6.32259409349379 -6.42702778013742 -1.87448858425513 0.293532532752721 1.10900849982615 3.02758527805254 -6.67326004439433
0 5.28938927793877 5.35830901329231 1.66000656305604 -0.284238511940949 -1.04621057268681 -2.88009805552073 5.51392658308782
0 -2.15692197208518 -2.19271094093031 -0.508975989063263 0.0805102606570962 0.263252546386884 0.590060973868855 -2.28611242131896
0 -0.531325815348473 -0.538963660084315 -0.0343243849820607 0.00826951279470345 -0.0122192074412091 -0.160774392299545 -0.567928534520435
0 -0.416137553970763 -0.420068941268807 -0.0254132004171637 0.00891573606692297 -0.00685025293155128 -0.126956984155497 -0.44024184553769
0 -0.467077821424691 -0.472850631742821 -0.0292082521754606 0.00859620311222953 -0.00936699372471983 -0.142617600067356 -0.497316347344108
0 -0.0426706742934915 -0.034614041072397 0.00348681189819455 0.0109967404831641 0.0105309204039754 -0.0173784150806715 -0.0263326273825037
0 8.81206569082436 8.92491358874532 2.75640703935622 -0.469702902833745 -1.73224018072059 -4.74835076150279 9.19451303668667
0 -0.432810553692141 -0.437113012868843 -0.0268260252739378 0.00884712174126667 -0.00751257009373241 -0.131264667487351 -0.458225564678003
0 -4.85045817891455 -4.91353156664028 -1.34511425519629 0.221783687320492 0.776316149050331 1.99235230651694 -5.0918413946503
0 10.3011637380174 10.4319246316133 3.19058377312223 -0.552243023371773 -2.00784321552092 -5.47264938670941 10.7359480103014
0 -0.511595488559846 -0.518792360955837 -0.0326584686445606 0.00834771801721201 -0.0114361432547403 -0.155657445910283 -0.546639067435458
0 -0.214304256785254 -0.21201756411607 -0.0095981284889568 0.0100031374026934 0.00236342276508461 -0.0686703917730918 -0.217338965964324
0 7.91022782322673 8.00645709515376 2.44220638176776 -0.428842707017708 -1.54388416587898 -4.18420171528102 8.23075638239071
0 -0.459548746186077 -0.482912908632071 -0.0208534535466969 0.0104593039035614 -0.0141803946837973 -0.119295724692713 -0.508590377729214
0 -0.60161249895669 -0.611250380716871 -0.0399536068242363 0.00791657288294978 -0.0153125183134875 -0.180488405830055 -0.645054968558914
0 -0.715216101597551 -0.728062914387834 -0.0490741411153333 0.007346518295273 -0.0202976802950188 -0.212255400995774 -0.769639756185715
0 -0.143509493998804 -0.138882923502269 -0.00416731518261981 0.0104096309456372 0.00570613948027532 -0.0476664990663953 -0.138676212810048
0 -0.58209692672662 -0.590928246232634 -0.0385766123476876 0.00805296768380259 -0.0142789285956071 -0.174124920702336 -0.622883789036611
0 -0.552479021222802 -0.560418114613862 -0.0362428770262091 0.00820800437254521 -0.0129418260936052 -0.16563775637991 -0.59023390054994
0 12.7137768913234 12.8673749972069 3.88403042513602 -0.684228395475174 -2.44683388554509 -6.58720048494541 13.2312020684912
0 -0.464940258910286 -0.488543048826194 -0.0213697147372067 0.0104511623741161 -0.0143272764929798 -0.120553112729219 -0.514512340230662
0 1.45162376852517 1.46786666076892 0.549066199254014 -0.102651209426739 -0.385525298543911 -1.12323608677764 1.49395666959984
0 1.700061239318 1.72271209893291 0.60854893240523 -0.101662400588014 -0.400924073176296 -1.17887896525645 1.76656313464214
0 -0.171189422222895 -0.14502629108333 -0.0109639355199569 0.00564657680185165 -0.0158209948682462 -0.0979356339965949 -0.175257040545398
0 11.1318421970734 11.2690012354831 3.44977498636148 -0.602667414600688 -2.17988920529611 -5.92852187016193 11.5900364282719
0 8.98459797142598 9.09370228486652 2.78971833279552 -0.489728269936677 -1.76792048154432 -4.80653422955484 9.34835147767815
0 -0.472153087212718 -0.477787551728512 -0.029820527985275 0.00861645037486136 -0.00939219024545368 -0.143049527133381 -0.502035972416731
0 7.99730070826686 8.08470281073957 2.48553453812363 -0.449132130717629 -1.59512650233907 -4.30515067385798 8.29196490905881
0 8.68264823542199 8.79390790748471 2.66862713127838 -0.460916617692334 -1.67195926052403 -4.54063877561211 9.05195021861965
0 -0.622119632960386 -0.631989580974965 -0.0418580918186948 0.00786598034875396 -0.0159714345071502 -0.184990299015117 -0.666498363797475
0 -3.56381647845529 -3.64723784274292 -0.964015177345914 0.1524155246058 0.54771985948156 1.38910488509771 -3.75329965135396
0 -0.314040225021004 -0.333548699601004 -0.00945112756395883 0.0112525119085829 -0.0074964869677383 -0.0777420233749404 -0.348986576963608
0 -1.86315406453431 -1.87950449270204 -0.454405926639453 0.0507487918977745 0.211578153515887 0.485449044939884 -1.97024471043258
0 -2.49645818553206 -2.51051269808255 -0.688571095452048 0.0827223374217994 0.358869091552236 0.910282851465951 -2.62144196009231
0 0.0109914809500773 -0.026864270138657 -0.0244711152875103 -0.0495322792216575 -0.0576693633257968 0.0134734736734927 -0.104454560611152
0 -6.17941625712081 -6.27587968019627 -1.70924511443565 0.276002706471246 0.987021831573117 2.55339294515362 -6.51058327498529
0 -0.268660513577856 -0.267904309142502 -0.0139656994086423 0.00973111973724183 -1.84426205414034e-05 -0.083852651408054 -0.276934664976485
0 -0.360961789927674 -0.381846528962889 -0.013266855392942 0.0110227373335587 -0.00951031297498295 -0.0907428023464072 -0.400463556802509
0 -9.23122986775346 -9.36401098667534 -2.66842250571004 0.445879299039461 1.5999250530611 4.23569074289244 -9.68096451629809
0 -0.473120059406935 -0.448491607464623 -0.0363176766376374 0.00440129903461761 -0.0275296005271857 -0.175377870969237 -0.50465493356517
0 9.74420430014183 9.86947075888392 3.03031195674191 -0.52226581288447 -1.90712327697452 -5.21530404479593 10.1592796151759
0 -0.343347452548459 -0.344994525716164 -0.0197389915064705 0.00931537853391218 -0.00349766169335197 -0.105792464883176 -0.359728082846696
0 -0.514772492281323 -0.506159177712262 -0.065662179199907 -0.0204604693166135 -0.0295740041979697 -0.154958037912874 -0.554923747768269
0 0.849615850177921 0.85151064018512 0.371020449831212 -0.0707029296459112 -0.278873950953759 -0.851791585469556 0.867676762277144
0 3.58532499104737 3.59200219024603 1.08211581263036 -0.188219146364972 -0.664562990162636 -1.79719506037664 3.7460948689797
0 -0.239857563907136 -0.239746280610256 -0.0105690738024697 0.00965590065746502 0.000233169923129051 -0.0809761218937433 -0.249741677711461
0 -0.466176725765276 -0.471541463333914 -0.02941573938755 0.008661643820425 -0.00905989269507934 -0.141020115284701 -0.495177893177449
0 -0.580869118138104 -0.589617047948735 -0.038517007408855 0.00806450400124392 -0.014192437770093 -0.173601010152528 -0.621389063954918
0 -4.91245877076129 -4.99906967279726 -1.45249238355531 0.219943413447155 0.846850056924879 2.32827749756144 -5.20241040695139
0 6.53513083137611 6.5996959075987 1.97627487423262 -0.368595728964209 -1.26994592025945 -3.34579203574785 6.75687653250175
0 -0.159247674397792 -0.122321958428396 -0.0117039203717604 0.00611077677479654 -0.0129619032514352 -0.0839754547868536 -0.159448773601668
0 -0.749501858368833 -0.763197512693934 -0.0519138143285636 0.00719380701470085 -0.0217183883095569 -0.221423203354454 -0.806880263309547
0 -0.298755335764325 -0.299094217718746 -0.0161950996452758 0.00954646238636814 -0.00150712824813937 -0.0931506022596014 -0.310679141803609
0 -3.10591607032985 -3.16282797134549 -0.847666142248912 0.126216424423063 0.46976795380975 1.22862943034976 -3.30053344984123
0 -0.393095516991177 -0.396240231473659 -0.0236642545650843 0.0090518215556723 -0.00574485738163499 -0.120031614502354 -0.414563349924876
0 12.8782437677101 13.0428694236826 3.97988983493866 -0.687059574894278 -2.4992897276035 -6.80906020213311 13.4270465430972
0 7.49601059022845 7.5880333766525 2.2969797983022 -0.402516082649043 -1.4458361564942 -3.90454131818005 7.80249953569519
0 12.9093401237328 13.0642580081905 3.9590689119552 -0.698290712162219 -2.49982494369868 -6.74232552496991 13.4311943480531
0 -4.43982973219835 -4.51257473644694 -1.16435421352226 0.184236804697761 0.646210941063444 1.61186782327091 -4.69197906500584
0 -0.0931994124070807 -0.0868532223145402 -0.00035014225994523 0.0107070611359217 0.0081210493914039 -0.032538535967467 -0.0826036663245868
0 -0.313077896998903 -0.313654218901976 -0.0174664462168863 0.00950173669883858 -0.00201843843766891 -0.0965700009112336 -0.325884136030425
0 -0.604221007657978 -0.613661983815564 -0.0403641747367338 0.00794425232274554 -0.0152391761644441 -0.180257250674885 -0.647100410399391
0 -12.9162169210205 -13.1089859335697 -3.7169285256214 0.610914513807842 2.20886225133643 5.84390090479758 -13.5702942578659
0 -10.7995756680033 -10.9609201604941 -3.11756492640168 0.512581802845688 1.85597128392271 4.91937550761142 -11.3476417123621
0 7.08480164770634 7.08444219548511 2.21383613822201 -0.392426578601516 -1.39085528240241 -3.80612542966267 7.37730190929582
0 -0.388021053473342 -0.409482087890341 -0.0152407829228589 0.0108474939442469 -0.0109029763084703 -0.0988921033311327 -0.430133196791877
0 -0.0253990062570226 0.0216947323550154 -0.00203595475867013 0.00701266193961381 -0.00559543540525453 -0.0397065559145506 -0.0109741240336034
0 -0.618834446604935 -0.628841706578083 -0.0414214483880939 0.00784910482029444 -0.0159861894667173 -0.184893646431691 -0.663589872691386
0 -0.388023028770013 -0.409556358268449 -0.0153116783771039 0.0108635133171369 -0.0108270423135677 -0.0986797051565778 -0.430141533433882
0 -9.38995857005924 -9.53432384439719 -2.7259287656023 0.442066117992056 1.61828954134859 4.32090407675702 -9.87860966081917
0 -1.94297956049876 -1.94859955221656 -0.536841615646878 0.0582733679305818 0.271782621410281 0.686131970772706 -2.03907845167363
0 0.0707337536969921 -0.138198676574707 0.00719395212111618 -0.0283715694277116 0.0189185340194773 0.0992667446092321 0.0349428510847618
0 -0.587119773084763 -0.596198759399805 -0.0389039863054892 0.00800986115404356 -0.0145739617654734 -0.175897335144185 -0.628709378469588
0 -3.54468276188308 -3.59019865530849 -0.937875354126483 0.137552354566388 0.508653667809163 1.27308533102287 -3.7351248891895
0 7.55995447729074 7.66628917934059 2.35798884174488 -0.413367344198917 -1.49531483871411 -4.09841230710575 7.89109713288349
0 -0.319936790778054 -0.339581582491033 -0.00990237037274433 0.011212456314762 -0.00778670576646956 -0.0794776878196166 -0.355451447122287
0 2.92567934796082 2.95618577597369 0.962803513708508 -0.174263566711744 -0.633605640835611 -1.75923719894053 3.02317703075121
0 10.273419953741 10.4033938005026 3.18835890460659 -0.5523827482304 -2.00906301322595 -5.48041936869399 10.7055122787223
0 -0.575872658499955 -0.584764037924018 -0.0379089191917128 0.00804342770488864 -0.0141726968420581 -0.173201335700662 -0.616764532679617
0 -0.677135645913477 -0.706282646221197 -0.0379208367645729 0.0092769963363124 -0.0241570928839989 -0.181382511809181 -0.747256195098053
0 -0.577056097026574 -0.557933030856009 -0.0442358911596261 0.00377897730864429 -0.0326725212022958 -0.207094062811478 -0.619339772093855
0 -0.133553857085787 -0.0951040245075414 -0.0097813858976763 0.00626528028563511 -0.0116377371693295 -0.0758817441037252 -0.131060173597457
0 9.49111636378339 9.61897457002192 2.93857091953211 -0.50482650846584 -1.84316921760677 -5.03380279395634 9.91059397424991
0 8.42007564330288 8.50529594070434 2.59737510579788 -0.446946059105301 -1.62453212902216 -4.43739699009637 8.79343200393365
0 -0.00218189592175433 0.0295389206919054 0.0061211371876424 0.00737163853760814 -0.018201377199095 -0.00936256279924308 -0.0359647207959797
0 -0.376537664077695 -0.397705280820901 -0.0143602584343259 0.0109090156006251 -0.0103624379904916 -0.0955736812159023 -0.417537161657967
0 11.0334341725449 11.1486797470655 3.42699177181819 -0.591079510372367 -2.15341128688166 -5.89654802755146 11.5165778431257
0 -0.00315549301626028 0.00667876580570637 0.00614005427356412 0.0112751313648669 0.0127121251238207 -0.003904312554043 0.0190097880248321
0 -3.31451577100552 -3.38345963833308 -0.886874805001099 0.120730039280176 0.46864570748923 1.2348582408724 -3.54637888426439
0 -0.516311015292681 -0.523472820579157 -0.0331575351339803 0.00835267867665879 -0.0115242900411432 -0.156391486326691 -0.551305946603679
0 -0.192070537400832 -0.189025226431719 -0.00791938164036132 0.0101278451226503 0.00342574510416593 -0.0619640740565202 -0.192557700704742
0 0.0109914809500773 -0.026864270138657 -0.0244711152875103 -0.0495322792216575 -0.0576693633257968 0.0134734736734927 -0.104454560611152
0 -0.252472037104065 -0.252575811056216 -0.0116822234523628 0.00961715621837156 -0.000220342554985375 -0.0840148122192512 -0.263152392542148
0 -0.43832346206205 -0.442643539656692 -0.02736852460793 0.00884222951352287 -0.00765743825364007 -0.132323649590315 -0.463856781931585
0 -0.51125146826633 -0.535754758662324 -0.0246788865641334 0.0101262245432276 -0.0167983292358005 -0.134741406426735 -0.5652817763367
0 -0.043987678950725 -0.209467841774571 -0.00485067652481019 -0.0211574081699171 0.0122054147587156 0.0516030093493924 -0.0795720749260242
0 3.38346861371951 3.40929308469202 1.0161951495227 -0.200401565832323 -0.667328273791725 -1.72352747654907 3.47335448655255
0 -0.260318555277941 -0.228071456332676 -0.0195206029170798 0.00552714965527557 -0.0177986217296562 -0.114058787610156 -0.270800709872229
0 7.85498019374981 7.96804439637535 2.40125728997725 -0.416864777219274 -1.50268712968733 -4.08520024548687 8.21012371571732
0 -0.25702370618638 -0.256142296428143 -0.0128801783918444 0.00975885206977223 0.000350962108194075 -0.0813210520743235 -0.26478610037427
0 -0.0318142054620125 -0.0233529557117476 0.0042855928299268 0.0110659763483834 0.0110753144452302 -0.0139948770329426 -0.01413162865102
0 5.45943977483161 5.48899924087928 1.65807806161807 -0.286766528269098 -1.02413109979109 -2.77652518054698 5.70334259035339
0 -0.069595954661076 -0.0624964203332072 0.00147125452767094 0.010832018049495 0.00921296374065106 -0.0256052707256318 -0.0564527151346694
0 -0.14395089854311 -0.105850137381582 -0.0106010853201508 0.00621439107344113 -0.0121172342258378 -0.0789035841112216 -0.142477069870317
0 -0.411163194149634 -0.414894736425587 -0.0250579480142541 0.00894963698880913 -0.00659078413788627 -0.125355364466064 -0.434607889612223
0 -0.0519532258837376 -0.0442324007109018 0.00279628968222623 0.0109390712429178 0.0100724942459816 -0.020235395392922 -0.0367342086818785
0 -0.175836391304709 -0.139533121712202 -0.0130119936445752 0.00601964951542522 -0.0137203821952712 -0.0887498970038441 -0.177687954681648
0 -0.192260373867294 -0.189129604834714 -0.00799294943895523 0.0101471110884819 0.00348442906895308 -0.0617202666896559 -0.192497222810967
0 -0.135738929256307 -0.130809034374304 -0.00360578207689288 0.0104612537264974 0.00610531348971177 -0.0451960175139248 -0.129901965055076
0 -0.0456562676838939 -0.0377084899406586 0.00326534606593532 0.0109780642927326 0.0103828860300776 -0.0183003297774738 -0.0296806942679368
0 5.77232642926499 5.84261015413594 1.75551896108915 -0.308911175620665 -1.10308563240599 -2.96287891700057 6.00571335339556
0 -0.00315549301626028 0.00667876580570637 0.00614005427356412 0.0112751313648669 0.0127121251238207 -0.003904312554043 0.0190097880248321
0 -4.46714115168593 -4.53036617312054 -1.25711272701502 0.21164856654217 0.745897470204373 1.93156148721136 -4.688505189742
0 -0.00315549301626028 0.00667876580570637 0.00614005427356412 0.0112751313648669 0.0127121251238207 -0.003904312554043 0.0190097880248321
0 1.9861298219407 1.94683392332671 0.609808507495327 -0.11603547587031 -0.371529515707337 -1.05508862690117 2.10203210375112
0 -0.138862125756661 -0.1340760882219 -0.00381516521321057 0.0104371990286936 0.00592964453315759 -0.0462668671034021 -0.133494677767988
0 -0.0194095416729936 -0.0317425081294012 0.012992147011063 0.0129883180399575 0.0067068426085779 0.0082802830523887 -0.0258656658964038
0 4.42995754193632 4.49965304660557 1.34959035507846 -0.240395986582655 -0.851274142642495 -2.31408194639501 4.632430426724
0 -0.0520859547254093 -0.0651176498537862 0.0105952173995743 0.0127731043985095 0.005029976318077 -0.00154398968474778 -0.061693139570592
0 -0.0531839854145044 -0.00974189245601531 -0.00378001752504975 0.00677379692797242 -0.00749285495164953 -0.0505896839965971 -0.0421886945559464
0 -0.0226951841987413 -0.0138786065309344 0.00494504192597356 0.0111264619791931 0.0115433189595473 -0.0110979321683797 -0.00383666001593452
0 -0.263708848830485 -0.232072011389684 -0.0197031521435012 0.00549395340823722 -0.0180737225312964 -0.11559033974728 -0.274650288545757
0 -0.353245326464329 -0.325358679546944 -0.0266853860196843 0.00499673153585434 -0.0222830818438662 -0.141908069013722 -0.373188238304996
0 -0.0253990062570226 0.0216947323550154 -0.00203595475867013 0.00701266193961381 -0.00559543540525453 -0.0397065559145506 -0.0109741240336034
0 -0.0343654369603623 -0.0260007205350501 0.00409895995658927 0.0110494877165546 0.0109463774530676 -0.0147951434339526 -0.0170031880123531
