0 -1.58479082936414 -0.206167112449847 6.05957289215383 8.3215254303288 8.53241688109276 -0.276586797822658 5.42692774406891
0 -2.68208694221081 0.329882023739938 2.87106674155982 2.9545110069508 3.04516522132835 2.81233722964899 3.05463354358817
0 -2.54970628999757 -0.204966406285102 3.17574947340244 3.87479374771296 3.85690283390634 0.201670174448807 3.38833990027574
0 -3.39147947088685 -2.97624142400883 139.056055043852 145.718097814255 117.379550375181 116.041309998217 128.212348535172
0 6.01105671522421 5.24626828623781 9.25811232176363 8.90875414238047 7.49931408733599 9.15787747456462 7.2211728604809
0 0.249066387283849 -0.272643490825008 0.357092007061127 0.915961194524408 0.715041331499123 0.0609150844041766 0.235717174940775
0 -3.37837557262164 0.98195715262683 5.41049178523818 5.54697265836182 5.50132444552838 5.18310087295155 5.34544094944125
0 6.01105671522421 5.24626828623781 9.25811232176363 8.90875414238047 7.49931408733599 9.15787747456462 7.2211728604809
0 -2.68208694221081 0.329882023739938 2.87106674155982 2.9545110069508 3.04516522132835 2.81233722964899 3.05463354358817
0 6.01105671522421 5.24626828623781 9.25811232176363 8.90875414238047 7.49931408733599 9.15787747456462 7.2211728604809
0 -4.02160594640533 -3.13734828535775 1.81259209086403 3.07488854183469 2.73839327336431 -17.2862649635303 -3.83111435282695
0 0.265106784029614 1.36305815647609 6.95307287623731 8.50583615064447 8.81322199507426 3.55963977008625 5.96148498896631
0 0 0 0 0 0 0 0
0 0 0 0 0 0 0 0
0 -3.05664228430463 0.293521481412004 1.64798919162073 -1.35792198900227 -0.984897936896221 2.01096699016099 2.50811020892611
0 -2.66150486127508 1.65291385860946 3.34891787861953 1.91046666534671 1.78377101638774 1.936644408412 3.92931097186614
0 -3.72595961641383 0.949692775652963 5.60926419682256 5.79312830565243 5.79907365798607 5.36162116365588 5.56276404878977
0 -2.68208694221081 0.329882023739938 2.87106674155982 2.9545110069508 3.04516522132835 2.81233722964899 3.05463354358817
0 -2.46863212674077 0.668085289977284 33.6820449878352 29.1190630225853 31.315113226915 42.9487711803743 22.2869268518557
0 0 0 0 0 0 0 0
0 -0.44592317891872 -2.9864424296127 1.91752815982976 1.52476394536071 1.72546939615592 -10.904853210222 -7.51464483329318
0 -1.10528414863118 -1.49098037106485 1.56707950709965 3.02241211498867 2.36115793435909 -12.0107977163159 -4.73839134535238
0 11.0087323607941 -1.67533379870642 55.6104132390359 55.3459742632654 51.0543308114547 71.9119658017028 32.7860418855447
0 11.0087323607941 -1.67533379870642 55.6104132390359 55.3459742632654 51.0543308114547 71.9119658017028 32.7860418855447
0 0.376086101705045 0.305701768353694 0.922112098613906 1.03641836517079 1.10110314767498 0.643118146803895 0.736720746238798
0 -2.45676628011697 0.691542539696046 10.3481871391299 12.9917811925428 13.3121083989133 3.59374564774665 9.05747623698404
0 0 0 0 0 0 0 0
0 0 0 0 0 0 0 0
0 -24.4056535476087 -12.5163392805321 17.7496026194905 14.7956362696249 -7.98160747763887 9.50668585242936 16.77656888811
0 16.1198983572028 -13.4993418848584 137.351061614164 115.65590344767 138.499238782569 209.201896789922 80.0003041532512
0 -2.66974534849262 2.14399128973839 6.38998077972966 3.9519857527715 -0.0627313254954736 8.69862067807999 5.11858753835382
0 -2.03346758438609 0.2235591223304 4.45846792826881 5.47206900596135 5.56211488679458 1.76359791404986 4.27045112507094
0 1.36348069596687 -3.39212660142789 19.5170760780656 14.1476291327802 15.7243997343018 20.1311231498052 8.54072198888453
0 -4.16757284300219 -4.27443327354773 2.29698299696064 4.3611533529999 4.14516201617659 -27.4919093620214 -7.07248710718087
0 -2.30327946329224 0.516392462646065 3.85222674535113 4.16689110679275 4.1984805034065 2.98248459974767 3.87041660703446
0 9.89051418850568 -8.99870094922699 137.214158043637 104.095253052506 138.015392553253 175.741937358938 119.061045324887
0 5.07648579644751 -8.02781247101086 109.946961032548 81.4705080593666 108.417258281967 135.115740476609 82.2702168522364
0 -2.68208694221081 0.329882023739938 2.87106674155982 2.9545110069508 3.04516522132835 2.81233722964899 3.05463354358817
0 -2.23814545926558 1.04706321669381 6.94902691488323 7.95961332472486 8.12506757207511 4.8437421886037 6.34803846271106
0 -1.28409111245238 -0.763480125459263 0.994019530043125 1.56850516259146 0.906115534484756 -4.41132518835346 -1.69364960749327
0 0 0 0 0 0 0 0
0 -4.1633378790041 4.0244981207946 66.7829745151274 81.7550560991451 54.5254077748383 63.8698105053874 71.5957307865793
0 16.8143311196199 -15.4334849300519 299.315339438733 236.825390735197 275.920702692022 354.130359852722 239.413499542083
0 -0.24424809170711 -0.295735199083996 -0.889196403546134 -0.653072339860023 -0.448980047925672 -2.00721989068382 -1.31836870798857
0 -2.2748997402182 0.900497092422217 6.8087293637895 7.89671410012403 8.05180811705033 4.25345137922003 6.24638944546091
0 -3.07705933046213 0.183963531023037 7.71009023088278 9.62593110765437 9.76842148761462 2.07194437750433 7.09026170647383
0 19.9522225346257 18.0594484872709 249.4063814288 245.668262021313 225.488195198959 256.069069659886 234.493600622688
0 -2.3597806993539 0.256411269522953 3.55397990322037 4.02213572346651 4.03756278238083 2.02605494443463 3.64022070714463
0 0.0599697337040341 -0.68293820711974 0.125121324219563 0.767844697895225 0.582057488427699 -0.171859084343745 0.0549859280427087
0 1.07052955321451 -4.35998412626419 64.4687303023293 56.0126706803102 54.4042982322308 68.0024153053979 47.4155582081418
0 24.6947964935681 14.1129529694833 88.6143991952078 120.783759513074 90.0004536245197 138.790549675819 10.1653076927103
0 11.7968376440891 -7.77198719477246 114.010805262479 81.5847255837371 110.083764177357 142.454358294286 90.7596918282818
0 -2.59013254145253 0.931783114185466 4.72792895022694 4.78073886931652 4.76863399236181 4.50255609906208 4.64679618827639
0 0.189419960209189 -0.411555897249186 0.2636825472197 0.861770251536004 0.659493972718318 -0.0303248373120735 0.164556742032476
0 -2.52103581572499 -3.39169053866165 23.4226669277651 37.7636570244459 11.1861442639146 40.1297425363647 19.9838264850472
0 -3.74493201965563 -1.42380853812215 2.09357489659587 2.45672522488911 2.88648418483806 -2.48159364812638 -0.0933956516040051
0 -2.88841575031774 1.44268099245528 7.96445658575061 8.67993540950127 8.83302976323982 6.73250557120053 7.31387331374553
0 10.0498240522764 -6.31041993074757 87.5970187292262 63.660802077746 78.8464689182395 87.3963547513957 65.4425387804963
0 11.3492616897488 -1.25732660427944 57.1575454601047 55.9547553639741 52.7480891575088 46.0980198558662 5.20483238418977
0 -0.434443950630705 0.0600848651566217 6.95076664854607 9.68131541440901 9.96632309836011 -0.68936723776825 6.00541586802558
0 0 0 0 0 0 0 0
0 -2.68208694221081 0.329882023739938 2.87106674155982 2.9545110069508 3.04516522132835 2.81233722964899 3.05463354358817
0 7.78304789353157 -7.38027401911148 34.5555767519859 47.4505419891634 56.4784068589296 86.2561089059554 14.5069554942895
0 6.01105671522421 5.24626828623781 9.25811232176363 8.90875414238047 7.49931408733599 9.15787747456462 7.2211728604809
0 6.01105671522421 5.24626828623781 9.25811232176363 8.90875414238047 7.49931408733599 9.15787747456462 7.2211728604809
0 -2.92474632840037 0.0753566527456684 79.8961708391005 81.3625315734708 69.6862863810115 70.2975041584661 74.5598822244884
0 24.4616406164104 16.6743337101023 27.2292886358432 26.9492970761415 7.34316202630228 25.7856441329718 14.6021772237782
0 -12.3271824110773 -5.84444636003813 13.635153345804 14.0430051708329 14.7571280844504 -18.0270276820665 -5.16736758612374
0 21.5897427777456 25.5626559086453 330.950983513369 331.147425257904 300.242581758489 340.48062742948 316.874121996882
0 -6.87878725959559 -4.42590796791633 6.57639378118805 7.90534949532266 7.97624236924829 -21.1548086117966 -5.95096714761015
0 11.052967556085 -0.281770101015155 35.8602252646288 46.1233040370369 37.2138534624628 24.1394058356613 -11.7989664196529
0 -2.68208694221081 0.329882023739938 2.87106674155982 2.9545110069508 3.04516522132835 2.81233722964899 3.05463354358817
0 0.997247898275702 -3.95645754819947 -6.53027330550319 -1.90684335132303 -5.52998846818903 -1.15535308345474 -13.5851083013875
0 -4.09183657068884 3.41829600174543 27.2133419347883 29.0876829077889 23.746262250416 37.7230865659448 25.3753534628911
0 17.8749955570131 12.5083118845781 20.8310257364726 20.5034739022606 6.50179950496776 19.9484236778002 11.6942277970303
0 -2.68208694221081 0.329882023739938 2.87106674155982 2.9545110069508 3.04516522132835 2.81233722964899 3.05463354358817
0 -2.68208694221081 0.329882023739938 2.87106674155982 2.9545110069508 3.04516522132835 2.81233722964899 3.05463354358817
0 -0.111280431396328 0.64540090900886 1.54559057903656 1.49143234318924 1.46233699936573 1.22959969812232 1.59744878545506
0 -2.68208694221081 0.329882023739938 2.87106674155982 2.9545110069508 3.04516522132835 2.81233722964899 3.05463354358817
0 -2.68208694221081 0.329882023739938 2.87106674155982 2.9545110069508 3.04516522132835 2.81233722964899 3.05463354358817
0 0 0 0 0 0 0 0
0 0 0 0 0 0 0 0
0 8.43546036563956 -5.55353597421274 31.6681392214548 33.9536306124493 30.4576803464186 30.2251298124776 -31.7972058479366
0 -4.25846898491126 -2.80232739965609 -2.10155442405312 17.424323853489 9.44819913016775 30.2612704908678 3.71126867275238
0 -1.45226026783013 0.564061697347795 2.40847621906233 2.53483754635641 2.64820847594882 1.99795723802641 2.50789866672394
0 -1.81811358932206 1.55981201155056 7.31360083936729 8.04168133323296 8.26182641524703 6.4964478884494 6.56932053165346
0 1.13784645984454 -2.59107916982748 -5.5762632924404 -10.4447497652595 -5.29892540052171 -31.7781180966377 -7.57228337414479
0 -3.9976303116267 0.914311999110645 5.74514526309479 5.95282234999755 6.00111498240585 5.48382601942942 5.71420203177543
0 -62.3998255321578 -18.0441628036189 89.5829504853376 93.0807522401714 6.61800510767834 111.965038979578 108.703852840244
0 25.5429316884249 9.85288278271506 111.822873443423 118.055474924215 108.841219985703 117.479929652548 16.8699354103103
0 -1.9835948092426 0.321788847713176 5.88338822321742 7.30278218784606 7.45460043217241 1.80113404072068 5.42950842928648
0 -1.53185615845936 0.168285140103414 6.49097250667255 8.54697787353297 8.77685272350532 1.13269314831199 5.77210427756206
0 -2.40632522971834 0.124646609646945 3.4309890959607 3.97017894139992 3.9758366261976 1.51983373544572 3.55272600618101
0 0 0 0 0 0 0 0
0 -1.72201326075658 0.311706489053888 6.91071087175435 8.84173398280659 9.06570720904853 1.55694982657595 6.18570226088696
0 10.9428692084043 -5.00787655395681 84.4782048920845 65.8637670438486 87.0024888861223 120.044728739405 70.4309318628512
0 10.7532622827499 6.51086554391041 17.9272659877485 13.6597053115072 9.87068447243884 13.4499943270043 2.3953678413602
0 1.59195605011068 -3.57668996513388 41.5548447561 39.3069520151328 29.9305703656656 28.7177876921712 28.8148636209703
0 0 0 0 0 0 0 0
0 0.240261078080894 0.530138015507097 1.16243143785222 1.0943909987819 1.23442890987389 0.897193217912274 1.14485706588357
0 -1.39708578863751 1.31393657172874 7.84600634935362 9.25563723703713 9.54740950219501 5.44272044449841 6.8623930282479
0 13.4358769171693 4.61280776594228 56.8787413945224 52.6328450343363 54.771342650556 46.2141026445358 -6.67058228419681
0 -2.71969408182994 6.80672396466323 116.006699567502 120.857884858054 118.84957245787 114.230401504469 130.883679296126
0 0 0 0 0 0 0 0
0 -2.47433708047598 0.937417244725191 5.79847781650502 6.35216268008198 6.44091968040063 4.49174586423078 5.49957634906138
0 13.5162856228885 -0.61878440981846 67.0657659225835 65.4027551278015 64.8965491695557 43.251357456081 -19.3112571430031
0 -4.33143392753193 0.362005455195373 10.7660787794818 12.2206470802582 12.7272345887576 2.7923620279678 -1.00889788841238
0 31.0050478014736 22.1834800649684 36.0633763324676 35.4503377737606 14.6482958066789 35.2712330364197 20.4111891153847
0 11.0880657166221 23.9568986750448 129.73965663504 118.941960873193 135.062436866123 118.681241813147 128.723292322298
0 -2.68208694221081 0.329882023739938 2.87106674155982 2.9545110069508 3.04516522132835 2.81233722964899 3.05463354358817
0 -4.0572598226739 -7.58320188898168 -18.3315541431753 -11.147387903662 3.33663908244441 21.5329979089044 -20.2713261777324
0 -2.23416083508198 -0.0763564748623971 4.33624743592948 5.46718608341191 5.53348677666599 0.471843749782775 4.2405212832924
0 -2.30420997685096 0.505695407182168 3.83800360498905 4.15936121605496 4.1904657683179 2.9442485868607 3.85894812260649
0 -3.47630971778841 -0.662993979657429 -15.2724765169677 -13.6700618237888 -6.05011175420606 -8.81164997090283 -1.8415299142533
0 10.3369192299586 4.21653336599165 13.0907953274694 9.8331636756524 -2.55493548672497 -0.64139006467313 -3.94025773278872
0 6.01105671522421 5.24626828623781 9.25811232176363 8.90875414238047 7.49931408733599 9.15787747456462 7.2211728604809
0 -3.74493201965563 -1.42380853812215 2.09357489659587 2.45672522488911 2.88648418483806 -2.48159364812638 -0.0933956516040051
0 -2.68208694221081 0.329882023739938 2.87106674155982 2.9545110069508 3.04516522132835 2.81233722964899 3.05463354358817
0 -3.88502049187818 0.929867155148099 5.69052136306755 5.88987616468551 5.92142329070917 5.43448014248261 5.65306631166877
0 0.536629602069596 -0.0258659350533001 1.77821343703894 2.32663724101637 2.47521341329377 1.29025010677687 1.25369660085871
0 0 0 0 0 0 0 0
0 -11.6975272738145 1.78722972408542 228.19364641802 256.78285642693 208.413792581713 214.960967598758 240.696109358484
0 30.8561651969901 21.9396254819424 36.3204564322596 35.6408503192833 13.9772162990005 34.7352218802228 20.8774919218596
0 0.642683475607506 -0.117092938733157 1.6957229015405 2.43450494589007 2.32795522784593 1.52675842559862 0.989147329384674
0 -6.10693583357371 -3.41103859663369 62.482090736366 89.7839433961169 48.9993600613976 89.7178056958609 69.7096912044408
0 -3.96753845684648 0.982656092771721 6.89128111117308 7.2794976664344 7.31567355260184 5.93973410516655 6.63683843997376
0 -2.42789735070731 0.938686972354951 5.76341994806544 6.31966868359698 6.41163031457472 4.4734668012658 5.46065062610343
0 -1.88914522610543 -5.72424331048506 2.24229028869936 6.38868920560536 6.16273018861042 -42.6236787170951 -15.0936617083309
0 28.8763960584147 14.588502011115 118.737809126126 147.708848126807 130.852651835575 162.442925600198 103.832489899856
0 -5.39313812702665 3.26261717932763 96.3736680809956 107.665074333672 87.6994254412154 95.3995475414737 99.2619741312134
0 -46.2933860428954 -35.6958679480437 45.6727621719032 71.8804043447578 -52.8271709545217 89.3855360117644 56.3669096952662
0 3.63041348328562 -7.6191197605348 105.067747467646 92.6278566148469 85.3435027834336 84.9328321912201 76.6407721031986
0 13.9639881886823 5.72013403863019 54.6215032606966 60.6966386439071 53.8817212211477 59.3266839584659 -3.17862606012082
0 0.365577834917548 0.355285944941331 0.973209083482543 1.02970467950861 1.13747560389196 0.697841534184479 0.807488377097431
0 -2.42677243677095 0.848719051242041 4.45918647684709 4.55490106232923 4.57326255749127 4.15972616446864 4.39441172838982
0 -1.40015195511514 -0.643936347755368 -0.896771902102834 -0.33069499220416 -2.11478951428747 -4.25151658204272 -1.73922293512926
0 -3.77003240667737 -5.65897661979136 6.07099014315775 9.68426003551604 9.66978231923701 -43.0408755667791 -14.5997232645495
0 0 0 0 0 0 0 0
0 -4.9342983924305 2.1032655004345 10.4226111614934 10.5923491207347 10.6377460986222 10.4043400364279 9.74731213912553
0 -4.64831133601298 -2.69530232943399 -7.27642616447305 -1.32338661749719 4.60544886389179 -12.6382646232197 -4.00106526471788
0 -3.74493201965563 -1.42380853812215 2.09357489659587 2.45672522488911 2.88648418483806 -2.48159364812638 -0.0933956516040051
0 -0.738765722766296 -0.580601740413231 -3.8590869213331 2.02873869919589 -7.97647981295262 3.82172091525003 -4.45633436464617
0 0 0 0 0 0 0 0
0 -3.39569305218665 0.436725361072373 4.48067677169607 8.78435635382689 10.5101367701305 5.70056313124048 4.48450612966662
0 -2.36917511090659 0.227723987444154 3.52591006694189 4.00989669338722 4.02322651747628 1.91701351784812 3.61982191677684
0 -2.72141203934412 2.08405788505934 11.1275819749768 12.4613970515667 12.7689419175374 9.0037254964447 9.81016907159904
0 -2.68208694221081 0.329882023739938 2.87106674155982 2.9545110069508 3.04516522132835 2.81233722964899 3.05463354358817
0 -6.09836990072503 1.37193228148963 9.02051987495295 9.31686823305674 9.39411104826712 8.8470785292593 8.76581356930536
0 12.7947588847393 10.2781419639908 16.9369567287283 16.1669944459663 12.0642341912169 16.3643766749202 11.7016018200282
0 -3.1978503152559 0.152147137187796 -2.29750788925802 2.11059287986273 7.14476639114348 -3.86698523595864 4.61140028132109
0 -2.68208694221081 0.329882023739938 2.87106674155982 2.9545110069508 3.04516522132835 2.81233722964899 3.05463354358817
0 6.01105671522421 5.24626828623781 9.25811232176363 8.90875414238047 7.49931408733599 9.15787747456462 7.2211728604809
0 -1.91803058918173 2.00925456792776 11.5868397097817 13.5355903138177 13.943974245193 8.37152361017104 9.96755759254477
0 -4.13697837575084 -2.08981658131486 -5.88401736651016 -2.41515015107927 0.584726857323687 -8.25534865571403 -2.09929546146915
0 -28.0804423755587 -14.7667618805343 38.8961180067791 48.4298252514214 -7.68948401966215 31.9581211323225 26.4893553268792
0 -25.3535871249179 -14.7169892021855 32.9144645290767 39.9625011748113 -11.948824518032 19.5940485763145 21.1363618932125
0 -5.81143436357209 1.22302113618855 29.0623303194818 34.3317310963917 33.8155486518945 52.6150262743244 38.5931916442656
0 -6.23705073554489 -2.47406341076274 4.76228226803349 4.97128453193832 5.45616020083468 -4.64839726021757 -0.487073804430191
0 -0.558246816335739 11.6853869706615 66.3487842836395 82.4213388661487 55.0372483880092 76.0783294483692 70.1837039096326
0 -1.94169025439938 -0.361221623628346 4.92916938126387 6.75666908750675 6.88128147271359 -0.698014534801907 4.61595405747408
0 -2.68208694221081 0.329882023739938 2.87106674155982 2.9545110069508 3.04516522132835 2.81233722964899 3.05463354358817
0 -4.91872443835416 -4.7432390281013 66.2611003676175 76.3651115356601 56.7178457981003 74.9602952208243 63.9150061179212
0 -20.231255577233 -16.858693351461 31.8436234797968 41.7971032402702 -28.0575298313395 45.583309682547 24.8859495922656
0 -2.68208694221081 0.329882023739938 2.87106674155982 2.9545110069508 3.04516522132835 2.81233722964899 3.05463354358817
0 -2.86400611680935 1.52775154668418 11.7207977606317 13.8441005277708 14.1856805452765 7.06649479367479 10.2650609361863
0 0.469274432989167 6.8596833885463 29.6885066352363 19.0289715173529 9.06672656406832 21.0803964470923 2.81649992009042
0 -1.12516470579401 0.642177847499042 9.30068958856267 12.0849144533665 12.4699364590823 2.49276396451149 7.9466197132784
0 -2.08774537191156 -2.13325442844351 -5.00801585984235 -4.44927696749284 -1.05517188819848 -13.2928724744327 -6.02175074809573
0 -25.6253883554398 -4.05034589674722 -1.04327639870334 16.3135455041582 8.67137604551232 19.275058988002 5.4640233166208
0 -3.15755406771655 2.11412857619711 15.1496912339947 17.8779582678955 18.3525672192666 9.46989683742308 13.0606090518427
0 -4.98139867581129 7.41947746436871 19.1576449388649 2.49179446203887 12.7693991391758 16.1952042771747 -1.64284313636055
0 -1.72797677698052 1.85917103412248 10.1444424936012 11.6896452382395 12.0301606012278 7.34410320010322 8.83217011299714
0 -2.22343407051287 1.48863782429499 8.87342798150982 10.0881064193349 10.3238253722674 6.10808932491956 7.94169876981848
0 -0.597932269075558 1.24128681024114 11.0271558493503 14.0081320936224 14.4774103930918 3.99305354771958 9.29240219197029
0 -22.4580325312136 -7.78671209922013 -0.135652926285729 1.65015112930192 -21.9680508298188 8.68668156034332 -10.6146456589657
0 -2.90027172709644 1.30580297249772 7.88582183267361 8.6762450767543 8.80717435283778 5.94384899863901 7.29083750758372
0 48.7970498949707 34.3117236143982 51.5759086090849 51.9819594330193 17.0691093392142 47.1274648098712 28.8786261791799
0 -2.5111198358502 0.563540315793235 6.57584179993845 7.836869140618 7.96025929514276 3.05657597093705 6.10808200830813
0 -5.38369324027883 -1.06551647624019 12.9063451238528 15.712368284808 22.8510468570058 40.0898736668244 -6.52672436892678
0 -2.30600027106168 8.09331922015294 47.0052162010541 33.1887086357338 24.8467523538432 21.6748770298495 -0.788251475444113
0 45.1247716340128 31.1943903901135 43.7533942239795 46.0343801179235 15.3602231820628 38.6964985195314 25.0637261660294
0 4.61904911823686 20.1844377434227 165.519418005015 176.631539797205 156.531087270894 180.91291517475 175.514547641603
0 -24.5724463200874 -10.9131965319964 -15.4767531833394 -4.204706182504 -5.98412666716906 -3.36421702029587 -6.86515935722778
0 26.6380652916464 23.318871734021 32.6541108826994 31.1398547051233 18.7946753942759 35.4872811816884 20.9852232875274
0 37.2026249308133 25.913447082743 41.5793876730019 41.150444020676 14.094385595714 40.7524200207846 22.1686832772141
0 1.70120965906216 -1.39983690679603 3.08948894088914 8.09067680802223 -0.263190288629261 3.87697760459463 -11.775868451586
0 -2.25003892555834 -0.0996419860681232 4.32800962018997 5.46711287084162 5.531888467379 0.370283672910809 4.2393151810776
0 0.179047343743237 0.566643221967779 1.22963557481148 1.15971625001903 1.26019394034888 0.958653186885858 1.24691073252777
0 -3.31624126276731 0.905951451744635 6.36448831440869 6.86764735380523 6.91432261334629 4.99664299908744 6.11568201019282
0 -1.1567203591668 1.38491669872099 139.196190076692 151.153064463853 158.839925524968 131.430696101041 174.145650705646
0 -1.59618335071725 -2.75525865643452 -11.2393352097027 -9.53988420084782 -5.27023851402731 -12.1124007818077 -7.05480440952321
0 -1.73078267847919 -6.26000170833004 33.5835950186063 57.1848180835499 20.2095991141834 60.2862829691693 34.4643496017067
0 -3.66088666703105 2.20598450323423 18.1925189220252 21.8417519928834 23.8057764433605 23.7695946644047 -0.131749151762037
0 -4.1384833429697 1.47872407839964 13.8238330773775 16.3404235567636 16.6834457525366 7.78071662121229 12.1828823790488
0 -0.150797603281611 -1.29635462954151 0.687033327391774 0.656883186366152 0.509592330336116 -5.80411747875861 -3.84969866843443
0 5.18384397204455 -5.39024967874558 55.034359928925 48.7582180951686 51.3584050420641 49.6724031829382 46.1320105992394
0 0.647934236287989 1.12419836660978 5.10060716689557 6.34369398726448 6.60444535964014 2.62457613652991 4.38987007091717
0 -0.991195808689341 5.34855712723152 27.769197247827 21.2914384037372 15.330002383678 17.113758586552 1.61571106506617
0 -7.86074832893569 -9.04076179602497 11.3042113067395 15.7115001353439 16.3959757549759 -61.9500734123243 -19.5694432658806
0 44.4791330642461 31.9639176394058 50.8576770629296 50.041408365232 22.5183417119387 50.2897192099835 28.4899921957736
0 4.21073422228491 -3.41924637410519 18.7224852227452 25.9427416027043 12.8440954214683 16.2015619047018 -22.9601860861688
0 -2.01145963813472 1.16051968833839 8.21876055633201 9.6544862698902 9.89212680110864 4.93238480882273 7.33222582398331
0 -5.6447550145685 0.547142557526996 7.27412558103066 13.661812259767 16.388415141069 3.79842504366745 1.45712085118848
0 2.804482997809 -4.10872599373596 63.4978841647852 49.6827109982835 69.3034894600099 85.3970115891259 59.9935334263553
0 8.0568514211835 0.826467454997129 23.1363419812514 14.2879874165151 25.6986117685638 23.075743769553 -18.2984354341604
0 18.938640317721 14.2418306005682 22.8460310256867 22.2309709159993 12.6339744297001 22.6018694374944 13.9731233321603
0 -1.94371768832283 11.2082890143706 43.8077040016343 38.603519273365 32.1219161642008 34.4867967081004 18.1981629613644
0 6.54981403439611 4.11732338761182 20.6145347235952 -9.51351327052652 1.64233403013657 24.9622094420581 -5.17337903984654
0 -2.46838122642982 1.21739557264326 8.68614643026028 10.0386835140887 10.252009893542 5.30464075453425 7.82331329653125
0 -5.81600448425406 4.81217320311177 26.979570546069 30.3663204096349 31.0750668772781 20.6371486044354 23.225238494917
0 23.7254419621286 12.4041216940182 28.7268588852934 22.3799881724806 8.76902183074358 13.1297394519164 -6.9787075081273
0 43.8897029105978 32.226805540689 53.2142567596191 51.9619783405977 25.4129130011532 51.6882604817292 31.7017944041866
0 6.01105671522421 5.24626828623781 9.25811232176363 8.90875414238047 7.49931408733599 9.15787747456462 7.2211728604809
0 0.85007569601359 -5.86032851290167 -15.3779947506896 -6.49450095746928 -14.2231520286389 -6.12924677508093 -24.6422981078275
0 -3.13190427942361 2.69133963458686 12.3418985966852 13.2925736878809 13.581831000484 11.1720578437075 10.9522293944046
0 14.6434763475848 17.9953076878366 21.0825795702945 22.9898611286405 21.3319205233077 7.59889011428423 24.8702970891329
0 -2.68208694221081 0.329882023739938 2.87106674155982 2.9545110069508 3.04516522132835 2.81233722964899 3.05463354358817
0 7.95300140922306 0.355164030664824 19.7009949705132 13.7281846648103 22.2804158079737 21.2219581078574 -18.9200265987248
0 -10.4023737220275 -10.0677490010562 11.8982453816992 15.9956922795896 16.9276512302662 -63.0002662507592 -18.5321187691759
0 -0.843891019413036 4.43357711156739 206.734942076173 210.953253882227 184.646287122384 166.305733488772 200.439487756348
0 -2.03513258163242 1.25134938576637 8.42416506990411 9.78125224879686 10.0223077120112 5.11444321607903 7.52784264767299
0 -2.32119713673903 0.700299664550162 4.13717357463665 4.33173649901693 4.36597016685407 3.62932715746639 4.10845556039174
0 -4.35309387187817 0.646772116011675 140.244732017203 155.396215011687 126.525442433911 127.098679080587 143.017337653856
0 -7.45535006510791 -9.76265552052578 9.82050488013396 14.810070655835 15.4917832786687 -69.5017954930622 -21.169687032798
0 -4.55373306743726 2.79687482199676 18.361272208424 21.077121613603 21.5508798617443 12.7449992532852 15.9679443644744
0 4.74737886371538 -2.6779682968676 12.7520199235758 -3.12796557764473 11.8139120800795 -36.1318374253398 -14.6503814710664
0 -4.19617520539023 1.59348688709156 110.113206510988 129.825310613958 91.3548649620068 105.366813846967 110.499612398733
0 -18.0856634924938 -2.7639812849813 -11.1242408509695 4.69753230860312 4.14924861746493 11.754623708034 3.12017285981244
0 -9.12542627032786 -2.54986214104542 88.7406196546199 127.760053489432 76.4148817652269 127.969086535563 105.65590755217
0 10.62471368259 -4.75582414910392 69.5895188758984 62.6514295580187 69.9054950421083 94.5117633350413 54.924763312604
0 13.9520668940178 7.20964876924296 5.8977627319568 12.5453140271754 -7.60795946961348 -5.52858835575962 -10.4259316320506
0 15.2547068922012 23.9553381060451 48.8428571567446 39.5740479464711 39.1194303960882 31.7509262378 29.0761261202859
0 -1.49267564381135 -2.55027708450436 -8.84548570603782 -11.5696486580113 -6.80001164441438 -12.3311294115957 -9.37560940084985
0 -2.54265460242197 2.28972067425534 13.735191197612 15.9560805426696 16.3862553498861 9.53744395825657 11.8585509049884
0 -11.7785939562139 -0.607302526313163 25.3972785216333 36.5223166013724 45.1285594977286 65.7633938267912 1.01396551103863
0 64.6909152919362 49.3296104581064 83.3516095476048 80.6342416952276 38.2478183982102 79.7897729794849 52.3180569285079
0 -3.95101929321687 1.85862247506052 15.4589752706158 18.2643232669223 18.6792522789283 8.88671550209751 13.4840818346266
0 -3.35218423693559 -2.78441855045109 -9.66005127997923 -15.9657608118546 -11.8016080015283 -17.6153542423203 -4.56803958396215
0 6.12154845681266 1.59569834900888 5.78344336292264 -1.69711423353557 5.92486128784954 -9.50749093492711 -3.47144002502715
0 -7.90117402800649 -0.0539669556106475 47.4007347328138 71.885843738447 30.5134063683373 69.9941600928903 46.6556800500675
0 -3.38062243051152 0.32803310105669 23.4843356264232 24.9023443544799 36.0204620576278 41.8411386368843 23.2649695471617
0 -54.2037559515056 -31.6250507206361 58.9179284626931 64.9472608112123 -27.5027897471987 29.1727000171558 54.2382415715984
0 0.576244636457261 -9.43760529702502 149.484145342292 139.586523875411 128.009228247672 129.52937723669 115.498961060294
0 25.8238881028476 21.057115535755 35.8060233195282 34.1508732703183 26.2315367599645 34.3816020587874 25.2246881614226
0 -4.51201184986146 2.14393602410922 12.5157436782218 13.6473109446601 13.8796149504039 10.5314830868894 11.2730984598519
0 7.20985055791468 0.795421003522563 7.35088245455725 3.03176350605051 8.27803232617035 14.0630021034287 -19.1680345166965
0 -7.64723922129494 2.74718059498724 27.6386354197599 32.2487114827826 33.3924463112725 11.3587871318578 -0.226237470285156
0 -4.29677893690746 11.4040469694073 43.2217177194181 48.1089313620537 44.2106743255985 41.5900234649488 23.4488685782234
0 13.7926771919031 -6.14781853113658 77.3996186694137 83.9686502986909 68.3492050466614 106.583367574846 32.5909612875311
0 -3.47177830050767 0.705711933875229 8.62903202413493 10.1906130492544 10.3574853536626 4.50272570395214 7.89313331637228
0 -4.19913691528988 2.35098864563232 11.400164501195 11.9595183338421 12.1389549645598 10.8559926234331 10.3794008126037
0 -66.0431169975526 -36.4855442512969 8.54700039321591 54.1117415546958 -42.2132765880304 45.5935449694019 -48.0446349058409
0 -4.66491222786081 -6.34365764859419 -4.25152006001326 1.51467437341589 16.2177556649094 48.2768352662361 -20.0796976516746
0 8.81646976287203 -1.40839667768802 14.9040681597846 19.9145372895597 10.3586971585097 19.746960850681 -1.36671385222593
0 -2.27936014141938 1.54697872302469 12.6322945948559 15.2878921343207 15.6969401886605 6.4192382870918 10.9111102830008
0 3.80542362594903 -0.863779624667359 0.803283318693744 -2.07260810901587 3.93617560167853 5.54208209091286 -14.6341083607322
0 -3.58399607262657 1.67243922083015 8.80763278895255 9.32562483442178 9.45135562058679 7.98817422432647 8.15131846940104
0 11.0627357859799 3.90210096533038 38.9839869434988 24.9950213514185 37.0758659334765 12.094669783462 -6.64411629831875
0 31.2102580880051 20.4282412529295 33.659964058225 17.7177311650661 -4.7162782107099 39.0016980432777 9.50355867796847
0 -5.89713983855517 -2.38279540606909 4.60579781942613 4.82906098854171 5.0961494832349 -4.91112270565263 -0.709686510313721
0 16.2770451619089 -5.3361967832237 91.6636114692488 93.8820879165338 97.2634688642206 143.315839518172 73.8425357573336
0 11.3767658494021 0.580082307262273 50.4606230219773 32.2664943101476 47.7808069071186 3.90030647094619 -17.1240593359429
0 -20.5805142013302 -13.5201954912048 14.6344970694985 13.3846500300666 -16.4262059021662 8.1749919026682 13.3285447446179
0 -5.82638796139192 5.96183497196215 29.834313311886 26.7099027444902 19.2605392958686 23.8777855797165 10.0991133424098
0 3.40809490059254 -5.33734441982993 65.7109490313975 59.456822424105 53.527368036313 41.2652684946041 50.284653090432
0 -1.92718884010602 1.4296331646116 12.262477853639 15.0068595694009 15.425188521894 5.61715003879306 10.5555331371739
0 7.28231456190926 4.6276644794622 14.9821677759137 -11.7388287360468 -5.57958215183919 4.93941200671213 -20.3382513334019
0 12.8790055521657 -2.13863371694919 50.1423282191242 48.5305753948922 48.5608110376636 44.605486690833 16.0636132515815
0 68.5879930368836 47.6255523813989 76.9291492583072 76.1516511634414 32.2205553849712 74.9892878198785 40.9172573494502
0 -7.86073490168425 6.38992910491108 28.9986683163274 31.9010624139795 26.10422579812 22.6197843390302 12.6929964539223
0 11.3782918870366 -0.0261775969993323 55.5275009673913 50.3301860163515 52.4866360221249 45.0914829633553 -22.9303600875436
0 8.20940609488846 1.67199868866751 17.0571988330645 17.7628134689303 43.8731393177738 30.7371710492646 50.2678792267762
0 9.69151361927152 0.589635909736117 34.9922358348513 31.4752570652966 32.8922425213358 31.6785241575292 -22.7124350529505
0 -29.8452966562944 -5.10906796157539 -3.77412870446602 9.66873901344729 5.06958897258889 19.9107541077679 3.30489197821225
0 -3.19670099905834 1.95209825947058 12.5374586775875 14.3784278565743 14.7237229224638 8.84437059580094 11.0091547255144
0 8.92327040147063 3.29559289863138 14.9140804471429 10.4415465191352 12.88474681538 19.2647438128032 -21.8623345147491
0 -30.5586980244889 -24.7474116629892 58.4285139794775 64.4955975875477 -44.066027946689 37.4282087281692 8.39148862408382
0 -9.27341680356864 4.60548049735405 112.176785320869 148.257617072456 116.899651489921 130.226416361848 152.501292347875
0 -4.1665100996084 5.04833600520023 27.2146682524577 22.4920419607635 16.0269296925424 19.3618885439466 5.70576139740609
0 -3.16217893244635 1.93905022829109 11.2278299397221 12.5978219811497 12.8898789988621 8.90067418396215 9.9504901029227
0 -6.93706838579219 0.558583234839801 11.9995230178267 18.5384125106702 21.4301579246342 4.77898982997138 2.41877891987581
0 -41.4942671448554 -26.7227206115746 10.0582041370386 28.9951602372533 -34.2347298084532 19.0422386264141 6.69305458454286
0 10.1327646449324 -3.72680327312266 53.1724663577136 22.7046670519118 49.5286212612354 -27.5270099873503 -28.7096379858702
0 -2.57142210419622 2.83034987283443 14.4954418683638 16.3991977890313 16.8463670172243 11.4754433291366 12.5123518242958
0 38.6781352088377 30.217883191299 49.9869744869337 48.2074023998143 32.3556739034731 48.8872716274768 32.6147360747927
0 11.5012074968845 0.194209499236933 50.6709557076648 42.6967533617843 49.7347238213939 43.5518031206536 -17.9713063922322
0 35.9594187763437 20.8893800709502 69.8928471747857 41.4276766657738 -13.4190939407292 64.4758992205755 2.27890500454225
0 8.27518805991613 0.504913433925751 22.8287464916143 16.6828191648236 25.0007699558587 23.2353303208316 -18.9939966762135
0 -6.03123171618019 4.18815921156637 18.5284492348093 19.1064097925454 14.7909770341819 17.5438015423374 8.41567670178472
0 17.0541127268358 13.0861889161179 5.73928179385668 10.1451447835226 -5.52635153482227 4.91299100840854 9.93075665209807
0 6.25376271590571 -3.90924150420781 5.33021282345689 7.55980900698617 7.24920249110923 12.6800239258007 -26.8460088384567
0 5.16180660203169 3.17472055818046 8.69909311015867 6.82440884534835 5.18608710363397 6.68640536612307 1.39015681854717
0 11.0694098650486 -0.651077905796242 53.6838196973203 50.2830015284441 50.3766114725117 43.7903461798296 -14.227773648039
0 -2.63397026426461 2.24817143847607 13.8039267925933 16.0233964638241 16.446780248425 9.30280956765664 11.9489369892569
0 -3.92138338963258 1.50189351440453 7.65548381836938 7.77433701309021 7.78158081515173 7.53249415543446 7.29535496660559
0 -5.422250779417 3.70453791782593 18.2175329901768 18.617549610135 15.0484250612022 15.3614019201021 6.44669829450197
0 -3.50670569850977 0.972095614433938 5.4878154283894 5.64365084922413 5.6149605402554 5.25280769834122 5.42934336639448
0 8.92463817760203 0.275133571426494 27.3017830067581 21.7745394156094 28.885177011857 26.7955778731846 -18.8511520255152
0 -5.42275448591693 2.52813289538982 15.698447480482 19.2638141734424 18.528098916483 10.8483283976201 4.42793461224139
0 3.70225532928146 1.633185353819 1.60544434901788 -0.486334475123172 5.55502325075919 6.15258051141361 0.197910822544323
0 -4.67602414327472 -2.28543743938467 -1.49473271072304 2.41163643201273 8.88826394994598 15.5848446808084 -5.26748560208441
0 -4.75723716830536 -0.522662090127582 9.86145559916415 13.5702780087901 16.4912563033292 21.4671531878507 8.89381084448538
0 3.63025333551248 -2.53144304112774 2.78069793280356 3.92461133363588 4.3055022285602 6.60429006470555 4.04897187944118
0 -78.818273512495 -35.0099848228473 24.6459010375131 14.9398888586901 -11.0001772201839 21.9373650001054 41.1150795828954
0 -4.30475460435583 2.93449455008829 15.9140034951113 17.6038049830947 17.9724536818382 13.0636637029474 14.0017854905886
0 -5.16852692986433 1.50776224359283 8.58190108203392 8.82931558071092 8.80640837225627 8.45435707717922 8.27503812024244
0 19.1059936558648 -3.27734532208839 90.8730942802893 87.9132719569677 84.1514636992425 76.0509688775777 -46.7620551015901
0 -4.20179880619354 8.46747460786294 33.1998805671532 24.4687965306348 12.7461610005139 29.8338346588936 10.9644222458976
0 -54.5296551872257 -11.2311419362314 21.6185528637827 51.6335310936618 29.6298235310696 54.9451366199219 6.71366198797733
0 9.55124153087242 0.152317955161593 33.6294669819525 13.0339446905457 31.6991147446377 -16.1721827783129 -15.5727156549236
0 10.5028132468348 -1.09741171393327 45.3914756859235 39.874836859736 44.3555740318485 39.575512661093 -20.4241555784878
0 -3.8348384490619 0.936408361316058 5.66543364290077 5.86036890268859 5.88400230226638 5.41194308983891 5.62510199227452
0 -2.5984307615126 3.02336386763619 15.9831529995248 18.2648120823767 18.7773016567757 12.2297765256321 13.6998077526173
0 30.9210792947578 16.1316997280924 161.660975775571 154.75022198672 174.345396154513 254.353359460124 170.368859114458
0 -2.81686020619038 2.30130003969515 15.1649993301215 17.8263548225136 18.3146337582749 9.83796222136482 13.0293854109249
0 -21.1952934353533 -9.47449506215528 23.3637796702991 36.039406596844 -1.69774596587753 36.754197442112 7.97189243662943
0 9.49011439815727 -1.12169140062417 39.1942875667679 37.3906772384078 37.5361070787898 33.8841456049696 19.0476511093687
0 -7.00798205801738 -1.35993194577152 -0.940595593800992 1.26759863674641 4.61766645708688 -4.16584159596816 2.61252715178203
0 2.15526374767279 10.2336718882246 131.727431226609 155.690805731512 99.7590644619855 163.117300313128 114.091976325635
0 -25.0922588573438 -15.0388724740614 8.06551135185944 26.2557156527756 -28.8212878830264 -7.52700826097484 -23.525998512832
0 -11.1348350395844 -3.65357587070545 57.3211817579429 96.7064378461034 51.3960021060091 108.426354020929 75.7134546913219
0 -67.1059991944189 -46.4691596640483 67.5672248144598 61.990936105279 -58.1978146519811 79.062560251458 68.6604858928698
0 -7.07964257834877 7.52723849426029 38.3429082739105 32.7981867251301 26.1551237930643 26.0499376308274 7.94579679394708
0 -5.72560714473112 -2.88190080325355 5.76814576815913 6.44601777787044 6.29435418584916 -10.4946407432991 -3.27479340342343
0 -1.35741268953933 7.75096055425917 47.676472036518 24.0206266690097 16.2789304713508 6.93439142839827 -11.9440658815564
0 7.39205198988022 -0.672721261037424 16.0442950766883 13.7611227202788 18.1129224522145 18.5412032656314 6.18733756024547
0 -3.10175175859088 1.97090902319922 8.88841613982806 9.26815185584783 9.42473171751768 8.63692485284218 8.1498674358211
0 -2.68208694221081 0.329882023739938 2.87106674155982 2.9545110069508 3.04516522132835 2.81233722964899 3.05463354358817
0 -2.41868410045354 1.3978440189848 6.3929128900321 6.66670064575163 6.77858929323551 6.1142595411343 5.98554252923703
0 10.8659080640015 4.76670710461008 40.9474236586618 43.3613299687749 39.8968589694916 46.872123988582 35.0642732760774
0 -4.76001072901988 3.55746323490546 22.1276537545939 25.3430500542875 25.9353386552062 15.2059396255401 19.1039082344528
0 -2.73846291843165 1.76428654098041 13.3093513274888 15.7937766254377 16.1827991847395 7.3870364952202 11.5793734987124
0 -7.09327116343001 -3.76573453523509 7.75913704854168 8.62142157567562 8.68273361588603 -14.6823987994829 -4.7235090516657
0 10.4794774352119 0.473572458889265 41.2491528460086 32.3017864425623 41.8917382231524 36.9628142286111 -16.7971228663904
0 -31.8536545915813 -21.3882162302834 10.0955082902885 18.7325407215442 -29.0364947359108 12.5290226911779 13.2348925625696
0 8.304304098297 -12.8863628098556 147.68300748884 123.233164882521 144.855676665387 156.923153538495 127.804008096632
0 -2.49863413578285 -0.0949299248126909 3.25408140521593 3.90249393885456 3.89208481753914 0.648833335125318 3.43614505931784
0 -2.68208694221081 0.329882023739938 2.87106674155982 2.9545110069508 3.04516522132835 2.81233722964899 3.05463354358817
0 8.39018516919776 -3.66235558971761 30.3596923463689 35.0546786886216 26.7734230769829 28.6676549257792 -29.5033678172358
0 17.0275636380124 -6.94765386398899 90.5998630930375 96.3409138310053 80.5539430090933 72.9601909416052 -0.592201596140967
0 -6.57290151061555 1.64337439815299 19.272428633715 23.1946704245484 23.7464334523615 8.6427886768622 3.30648964449526
0 -5.04151987305238 1.51902949090121 8.50861913884372 8.73725682104118 8.69738840746025 8.38824233719043 8.194680106041
0 58.3042046599435 43.878419109421 70.7480630670096 68.8881034438648 40.4267473593167 69.9110916554696 43.0429601281452
0 -12.4153668271388 -11.9464101818542 13.9942663268281 17.645294921113 18.6294653978449 -78.6784753756215 -21.9103834885084
0 -1.22254728630998 -3.13856979092535 -3.0243581968725 -4.99988369992424 1.86102759821537 7.56079844098745 -16.49418873069
0 52.0745475973688 39.2643719887435 62.907243369967 61.2436226748343 36.6488047420569 62.3014288240914 38.303441395027
0 -9.58236801415725 -2.59684263137635 8.15541678928966 20.3305917638925 29.4453466235411 4.22906684754045 -5.15349762331732
0 2.12168667555045 0.735578805861181 -4.10659463183106 -8.65334974006475 -2.25271984561515 -0.516164604186022 -5.26726534759716
0 33.3822205494965 32.6021879296915 323.141416904791 293.761052095126 313.289923994311 370.001410685507 299.153445305193
0 -3.26461877995581 2.27052272192848 11.8551949360126 13.042539270769 13.3109366863118 9.79475470163709 10.5556524850924
0 -2.57600646995007 -9.57590318940737 130.756859486428 124.769399560228 114.070155243692 120.651975777967 105.214024636572
0 -3.86140218775715 2.91257290105033 16.8451768932543 19.0636072768104 19.5057418601362 12.4894870621598 14.6674885645545
0 -3.05348619104251 -8.01067027299041 137.660374438971 140.519532807327 115.984273127113 118.894973960801 119.681975184415
0 -3.32045122722317 3.31989197485819 16.9457296449614 18.9862894621934 19.4724577031302 13.7168197694093 14.6465820909093
0 51.7181456009423 38.636129374144 62.0467422987629 60.5145120747467 34.3281410899272 61.3300419502186 37.293732315144
0 20.1905564999106 14.7563918025415 4.81728312701887 11.3478656223659 -3.46028940005858 12.1223410795877 9.876572750631
0 -5.00580646722767 -8.92869433723359 80.0727963184601 90.9950191384505 81.6897711453861 117.083022743776 80.0760172295703
0 13.5439689310824 5.59694591335052 55.1597722975785 53.1740807280268 53.2725312818503 52.018101065578 18.7311764199844
0 -3.06163303365713 0.99202216397614 5.19234329438752 5.27754230747468 5.21327725886171 4.98205458604839 5.11356441501367
0 -4.75942258257552 -1.06995640607114 -2.37371339268135 -6.12073971117789 -5.24961443466009 -7.41158200551908 1.37730594653931
0 1.12085196470287 -3.88536757121673 -4.80182950263006 0.971354147445766 -4.42651393812092 -0.0135007432685939 -12.3059199295026
0 5.24605455848763 -4.09539301803515 8.34923335124675 -3.66001657040498 6.37031151545031 -63.789474876376 -23.509085670722
0 2.13622643531394 -4.52310412739226 -6.66491037018002 4.95237787244125 -8.91269689025435 -0.195956635605086 -24.5614199916423
0 15.4364004179701 17.9694750234885 93.9165618290806 91.7703666210394 106.322937722009 76.3861519510342 112.781600578445
0 19.4238882267749 15.7707331868849 26.4973456132245 25.2766647683087 19.4248585779267 25.4403145291713 18.6221040246421
0 17.4697382161398 7.789459095707 64.2995619809826 64.7432192769033 62.7584678524035 64.5475058160497 45.6092001170601
0 7.04212297131786 -0.677725947114837 24.9168332731619 23.0218759830572 24.6634494790313 22.7922160875224 9.12183933974718
0 7.25473264514495 -0.720341577386392 14.1432679792413 12.4391793963916 16.4036691091266 17.3212323021359 6.00720591628641
0 -6.81670975373213 -2.05147764174662 -0.59707779793375 6.95644486236654 13.106223769961 -0.26397123958246 -1.28953594910286
0 11.4447459691028 -10.2600876375821 65.6206591587278 83.5301817172751 53.4296038490539 52.9281729774881 -51.906607571839
0 -35.3903303037456 -17.3116503194853 38.7647513439734 53.0337494396399 -23.3058513160281 51.5345441582913 54.6426095983544
0 -4.10106376876387 1.99928999795493 14.520272981834 16.7550447622945 17.1048831392722 9.52630965273533 12.7857756397259
0 3.61287998100207 4.02313336082116 -11.9291059873018 3.26043826815223 -16.3673769328088 -16.5657503872491 -15.3551678582364
0 -4.98086514206261 2.78086177724279 15.0962405924624 16.3022989131119 16.5667805869773 12.6701675986874 13.5323520985873
0 -6.21472807737678 1.90118606100064 15.5278263241948 18.3367037042006 17.7667146848978 9.58675722307942 4.20253840209706
0 -6.32143599966368 -2.66739220908178 0.261636354079315 -4.47182582196491 -0.389497694487332 -22.4108240388918 -0.397750565190535
0 -4.75641357543312 1.76368586561459 11.0400370482256 11.8850400093727 12.0160593719941 9.07359532509741 10.1725755550849
0 6.67446902501193 3.2743552018221 43.0263086367865 21.5333825876393 -8.66484144650204 35.8360597997293 -9.07787725753883
0 -2.14181659096721 2.04481005318083 13.1487088147936 15.5379319578542 15.9760092943142 8.26719661250917 11.3078142583129
0 8.91805799654173 -0.471295860162641 29.6308971008066 25.3146435610486 30.4109319493955 28.2352660051548 -20.5828390106855
0 3.93236555527943 1.25110158422217 -7.34166284173325 -16.7073816801226 -0.519704373167869 1.66231168028236 -5.63517810330099
0 -5.22450559340545 -1.28556482645152 -0.0149581061001527 4.7940564906457 8.29923055899536 -7.1348894364201 -1.01835081115892
0 -5.17638953093167 -2.19327945320099 -5.38274307891082 -1.22529831046592 3.28238410318521 -12.7449231372718 -4.48767539688208
0 -3.07818174211562 2.26300316235027 16.6306928776423 19.766463882258 20.2878250699292 9.58235011401295 14.2806634231064
0 22.1560106976622 21.3346331270648 22.6728285720857 23.1254038614394 16.5723004266185 9.223218884261 23.6734925571247
0 -2.73779743020202 11.888372615368 36.5922381691055 51.3211788945008 50.9093926240627 47.1513159105912 27.4067464133564
0 -4.24398730535067 3.078995660561 16.1636245146636 17.7509643268515 18.1225596568748 13.2714281278324 14.2361175001857
0 32.6607385412232 26.4381871479659 44.6249305204744 42.6347179309598 32.5940619833924 42.8843709797206 31.136496524256
0 -3.27972607280601 3.0663441890874 17.8416709974173 20.511243510541 21.0461445472522 12.649662000099 15.3407877236461
0 -2.46891844997545 -0.0278920199968873 3.30492747924807 3.92116938926925 3.9155443778503 0.918004598511497 3.46846064714934
0 0.334885383642074 -3.69802973660835 -10.0691759305338 -3.96337323093026 -9.32547780049168 -4.03621930746253 -11.1135231311608
0 4.95518367596688 2.23231812113704 4.45901334880529 -3.23426099463621 4.26287355089218 -0.0224293173860275 -1.7637304412979
0 -5.46858322594937 1.61280851284033 0.100148855592721 19.0691588534588 28.1413278015449 6.81258630304174 13.4909450228906
0 -2.25290484165466 1.13977925528243 7.10639436007787 8.05428504049456 8.22269586098786 5.134692056279 6.48981092422343
0 -7.39025272294681 2.4271608239419 20.1174968825654 11.8942495285003 10.0344552427401 -4.09053678975152 4.76914750235782
0 9.41858693545922 -7.51275150450661 89.9142478403514 76.3721793203123 82.4112282914774 68.5702966071053 75.9621825319616
0 -6.59230468713042 7.38048170640218 30.9642794101112 28.6205427806341 27.0358719080878 13.9184304713061 15.3418702174585
0 3.95316356582748 3.07176985283957 41.6333401198771 30.4775808717867 -21.7636212784257 30.0009211638028 -10.7013404493422
0 -8.02756419894865 -0.198064086390062 10.2538982077159 16.7422435326734 19.2841310754261 2.90884035016684 6.49465337874538
0 -10.5729707901883 -10.9110881215866 12.8824961807822 17.5897709263117 18.6326443258647 -70.5801559189661 -21.2428564306574
0 -5.66452282195766 -2.32411320045661 4.48947372322775 4.73203381748497 4.84554729757138 -5.12097623110177 -0.872917880494617
0 -69.0519797994248 -15.6202330977919 -19.2275470869213 -0.885065974082011 7.08733959483749 6.62323380777951 12.0608617738961
0 -4.41245091362215 2.68003294589916 16.8136855529396 19.1259102648487 19.5527427022654 12.4187496817896 14.6800398825554
0 10.3028795817631 1.01317320266043 37.8622599862894 28.7289827923775 39.0769638833603 34.6473104869667 -16.1704574992869
0 -6.55733460324369 -0.778266824967645 -0.79045700834115 3.865957129967 6.55485127401371 -3.97464468051315 2.5640591737352
0 1.81613047282728 -4.95786821366741 86.8311748110654 79.9830989364161 74.3847014711555 66.5589930566802 72.0517358791913
0 -3.94258077322731 -0.0261057729782692 0.775101823251816 10.3015506947593 13.6448801529358 5.85164838633916 5.67616779652015
0 -6.50471898006755 -1.56002045136547 -0.12683774859174 -7.48431360113861 -4.55413477113711 -7.47463968098411 3.43022416558445
0 0.347558799701815 -3.82429956644783 44.8888571571201 44.8222387531063 31.2004547131738 36.1956651947133 31.0131133000807
0 -3.14569136988081 -12.5631881513091 378.144005528012 363.402372051877 332.563396635129 338.515532883043 328.508516400589
0 0.852889815957965 -4.02316432022666 -10.8987513313599 -1.28756136420054 -7.0931524018979 -49.4360851540086 -18.4581837194739
0 -25.5918769121058 -14.7421531837521 33.4351568600343 40.7070177032858 -11.6392344965402 20.737792684102 21.5330888267697
0 9.61732895278739 1.66201185668625 29.313170732174 18.6435321049675 32.2784874406905 29.0182981668899 -13.9752616992592
0 -4.60858236943692 2.35839417460198 14.0709354517114 11.8749490736279 11.0580881530151 3.55713951489321 -0.0704493536680673
0 -2.68208694221081 0.329882023739938 2.87106674155982 2.9545110069508 3.04516522132835 2.81233722964899 3.05463354358817
0 10.238815534165 15.1362396027314 202.301764171683 215.583848381749 171.5159507392 225.388684335018 183.871512638333
0 -2.68208694221081 0.329882023739938 2.87106674155982 2.9545110069508 3.04516522132835 2.81233722964899 3.05463354358817
0 4.28664733190831 -1.58470564034124 -14.9271327252536 -12.2535962973238 -12.5634691763744 -1.62883565251366 -22.425631354942
0 12.9211678235391 4.75618337795628 52.6013824385969 46.155471813983 50.5301034884193 39.4343480330674 -5.83420646303637
0 8.58809127247304 15.4553637142548 24.1713053853032 38.2501975377639 26.6015217835633 41.0334112542457 25.81046440975
0 1.33835892667454 6.61456080431097 80.4280981517269 81.5056004624735 66.1401243253699 91.8447206158494 63.66223786081
0 7.93919027597067 -0.431252905216397 21.7952720853888 -6.41939842555482 19.918015764694 -38.0155947622871 -16.3661228517442
0 9.02487229401893 1.79775010850783 26.7527010611875 16.0801476823215 29.7362481804195 26.3974225005415 -15.2174997864178
0 -2.52685572582963 2.12280963407861 14.7800173943318 17.5717617667654 18.0533111142382 8.7674962223723 12.6864865984368
0 1.93710161453174 -2.25697023795011 -18.1191580589233 -19.3356738022163 -12.9147595504706 -6.36565897930942 -11.7395252400587
0 8.76270975317004 0.013733930712533 29.1650757092966 24.3438372526413 29.9583424967842 27.3380503376346 -19.7016479872598
0 -4.29583867543528 3.15643005925982 17.4332846211558 19.480332062656 19.9174872643318 13.850198233657 15.2151213406928
0 -3.58463026190304 1.85189034849389 15.3075491980913 18.1358317374491 18.55117984291 8.22449151238531 13.3455470584434
0 -7.92085174118571 4.17493323633917 28.6911349945271 32.6970132228882 33.4107896134138 20.5685027224282 24.8333327680144
0 -2.60065024270972 -6.04605441528685 -22.9776092063446 -21.5642922655684 -13.9315534293335 -19.79198120102 -14.1512934599165
0 -4.13637569407011 2.53637302163498 14.0143779772744 15.4649660417515 15.7693350390365 11.5564170939845 12.4311950775489
0 -6.74636403195791 0.854816133710699 21.2420462146362 26.1967648767734 29.599766511966 8.14403484416914 -3.59018315357019
0 -5.67167295655449 4.85267230663909 21.9626681968539 21.7419807256656 16.4844182059198 18.9126334613452 7.91364737647055
0 -3.11704747170026 0.992077602995723 5.23396615957048 5.32794887945392 5.26390750457083 5.02110785202947 5.15722635918213
0 -4.09653306104759 3.71372790446417 19.325322949112 21.5441147104664 22.0638974036427 15.5328027399597 16.7366491163612
0 -3.1920878672899 1.98597541212287 12.663452203998 14.4917695665037 14.8186788283316 8.68279890685446 11.155861757124
0 4.9209835886528 -3.92578205723743 60.167117963982 62.942181923197 78.8834723450319 50.2348171276865 86.9347785368713
0 -6.84447354630767 3.61030385027542 21.029419115556 23.035876452227 23.4730721507321 17.7239920370553 18.5399514030944
0 -43.1612610649788 -18.8970172509037 26.8029594115264 42.5013234020879 -3.26728705947801 60.4959012369879 9.8508166346391
0 -5.79085947713608 -3.36503841943883 -7.56154188949706 -5.30659921305421 2.65378451381733 -14.2265091872389 -2.73635673957742
0 -3.71348761540483 2.1505160175684 9.62055075279502 9.85065915364862 9.9677885041474 9.59234574178479 8.88643893170078
0 -10.9555073480321 4.47205030896845 18.7553932961005 15.6264644177677 10.3760136885855 22.5519315467989 18.4373211133297
0 -3.98588916327278 2.72520795923751 12.9604618664107 13.8114628328284 14.074803182879 12.0818657805193 11.5903829200371
0 -74.6243256911592 -23.2400897825611 -3.64342720131003 40.7048152584454 15.6757172925011 67.9866340732312 -2.44435219765606
0 -112.145196083616 -70.0682911269139 101.197469351326 80.9093251537306 -73.5350970051312 125.827250259744 87.5404009685382
0 13.8579435239959 -4.17641621386997 67.3717686503333 65.9551232601218 62.8102171284816 56.4033930300131 -37.5075657087449
0 14.930036021422 11.3583903188841 14.1860219589621 1.43991211959491 2.22330882940705 21.8302251062047 4.30567658636672
0 -4.24709357114291 2.25619221782523 17.4727266976876 20.512527145765 20.9780878962961 10.4028441823129 15.1848631832763
0 10.4929588437441 -1.01458889305589 49.964555977259 47.2634333640793 46.8683304600098 41.0086076334456 16.1102194482021
0 45.2058723190123 33.5654881928531 53.5367273708727 52.302687058282 28.8907368258761 53.0637945088005 31.7504183218487
0 -12.2135778437792 -0.978286705754527 18.0374731993682 30.99464193372 40.0198807346493 26.3348232309081 -0.540891452284257
0 21.4219231247955 29.0932893494027 56.617084926172 39.3091229233235 43.1916162687817 43.0815407987972 33.2679274417998
0 -17.689455337534 -14.570698627554 66.5877272726222 75.7001149204345 -44.9103420402852 35.870256725974 -35.1830854146297
0 4.88295373778237 -1.61457892743098 -3.84395436683155 -0.637044843345706 -3.45788504758696 4.46351339793256 -11.1324553795886
0 -4.69883792519267 1.68828419357021 12.0359152458556 13.4100581044943 13.620473879037 9.04085634272685 10.8928018865315
0 1.376143424247 1.73139033082079 2.50358312274134 2.87865215794413 3.00379578036219 -6.14399306205809 3.23916486060832
0 17.7983007263667 9.33593488585086 56.4989373396211 38.1130658529363 -14.6294716225942 47.7127672999041 -6.51157366283228
0 -5.21577291404103 -2.93425652594186 -9.88465114416735 -10.9655470304554 -5.74800272264466 -16.7714360245815 -4.51110577202269
0 -4.03271742078426 2.91873457994839 19.4069359240821 22.575777849214 23.1356793548495 12.7034269777584 16.7085632238172
0 -3.81779491128249 2.9924200008505 13.2163596586289 13.9227855493952 14.2026521876526 12.8736505491337 11.7862319286361
0 -9.62419653402188 -0.907015617087922 13.0582117105395 33.9219292287611 28.7509467140708 51.574418688849 6.58311803247446
0 0.600359814077969 0.984026566881212 -0.187869696685901 12.053729484137 -3.75994047606128 16.4285608352607 2.25701474156399
0 -2.56476878064024 -2.00457696929446 -6.22751762578616 -19.4158570836641 -16.1532218574858 -17.7113500760721 -1.78671364724434
0 -3.1763835675597 -3.56878680773346 -14.7647744947195 -13.2089726770526 -5.92446576846859 -23.1887665538687 -8.85098821599577
0 3.03669779005804 -1.34061286546316 0.667495029506753 -0.618599075514936 2.88385290722435 4.48074421524095 -13.7035023115366
0 -29.815845755198 -14.7231795306226 -38.826872950606 -13.7440479505854 -23.8128226061746 -29.2278068033838 -12.7259411199831
0 14.7294978282403 -8.16906588909353 71.9712738055493 80.278565876822 97.4366415179574 134.217931593282 54.3016080791299
0 10.5304478831764 -4.77151146768404 50.3975224967242 52.1887450654813 56.6390752850172 52.9873132365219 50.6808711771879
0 5.02064180999255 0.917875425519355 13.1693536723702 9.55580236451584 31.9898054514065 1.0856990318741 47.7379536336627
0 11.5437429687243 -5.45523155056176 65.0678343747127 70.4771611596295 76.8506626360887 105.333485946026 61.239636060537
0 -18.0982483504215 5.4843191610276 23.853762877542 35.0411112162592 27.4410266704598 18.0170777992376 15.4807131388884
0 10.8095200288957 0.200112479173356 44.2713187139682 37.2258515481463 43.9404552001777 38.9725999100079 -18.4470868434314
0 -4.19004969350773 0.843847378974129 8.29659252337128 4.4202283587314 5.9770083342021 0.773214734502062 8.75950824120437
0 3.67643623019018 -1.34460353067647 2.31118904454125 1.19629765799424 4.63619841609194 6.47132200002959 -13.6057520009528
0 -7.27015560262369 1.44961304135484 12.9723597622405 6.61995936523509 8.71921942100905 8.56188144312576 12.8065864082209
0 1.00655298670148 -11.5796124981644 201.488894829289 185.052056079822 176.014415259111 189.059617332998 165.936162090817
0 -4.44492289167816 3.41245114020094 16.6604035537463 18.0546737338761 18.4377599680396 14.9001660446208 14.6546754247403
0 25.5294449265457 18.9292830096445 29.8803507903708 29.2206593487638 15.8472257942538 29.8682236664926 17.556408850931
0 -4.41629028493968 1.58699057863244 8.17087664016262 8.34530403237819 8.28140323153092 8.08217216816262 7.82253500369857
0 -6.49051049649444 3.29291299968034 20.4054757510216 22.616092668595 23.0525888650602 16.1473845015535 17.9755999501873
0 33.8294937034411 38.7575432779707 357.6757668037 338.599933622045 358.221745928009 400.187559207008 365.680587398099
0 -5.02033633653926 2.19761790546079 66.4153165630629 80.5851936706282 51.8618232843898 66.7840793680946 67.3510021031761
0 10.4844709027068 0.205271111765725 44.5041515482116 36.3949557165025 44.1248804720055 38.4919651142533 -18.9834627241318
0 -11.9927776394624 1.92278184100454 24.4219270588627 32.0769817427266 34.8390506752142 9.13203659920353 4.42254975807379
0 -2.42407289602946 -2.38133964516093 4.68300270338536 21.9201147214581 1.36200440598552 27.4975994100814 5.92397839895595
0 8.16571008646639 6.83470691193111 1.85717665410164 -12.6800120103906 -0.925506672432448 2.94012487004557 2.05095673392384
0 -7.49820117809003 1.27891813031296 12.9299459811375 18.5832115216282 19.2478399665086 7.61493488510119 5.51343515581512
0 -6.62463833314781 3.07409054389295 17.3929193247927 20.2061254563468 18.2042273512908 14.0175865762457 6.79569970878275
0 13.0088967481481 -0.0110605705365145 63.9691707011441 57.3694979169312 61.4663898673108 34.5431301691196 -17.736823090687
0 4.165622873519 1.75667168501226 7.86385081272829 26.7482443670319 10.0097851609836 20.035516145516 4.59252052650621
0 -6.78081581393077 -0.864956561117808 0.881936057701054 0.854380800297349 3.3263411879874 -2.6318396534669 4.06105490355935
0 -3.06494946591699 2.58197381528086 17.089102293427 20.0575511072803 20.5743415955168 10.5680800808424 14.6925486270044
0 -4.43955937724712 -4.823916062661 65.8423364272718 75.7763260852209 56.189088683374 73.7548268600704 63.0510569355465
0 3.26728408981003 5.22205053561038 2.26278855227451 -0.838672695905473 -15.2446105324447 -10.9770031790283 -16.9319069025432
0 8.53126378062788 -0.501811422876017 28.8510359278729 24.9435652789115 29.2939104861548 26.9553881252662 3.81403480919349
0 -2.68208694221081 0.329882023739938 2.87106674155982 2.9545110069508 3.04516522132835 2.81233722964899 3.05463354358817
0 9.43747420462539 -0.409224612201314 38.5611871160007 33.8654121502813 37.7036773557698 33.3834168407577 1.04503403712066
0 -2.14294358736475 -3.24539410440804 35.2929011630386 43.3605588492046 50.6716260539843 62.4260251785959 52.6143001628877
0 -8.5888623656428 -8.65831224303764 151.490524506278 173.492910424575 117.542896779011 160.678749665077 132.365749708407
0 9.62638932311319 9.31239401434675 13.1640830157581 25.7737594099027 23.3908293563324 33.1007193739585 17.6642490512613
0 10.447886306968 1.15699143681043 39.519250017094 29.8561292596402 40.5836643419299 35.6841133632321 -16.1067145783287
0 -4.18101315436261 2.99638208019076 19.5740413292941 22.6958885396527 23.2541176937268 13.2147321949007 16.8593858289546
0 -3.37288579759901 2.78055090695818 12.5855500026198 13.4588934404984 13.752806401024 11.8440932722637 11.1723750910063
0 -3.02075295380213 1.35539568176416 11.7356557031293 13.9359450376431 14.2438259903556 6.15268114080346 10.3577232596691
0 -5.01380447113185 3.41372312356338 20.6890555606837 23.4935952227073 24.0401743056751 15.5015774960917 17.9145058676592
0 9.63485104489632 -1.09940643015473 40.8258226174163 38.8114820133556 38.9611815552625 34.9553696452216 18.7605636681617
0 9.12882160337293 1.33367063621321 29.1090346298884 19.8362619000803 31.2908703104381 27.8259747687102 -16.7830257077037
0 -5.84130243742104 2.74191176530447 11.3639119356201 13.1437530827424 9.23703507483131 12.4987090367619 8.64520837933686
0 -6.13783379316006 3.40063818297206 15.538115803086 15.819156615622 15.9771032979253 15.7675493053117 14.1669397774621
0 8.7930551965927 -0.475539666360135 31.646970455898 27.5213427607131 31.7141594061853 28.80690833712 3.00874988765629
0 -5.25549864502835 -2.23108227549863 4.26071051361148 4.56112575639131 4.43966003110751 -5.57309560076293 -1.1875820429353
0 50.883279697182 36.3726565288006 53.5571264690336 54.8009778324435 23.0156168464168 48.4475698900209 31.9833739128154
0 -4.56305999129231 5.83873891287126 12.9932776778963 27.299925494523 17.5996893932529 29.7941574323495 14.7313057014989
0 -2.41225436003739 -2.29525330072896 -10.1505268919276 -16.0043862466079 -12.7848130431707 -17.7844455965288 -5.02497851928112
0 -2.91310063488622 2.0664691092379 13.7196609011981 16.0316133055722 16.4369335757591 8.96398361359709 11.909186277908
0 9.79011050766808 1.62948751863345 32.3507305042761 22.0750452321256 34.6129022241234 30.7138988329247 -15.1035469292816
0 10.1335931449498 1.31486623680199 36.8420531800372 26.4915938479605 38.4217531918989 33.7655965204025 -15.6529594642901
0 -2.38740958171516 5.65772323523659 28.6497366175589 20.4800457653508 13.9672339032592 19.3084967087625 2.55981903810827
0 -6.56472010006362 -3.08239683114514 6.21762394820557 6.69735310843704 6.62502199271069 -9.65035650883688 -2.65060107300191
0 -3.79472412513432 6.57683082116611 29.9963270006561 23.2583602358537 14.5380334152008 24.0821074535246 7.89015035113114
0 -3.96901661474007 3.05316706907018 18.2584973226307 20.8749770891101 21.3905892125868 13.3191861352682 15.7754310304647
0 -0.558237053443847 3.04260446301002 13.3903280117644 15.3907378656237 15.8994899358055 10.4517291624705 11.3046832102102
0 -3.37980974209463 2.9778071301105 16.5401944021459 18.7727690608178 19.2420189069719 12.4898384542674 14.317040144698
0 19.7584657577492 24.1685098350244 35.3289356725343 28.0329940906857 29.081868280693 27.1235261846078 29.2162806497812
0 -20.231255577233 -16.858693351461 31.8436234797968 41.7971032402702 -28.0575298313395 45.583309682547 24.8859495922656
0 4.12365825855194 -0.374963276864918 4.90536000088279 1.32785171806812 7.63873497133454 8.51125180484254 -9.6886685438205
0 -8.14834180999361 4.55738340850169 30.3984814971248 33.2197607562926 30.5754617352865 20.3909050301452 9.73828382001497
0 -1.99204680438633 0.419490615032265 4.67974181824081 5.58050670483971 5.68367254324102 2.48581965813406 4.44442520790606
0 -2.77430263855211 -3.52011909979886 10.0744847270765 18.7205783337064 7.65878654508326 26.8609549151718 12.0695909697363
0 -1.86941918405071 -6.33336027892028 -22.048848610611 -16.0700372676882 -11.1118784685711 -17.3051408862664 -19.8755221467876
0 -10.3374021027081 0.758800854421821 34.5559511393523 55.3953242090557 49.3883566983462 75.9094227307451 46.836981888458
0 -3.42894272983383 3.37434133744271 17.0391673709836 19.0402865253709 19.5337659078733 14.1770080736844 14.7178786357755
0 6.01158139437595 -7.52030105755898 60.7258980780431 49.1388774373843 64.567816347934 56.6765539613722 57.3815790201186
0 25.0059096144806 11.7897936267682 100.019354585435 107.877126802982 97.9556817349959 110.716812995181 71.0067063180147
0 -1.17617429281029 1.46456732964512 13.2988762496069 1.17007696132382 -0.501999409776573 -10.6254545470831 -10.9199294825726
0 14.3168144571748 -8.28815049529794 127.277412500847 91.6464437511594 133.88559958746 176.451683874526 112.184810871633
0 10.4714611208586 -0.144663688143595 46.8096916577122 41.6037058286701 45.0324088020857 39.2697587558239 -22.3501060943477
0 -4.31304980962237 1.49532045342283 7.92931851410809 8.04370727486752 8.01969753919931 7.8183556272496 7.58406168107575
0 -3.96873084885769 3.87023536034401 16.9416065883426 18.1083220169807 18.5302536378632 16.176653742958 14.8194013905675
0 -3.98818297837857 3.66858576717455 16.6923694529838 17.9853155903769 18.3910349381643 15.4153107014741 14.6202583800998
0 -4.44064891700431 3.4167499390317 15.4439335353458 16.3365341759738 16.6668402196157 14.9241848828727 13.6923404892778
0 9.10169902330969 -0.0416537133124848 34.2004587547986 5.51013504130542 31.5419481403317 -29.4382237800403 -17.0132423475709
0 7.83807633984102 0.602675819362673 16.6317990107831 19.9451704669041 12.2530383434691 18.7440697481283 4.05082789677502
0 -8.28518219779374 -3.81784364039324 -0.758570386803804 6.63369443068183 -3.35251421981661 8.70184704806316 -2.66091510782854
0 -4.35266250464908 0.860619527037798 5.90844535823309 6.13346002051988 6.22922329365693 5.63861765322154 5.8983805396478
0 4.66666207680585 -2.84182271044007 27.3222225125257 29.6723692391499 23.8750245978334 21.4270308655251 -16.5820724006693
0 1.74864825911786 -3.54054835599334 41.1312538045466 38.6037565737795 29.7810222568516 27.7436607428058 28.5584490465421
0 0.98683181939569 -0.420492995675488 -3.89134458283587 -17.3948048799741 -17.9580015767322 -12.3872032001072 -12.7028731445625
0 -5.95549652022541 -2.67959592443721 8.80661319854626 39.6366105961561 20.6917022308298 51.2735549012158 24.312454552685
0 -2.99544903832907 3.30901417941912 15.4386132321401 17.0272925995863 17.4745604588536 13.5443176127543 13.3759498675061
0 -6.97427138973785 0.225616062057142 7.65076440988787 13.4792818965843 15.053059183356 2.39441945914089 3.69356308202987
0 -2.74658464498835 2.20053908440448 10.1413477839006 10.9182034911788 11.1575138535781 9.24524737083644 9.07961654038738
0 -3.90786157894648 1.31966904446689 7.34120391595584 7.53474279140961 7.57502707657857 7.02861438857896 7.01162424317012
0 11.9583136072204 8.44919815408586 16.001337371755 -1.55158333719393 5.75195405294287 23.6609097240439 0.999742906270555
0 -5.34585577558992 2.15892857765996 10.8180019112646 10.9858996324083 10.9681098883626 10.8401622317351 10.1563998697835
0 -4.74295915246263 2.21881239838928 8.05960784491702 17.7617711498274 21.3336337162223 9.37332308500661 10.5342009965091
0 9.98656546077487 1.58941953705086 36.078372925532 25.9628597137499 37.5776133784038 32.8087500019905 -16.2205964515289
0 -3.22328401101691 1.62975285714015 7.36926515847441 7.47892586637319 7.50599673470478 7.32297298965088 6.96137778265898
0 -4.59608127803632 1.57106410618794 8.27461296384357 8.46709887224818 8.40522040061909 8.17688286372959 7.93601755404133
0 9.45551515880321 -0.304355944408158 36.0431938657392 31.7413332967106 35.6954602965411 32.1616954472833 -21.7908241971316
0 39.2560172387945 30.195110327473 48.7299272511027 47.1891792445683 30.8609708737473 47.9617804206591 30.8897104142765
0 -7.21692904086933 3.59358964643053 22.4375057143875 24.8164373558509 21.3811917874167 16.317431835148 8.88316891259586
0 -4.08571956374913 3.75328515928864 18.0259872751946 19.7476288758683 20.22621333317 16.0319561209416 15.6589782804801
0 -6.96852122129384 -1.75848475464991 5.15882250874958 12.4368537082346 18.7835180578377 25.5028505548833 -1.78840756283624
0 -5.86110439937052 2.78955563176682 13.2787893741539 13.4787401052009 13.5440105265487 13.414973507767 12.2698780470368
0 -4.03250751485307 3.21896408050964 14.8506445299357 15.8955009438661 16.242100477002 14.0050344554981 13.1109040338975
0 17.5125504781117 -3.34469996374381 89.0338136180444 85.8860832739067 82.6271850198602 72.0813342330119 37.2292240491672
0 45.2978881718895 34.1313459998151 54.987421135822 53.5107754923689 31.5900874497874 54.256217554547 33.6116027139689
0 -30.4147382376139 -13.997658834977 -31.5179889007761 -14.6737854473641 -11.7289325310721 -12.7233143536322 -11.8992831783893
0 -1.43507796407254 2.21482565361939 5.30718436056064 4.96151606492296 5.02946204804809 3.11940531658091 5.51241105905355
0 -3.48090110954496 -5.41787595222486 6.04240923567337 9.68552913663974 9.62673496104898 -41.8469761288083 -14.7472355894019
0 9.83311499225886 -0.736673986419163 42.901778580941 39.6689828324015 40.6741538668926 36.2675380382216 -11.3228026270006
0 6.71266977582061 -2.38765148305882 17.2646716244028 22.7726689541975 38.1176644267929 20.9809570875438 40.9214891984029
0 -3.95573123095457 3.35121932464178 14.9913186585185 15.9685602982718 16.3186688124415 14.3627682331738 13.227183686138
0 13.9483027990265 -3.86270787289473 69.7891050083724 69.1091671204019 64.3792801143675 56.9522496395003 18.1441704102051
0 8.22971070141581 0.787675834725036 24.4846272852211 16.0225192138028 26.7878473454004 24.0316723626795 -18.4996991037051
0 -5.26536504772299 3.65032477930854 17.5403440345354 18.7170447593037 19.0826021418685 16.491349564502 15.5127558830683
0 1.10270444778882 5.40223501771075 6.79110590533406 18.8679126362743 20.3588102354727 24.473351596794 13.8769899859816
0 39.4013313725081 30.6036335187545 49.6708455640439 47.9760219437723 32.6396289012611 48.6945737904913 32.0920385564069
0 -36.3179516760437 -22.4518442495753 9.10054283639454 22.4664066284284 -32.0136327489461 -9.75997819165923 -30.161530805482
0 -38.2627151434185 -26.7909791340803 19.0414523168404 36.0868554625578 -37.9875685322095 30.2862643946148 13.9716084183962
0 11.9749050464955 -1.23756683853266 60.1178431039748 58.494245961025 55.7116227962962 48.913676886825 -24.8796877116607
0 -2.26238879294432 -1.49951147696801 -7.76426477330057 -11.6962889760174 -8.97564789863058 -16.9523518681195 -5.92785703858243
0 -4.38743774877864 1.98753771919588 9.83890726087148 10.096542300011 10.1928344383571 9.6727955685534 9.15539357036584
0 25.9092142230794 20.2887082115072 33.2161216982902 32.0023514162836 22.0090853328041 32.4657443240966 21.8344269998431
0 1.37605869548447 5.96884197412157 2.20415208434699 13.6035898931676 10.2325847282874 16.9152043350957 10.3311690027427
0 -11.276154332828 -5.84944220762788 12.624533959191 13.4620274087708 14.084110700427 -21.3601484207633 -6.42387421041534
0 7.2033941928413 -2.43371436514266 18.2212176183844 17.1881204953036 18.5346521509313 19.7144857595779 -25.1964042958534
0 -5.10864249846855 3.2431306109294 14.5323971135219 14.9747619250179 15.1994304474001 14.6075684444329 13.1245047666736
0 -120.663953368063 -70.5983236555597 112.001421534376 109.173453905477 -60.6942520410375 110.151133070002 114.894812303121
0 -0.521163216465936 4.53375917957247 11.2010553145581 14.7009323848613 13.569348226072 17.2281275150403 9.99136031820422
0 10.0916497225497 8.6050227196643 4.82928292216209 8.52995247287788 7.31608985722556 19.400853239962 8.67310307657024
0 -1.57905699948707 2.77760612839579 10.1844303519335 10.7567141325001 11.0327245475556 10.0533553703422 8.99247810269961
0 -6.12358477645827 -1.4470783264663 3.07117257399736 9.20443475693807 14.628550591627 4.36283486178071 -1.50957953435177
0 -4.13829610271712 3.43293335434101 15.2322026152478 16.1367132835074 16.487166005694 14.8156511555793 13.4554055992439
0 6.64540449203959 -4.82301445859596 58.4174737546936 46.7732814792399 50.1236795268402 39.997251730418 44.429879923297
0 18.8543962725874 -2.73643784496582 95.6139373984113 91.499861157342 88.9772326336115 77.3823248931317 5.91385762706014
0 -10.4108223058508 -3.50173612279285 8.62368782524432 8.64519852002631 10.2880855011706 -7.9473801377781 0.0551635094946548
0 -6.13320573846961 4.2618899138139 19.0712689985931 19.8066107268025 20.1461438260673 19.1097507496571 16.979566596462
0 -5.05918294374742 3.1808035961939 14.4018777443036 14.8886036598408 15.1132456230242 14.3719280165392 13.003303900234
0 0.974069158587938 -2.50069557025887 -7.39712522471496 -4.51658557025446 -6.09054201778522 -2.57288062601464 -11.5495127773795
0 -5.29601003547293 2.77904635471198 12.8491516170763 13.0736111976145 13.190615750305 12.9845137530243 11.8114074841186
0 10.0599888516682 0.799559914249841 42.805820199861 34.1555076318945 42.4433859698664 36.3464499331809 -19.894861840394
0 9.41026459702242 0.636724712027927 35.2794509780257 27.8301200657959 35.8248060519579 31.46059745991 -19.6498626176396
0 17.0931216414986 -2.28007762068123 87.994053032708 82.1181268425144 82.2185518865151 70.8557942730724 -36.8039790261302
0 -2.91870014300734 -1.44710790069314 -4.03055538866521 -5.51649139918102 -0.498238239984232 -3.38361067502461 -6.14380688655999
0 -5.72423559187568 1.42491932330908 8.84100268013811 9.11232462984151 9.13512408102811 8.68680897755012 8.56512049855113
0 -9.22461122898501 -0.424907353021069 9.94447667201203 19.1369227663796 25.1532193275537 20.4322920288813 3.38826519578279
0 -5.66331283905818 3.2616808221613 14.9636988657579 15.3487374161227 15.5461816149918 15.0689974425516 13.5811816168754
0 -4.20182147740701 -1.924313652781 -2.49878220028043 0.110178577419092 4.49978606181089 -12.4673539048879 -4.24571543707506
0 -3.87985628976701 -2.74473140089809 -2.53188485323247 21.6000373256884 8.72723703153098 33.3554805558297 5.31404963641647
0 18.9064265132417 8.23552360835575 71.4185783970711 69.5377675963408 69.5688527265839 64.0408733323847 13.6049879807335
0 39.3895950174929 30.4726430446321 49.2768164070703 47.648050652697 31.9805724876381 48.4071929154282 31.5767956261881
0 -3.74493201965563 -1.42380853812215 2.09357489659587 2.45672522488911 2.88648418483806 -2.48159364812638 -0.0933956516040051
0 -5.96459166908466 4.44842953403166 19.2504994773832 19.901365611094 20.2406332746684 19.4804446688057 17.1313179448309
0 32.7914409916312 25.8828848608788 42.5209978573149 40.8880589473292 29.2827045253601 41.3854556804468 28.3492527758622
0 -0.0781105458555515 -3.68756435101017 -10.0138138281035 8.21857081089634 -8.15561273355425 16.5012284281015 3.68862493518553
0 -78.7413921735451 -51.2835181263688 87.0748004193958 85.0296860137392 -56.0855067777329 93.112151255625 89.4851329950451
0 14.3200277055727 5.46312836709409 61.0795208122591 62.5871782811353 59.1775438454017 61.8874364980979 6.32548727792114
0 -4.41562605416201 2.71087233324494 12.0977042244894 12.4213902287318 12.5962703636168 12.1592323247847 11.0238843266257
0 -29.9231834735476 -18.1336716362549 9.76924334507932 10.0200936592776 -20.0490990963653 -6.76323383187897 7.03845027101691
0 -7.73836724351037 -6.36342252275305 28.1099700646218 13.822998275813 -18.3121225393118 21.0008852602079 -17.3268076970641
0 26.0721658873628 20.4120538523249 33.2642856699402 32.0479945041667 22.2656599734548 32.5036636379647 21.8717507896521
0 3.77594286817974 -0.783032779855674 0.449220159508471 -2.88054141619781 3.7448085728509 5.29523664712175 -14.5418160236549
0 8.74279130922456 0.180309582383146 30.5002865505834 24.0486322020454 31.3544200691937 28.0318701013744 -16.2451248066832
0 -3.49506133309675 1.58536161005465 7.49062243049485 7.60508717138582 7.62142863624114 7.41202044735745 7.10181562426102
0 26.1265573151908 20.6817317797196 33.982449667827 32.6434555186068 23.5427173461642 33.0450745875751 22.795901313471
0 -8.56307670980835 -5.37209431702594 10.8343567787858 12.4482401286582 12.8228551150363 -25.5758486421051 -8.82116126255445
0 -6.35411032270339 -3.81303750697113 6.95163337074789 8.15257971351178 8.15036585908514 -17.3884585942653 -5.72220586145095
0 6.58930301640594 3.77841292387686 29.4666750283285 2.90809710300422 -3.06049861168626 29.2138104723731 -6.75547277303176
0 8.98872346682981 3.62209299512423 19.8498858150187 2.16701906652666 18.7221580296956 -2.99898958347158 -4.61878783105675
0 5.16180660203169 3.17472055818046 8.69909311015867 6.82440884534835 5.18608710363397 6.68640536612307 1.39015681854717
0 19.4496221694168 15.6630769974783 26.0854818901374 24.9287188271448 18.7955650271084 25.1494305790394 18.0786817879381
0 10.2197540346469 3.86480575158096 32.018510234974 15.4226266844528 30.2835170056128 2.16542378678693 -5.63909303921962
0 -2.68208694221081 0.329882023739938 2.87106674155982 2.9545110069508 3.04516522132835 2.81233722964899 3.05463354358817
0 4.97733091865894 -12.0186704662458 145.019178346314 134.973379561655 126.803338131401 119.206073241479 118.37240795383
0 -4.35861947744411 2.24245745306762 10.2438635553183 10.4036269651792 10.4540265619074 10.3039239293517 9.52904328425103
0 -3.34302775084714 0.984173784151496 5.38823505684702 5.51910748871917 5.46953294676405 5.16292874460196 5.32144965155688
0 11.0087323607941 -1.67533379870642 55.6104132390359 55.3459742632654 51.0543308114547 71.9119658017028 32.7860418855447
0 -2.85122542230481 3.04041538742961 11.5311604223148 11.8487437309829 12.0548287371984 11.7083362025345 10.3703266733664
0 -6.92914538637587 2.70461166384643 13.9084138752068 14.1168071139043 14.1041822466983 14.0099027555563 12.9568535647871
0 26.2728842146615 20.7917350742467 34.0605290407762 32.7142620811662 23.7799554934885 33.0772271521444 22.8819885295267
0 18.0270271412095 8.32499679186972 71.2922476230843 80.6692529040659 77.7802125985673 98.4000082704297 74.9667836388895
0 11.2268177328747 -1.88226224876925 52.3697424560816 51.2284238779072 48.9196740585788 49.2067822527146 29.3489986801117
0 -5.02564393627293 -2.18668951501469 4.11391427826447 4.46249122765289 4.245272591947 -5.89326709288167 -1.38460512244187
0 -12.6916991252372 -10.4574348793117 27.659080364243 15.8101534833315 -22.3293745407476 19.5725082923927 -12.8258605758784
0 -4.29170145483515 1.60022037850078 8.10301162110867 8.26868113829577 8.20573682935475 8.02074128162721 7.74778457006748
0 -4.37393953998817 0.854844464674935 5.91346224388121 6.1333000835351 6.221035092269 5.64336512139901 5.90455470451912
0 10.0471771126115 4.34822666750914 25.400569283094 14.6044596713888 24.5125288256042 6.74247492812748 -2.18278791934351
0 -3.97555654464596 0.917452379635233 5.73461192056718 5.94083191433023 5.9859755104571 5.47427058084105 5.70238707166377
0 -8.26034261846945 -3.40873860749553 7.2826570578221 7.3443981632301 7.6441870946079 -7.25560522843218 -1.21766018318741
0 -5.21267125831649 2.18278405363363 10.7626923316938 10.9306358907745 10.915246955055 10.7949384700641 10.0931063709324
0 -4.13434721004095 0.893943721087734 5.80863888916714 6.02346342877099 6.0894429733272 5.5420889375538 5.7856731300858
0 -7.89044092580349 -3.31396159219371 7.10082047593091 7.22466565841988 7.39766924130872 -7.57911159786097 -1.47206054706638
0 -5.00574873278906 1.51479623237582 8.47439569367022 8.68610707977244 8.6362375722108 8.35665701750661 8.1585768615124
0 -5.32831205388516 1.48008687249005 8.64932349429644 8.89575136571618 8.87734055208719 8.51481387817094 8.35133169999955
0 -4.20070490484759 0.883524421822187 5.83844467545423 6.05559251138769 6.12886461594963 5.5700268226811 5.81936757331026
0 8.43515793553762 -0.511506853814637 27.826202205818 23.9970524741219 28.406968180042 26.2767819817708 4.10593577532569
0 -2.68208694221081 0.329882023739938 2.87106674155982 2.9545110069508 3.04516522132835 2.81233722964899 3.05463354358817
0 -5.1278219367125 0.107317193937412 2.27345622679774 3.9938455831526 6.71762098772322 5.32332847660692 2.86385802058246
0 -2.59435030905411 0.933147510686538 4.73355764226998 4.78593249253032 4.7730490404282 4.50906679840565 4.65222105041123
0 -17.7253119426427 -9.09531956544021 25.6235041334237 30.4640981222405 -14.9695858952 28.2622865188863 23.3126337784747
0 -5.21283522658274 1.49858211115098 8.59783174249279 8.84212930217544 8.81820299031743 8.46857413009644 8.29343037442916
0 12.5193768910862 10.5664253963251 18.4443702137508 17.6059102743567 14.2322574475679 17.5725788355741 13.7047826318954
0 -8.26512527119258 -7.14341567618868 17.2192161121856 12.5092634018118 -14.7208180791864 11.6240151295673 -2.82240058154416
0 12.6332196252104 10.5626239735671 18.2150315233402 17.3531525408501 13.9461621229604 17.3032637917834 13.3911859235327
0 -6.38355652371464 -2.51506322099518 4.82561473598276 5.03241397637546 5.60157921237187 -4.54811066150958 -0.396084629758585
0 -4.5203053388758 0.829103880466894 5.97400893858002 6.19255424839211 6.28699795010773 5.7078973530276 5.97368346758436
0 -7.07237944029889 -3.11889583624672 6.66556068965601 6.96125351731065 6.95734376730815 -8.41297151125007 -2.07435994432445
0 -6.71893973499393 -3.05513956756369 6.43271387579941 6.82515242433163 6.77205285170546 -8.94530880182286 -2.38662417077826
0 -3.74493201965563 -1.42380853812215 2.09357489659587 2.45672522488911 2.88648418483806 -2.48159364812638 -0.0933956516040051
0 -4.33843998264802 0.860886606076608 5.89840032234853 6.11807228731472 6.20340797890656 5.62818003925568 5.887408536581
