0 1.05755403786318 0.996566094445073 -0.355513093895317 -3.12794794208955 -6.35213949194808 0.148456781330657 -20.7022970240379
0 0 0 0 0 0 0 0
0 3.69819056824132 5.09077333335593 4.81732181219198 5.2178833489554 2.73228386904806 4.51467338701004 -6.87405004603398
0 13.8091888724214 17.2485682409588 28.788949705891 26.0716582273899 33.2035791104719 32.3088830844859 31.9547547772803
0 -10.7011089167395 6.33945597409345 14.7604124247971 14.9118843529388 15.4735129322473 15.2739022191525 10.8292549843342
0 1.22012940387953 2.74965739370218 1.5625905634156 1.86241330830166 -1.95253412792209 -8.08824474543793 -15.0797783647774
0 -28.6855871928022 -43.5734579287 -101.781264305867 -52.4839769010145 -112.544701401602 -136.830480467257 -169.652566286165
0 -0.375875192850202 -1.64403089028922 -6.82095194174511 -20.1699235367879 -15.2063544740797 -5.10854571131785 -44.0657329049373
0 4.39817502561289 19.5838224274851 28.7119461339699 22.189310683155 32.9667269869286 34.9622347079313 39.1612860187416
0 -14.4415293953359 17.2981077755109 58.3027851719838 61.4287695599114 73.4394898664979 73.532096797412 101.917148860029
0 7.54524212487005 7.1939705600638 7.01280030314093 3.3163815865639 2.44585628344357 -10.245405750006 -16.2787856643581
0 -1.66982172943113 3.37346870324274 2.76100737284338 -83.6529293462603 -21.7148825885735 133.62209451157 -32.337242691202
0 0 0 0 0 0 0 0
0 8.82706236929047 7.51248881288953 8.1848761546173 1.20917531595365 4.70942361305985 6.86195122922004 -17.6278484541423
0 0.349449721554313 -0.846346797836151 -2.8897106477438 -5.70569740240035 -10.69515267319 -3.09347708342348 -27.3670502361693
0 15.2137780691088 7.34860356596064 -10.9025368407777 16.6949554197547 5.27900561751499 -17.9652090251303 -16.8758335684668
0 3.33311804526956 14.2171001509104 19.7330884631152 15.9090529416667 22.1185989183383 21.969219174407 22.6181743698822
0 -1.79877280327694 -6.69569991089566 -9.45890234679627 -15.6265658065957 -21.866047499319 -8.85191834887751 -43.8666661052083
0 0.985739635690763 0.572826359847423 -1.91041811077275 -1.181811743837 -8.38017619196899 -6.27357725420302 -24.0163583505659
0 0 0 0 0 0 0 0
0 23.7968928775618 19.5011842643497 14.8777926438812 23.0113029400436 11.9860942227161 4.95689608399452 -4.10115217946904
0 47.8745708284836 35.7599131584268 57.6363360723947 54.5994529222652 65.4963771848604 67.5704840185398 68.354750029022
0 0 0 0 0 0 0 0
0 -2.07375041672713 -8.13153726401855 -10.3757413274883 -18.5819045894378 -23.7311549353904 -8.06190064305311 -46.5441843129402
0 0.951877982542769 6.46628396461356 6.54116080169944 -19.88402186471 -0.402406647230841 41.0356798446794 -8.15274271103134
0 -4.18363662181072 -10.3757137819892 -15.0890781888359 -20.6300241852701 -30.2319816939037 -16.72873400498 -55.8555064893225
0 4.81007202441017 5.55711520177496 4.90475161100205 4.70520956576191 2.87632569060861 4.44199004617853 -6.704679088334
0 0 0 0 0 0 0 0
0 10.9002886538065 2.21925457437055 -10.5691115335044 20.8038399415979 10.9565466714007 -15.0069859453206 -14.4253635384975
0 8.30867503524269 9.65512774861354 12.172147298818 12.4647909008751 11.9730727617266 10.4054633267593 7.17660069251161
0 13.7813917242118 23.2458881132202 38.1652933110907 32.7916321821185 44.2696658977125 46.0646365216465 50.067528559531
0 0.390476953740276 -19.4338436220655 -71.6807009673562 -8.36031621630157 -44.1579371974804 -90.6486396610751 -81.5317427678146
0 10.4422446306396 11.3904292208524 15.3182437833291 15.2862763776143 15.2275414826142 14.026243875162 12.0513903892888
0 0 0 0 0 0 0 0
0 20.8551577070571 21.1367491422562 34.8320624460628 32.1725260956157 41.1136467184952 40.0182905235124 41.3017029829283
0 5.29968504927079 30.4540609155111 33.882206038771 9.98272317625452 46.8975882223446 58.5601284782936 65.2769880188258
0 0 0 0 0 0 0 0
0 -0.653665551758072 -2.51678128908874 -8.73383645101306 -7.37362652532495 -19.8524276995165 -16.6200113708728 -41.5411066540484
0 6.29604211454244 31.3117627415815 46.6041681060685 35.3650312254691 54.655503802624 61.7076040300396 73.7793407220258
0 25.788531063621 23.9727651384839 30.0355584499991 25.8389946936152 33.8109406383302 34.1482808462964 25.3414790332429
0 24.6269192478754 24.1467987334763 29.6780510273995 4.27073784488911 28.551783100798 68.2933659436109 20.559846386457
0 0 0 0 0 0 0 0
0 4.3350622252595 5.12524326227331 4.43085392874207 4.18113850679759 2.09034880354094 4.19550843847781 -7.89689533584633
0 0 0 0 0 0 0 0
0 1.57286331385944 -8.49215671494951 -42.4320760096744 -4.77644157525197 -31.2993596774487 -57.4038497716347 -69.9715249107676
0 25.7988356800283 16.8397367719968 6.32806249200586 32.7820091352549 30.5776851357652 4.52122531222196 21.6230780123255
0 16.0701578172399 15.38313097038 18.0058159736945 12.4515047103234 16.6148827275134 24.2939708866711 3.0393481299761
0 4.96725763410644 5.8302900274151 5.375301799986 5.54301122979576 3.62163362256914 5.00403661811332 -5.56271095733644
0 -8.89794981421388 -17.5090646206339 -24.7894730942371 -30.8829652506075 -44.4260513418208 -28.4386312752046 -75.6961702566213
0 2.08360067668734 2.48753175174507 1.25588703020418 -0.0600681562651832 -3.39251425229639 1.27066318691374 -16.2501348851192
0 32.3744991771073 24.4604685115548 36.3960708157798 36.0469481443531 36.0687613720821 35.3721888393273 25.5409030678384
0 0 0 0 0 0 0 0
0 -3.90498251045436 -9.75513151441545 -14.4548866764866 -19.647392114141 -29.2290851774433 -16.2499055779294 -54.4388371601327
0 0 0 0 0 0 0 0
0 2.77703660699061 15.7497001515881 17.1416828747626 -2.466136884657 18.8263216227136 56.855653359985 21.0614560372452
0 7.0931586485325 6.99786146471563 6.46121581452686 6.80756966957833 2.38660555004722 -8.57281640272421 -16.8801845221309
0 3.56280253102768 15.300581217756 22.655568074649 18.8395905825387 24.4570643914799 25.4928137510122 26.054043658016
0 -2.26451752856545 -8.60995573664852 -10.7047070862846 -52.458564177865 -33.7376753508181 54.4722224581219 -57.862150226685
0 1.49808429370125 11.4783501684946 12.2100756548933 -22.1294978146224 6.70344564902109 78.3736618013115 4.39633665420601
0 -1.18417221329474 -30.6766456614601 -99.4483745789655 -12.7631133147486 -58.0811181003712 -121.484292959716 -96.3146140870531
0 5.47632568514798 6.21218528040174 5.73141304742344 5.85594401739189 4.1969340062361 5.03491942030086 -4.69996829403271
0 31.557925616075 32.0531831309437 58.011074312814 51.6531128001508 76.1830320083082 71.2341846346451 90.2273159198033
0 14.9686422512626 20.6877235055968 34.6477687592554 32.4145082533392 37.3902699911036 37.6021217602427 32.9679068327524
0 1.28205747008864 4.36672562280248 6.35587570797578 4.80373557184947 5.95126717169644 5.2973207461131 -6.04994240401802
0 -13.8910473625295 7.99466149821529 13.6713417620883 -18.6206481406189 9.42640986468007 82.9805046164769 7.79502381117248
0 -0.236162400497185 -2.43980094332714 -4.7809634042824 -8.48908540340838 -13.9927499491035 -4.88616531266255 -32.3185742840342
0 -12.8991454268084 6.98040462955326 18.231743368534 17.7889614769247 18.0530413204721 18.941884137066 15.7196641529979
0 30.0056009391876 27.6933031324586 34.9322105497818 27.9611536380114 41.1397381412089 37.5577667430714 34.8862005217026
0 46.1790834807497 41.7894523243323 66.1283564920942 61.0375350494793 71.3688909551592 81.0853866963021 76.7045122857162
0 10.4846036688621 9.48077174577787 9.74686741059529 9.74814723264262 5.90505514232049 4.91935144200655 -11.2875025599696
0 33.1032358261907 24.6017339075314 34.8189024653935 34.8325620984896 35.3651618620568 34.1388138060256 26.5140519593348
0 0.37879011246489 -0.727019076561623 -2.61656800763277 -5.66274242741205 -10.2588702202932 -2.51967436948122 -26.6796985883867
0 25.3879240657016 25.9211126544127 35.20580034816 35.4470108893958 43.2101514573252 38.0620952380571 35.3124631318049
0 2.64240653280655 8.83972482947592 15.3159465546064 14.4266763992146 13.5574569048474 13.2689647369971 8.26759702248314
0 3.60737613895144 -3.92294941245588 -12.4422053407372 -25.5036355864938 -21.9267769803386 -36.5993123457976 -59.7233278875146
0 -1.01661542625881 -4.83796913453926 -6.99625286617551 -12.9195032409669 -17.9100179969279 -5.81381989175109 -38.0207628875834
0 0 0 0 0 0 0 0
0 3.61321877322382 4.3473175684617 3.47324585002203 2.58262318764598 0.440502114214387 3.34829109892043 -10.4001578444043
0 0 0 0 0 0 0 0
0 6.9254517821761 13.4308137913476 20.0069226202955 17.9771605984948 21.4769282344291 21.4064965547696 20.3473399190295
0 7.96543260110511 -6.80518458956772 -19.3245706659964 -57.0534851189317 -39.4840781068192 0.541138256295667 -87.4161504297556
0 4.39458299394275 23.807876032017 26.3455336536666 10.3929578046578 35.8436427071712 42.8423974549914 46.7475947227096
0 18.3558372083299 16.1918036275666 8.99038151312237 22.6486813167161 19.2571647096283 5.23812968739202 -0.457811956192131
0 1.70938286411127 1.96521945554602 0.502779437920938 0.383341778898069 -4.44008844829301 -1.0214891162977 -17.8925784572338
0 0 0 0 0 0 0 0
0 14.5550149453034 15.4014929225655 23.5567907160611 22.30585607506 24.6492328487558 25.055212996606 24.5359407599732
0 14.6793964058289 13.8874619924893 16.8548698276504 17.1449058736329 15.3041857221806 7.56311791560623 0.0539997931554659
0 4.52496113076086 21.2480407676471 30.8277835526565 24.1262052009429 35.3467106560384 38.3153630972137 43.4305093603841
0 20.2396911540628 14.4960836686598 26.7998172111804 27.3406944017418 27.0872176280418 24.9852878931007 15.5212509948435
0 42.1885113702589 30.1587055783279 45.0113512271486 44.5775080865912 47.3367573525864 48.0763676987003 39.9533327508754
0 -8.05532237185946 -15.9726366432471 -52.2611712688932 -19.1922289792049 -53.2287501099271 -71.1932919643808 -95.4854593545816
0 -2.19533612251818 -4.17401990228711 -12.872852659497 -9.64133830475606 -25.6949230187555 -24.6268819536054 -49.9134110268352
0 -0.518834275753663 -4.0928835864092 -25.0567589407962 -6.79603662707777 -29.9562524063999 -38.3680524932121 -54.6155388793453
0 0 0 0 0 0 0 0
0 2.47686305171432 7.29384462892872 8.867421846896 8.64047600491948 8.23325156285874 8.15608014135313 1.51737131149348
0 12.4373236413159 12.6475624838648 16.8657068176721 17.790860557698 16.6545923359665 15.5239639370126 12.1656624662863
0 25.4843983836259 21.1256856222519 46.2726114059524 47.3459288054742 47.5229471334599 51.3206239787693 45.0056203961398
0 7.72177244035878 15.3631155568638 22.6767962143969 20.0694988287985 23.9821683754177 24.7424848304841 25.5500310379473
0 0 0 0 0 0 0 0
0 0 0 0 0 0 0 0
0 9.27090313162113 9.88006831944146 11.7783470099043 12.3080977371874 11.6033430272258 9.41118979239117 6.54717417655947
0 21.8736488593446 20.4036319729166 24.1132971560577 25.3037006108078 19.8502167685058 16.4924395587503 5.1525122738347
0 3.0356113532523 3.74836481136572 2.80338817262544 2.24230221480978 -0.653433346241542 2.73249542624095 -12.0741955359469
0 -11.1415489500785 6.00038737431368 9.61229641565923 -12.1440427018288 6.22560061610578 50.291955331089 -0.713400650947449
0 -4.27916755916108 -9.72824527814099 -15.1574575308521 -19.3176224631043 -30.0570672034125 -18.1439306579946 -55.5976832661988
0 41.9341214108886 7.12048420252106 -46.2587037762333 41.9069712499648 20.6084413175338 -60.511589910687 19.4660935893185
0 7.19359734255347 -0.330149760653473 -27.2969391546461 4.56383182175977 -14.1406770181413 -39.2087257333314 -45.3686130231443
0 0.0241277510023261 1.59797939578098 -0.212394774471973 -6.64268210712386 -4.38147510093819 0.161090534345409 -24.8779485307597
0 23.2409457142403 19.1604135344715 25.1118382495554 25.5555957513909 23.5590394261468 19.6324593930179 10.8570172921826
0 11.6390802762514 13.1570921429897 19.3782066852325 18.5314470079988 19.6733687971212 19.6219965563685 18.3745330775533
0 4.0473094106642 23.2698720922477 25.6986855582853 4.06534229496607 32.9643040746123 65.1913324766107 43.3671298794957
0 0 0 0 0 0 0 0
0 4.38126340271547 5.1301253123729 4.38895445062626 3.95561665524495 2.01608856122466 4.05597272520372 -8.0101355435247
0 -8.26616979836103 12.2515813382055 38.6635818530509 40.3335642790772 46.4094195909576 46.6828200403829 52.8077435017823
0 9.21282888681366 12.7536756405985 20.0171591712204 9.30783997591908 19.2476667501658 29.7497813429067 5.14302378359742
0 0.407358749725116 -0.512801742410408 -6.75511222642216 -12.4846093255209 -14.4993611391309 -10.8309206956949 -43.5077038090184
0 8.02047803347765 10.2326326014724 7.28483238362326 7.51717122197906 3.01813260102881 -8.17258115320526 -15.7960433381559
0 0 0 0 0 0 0 0
0 22.8616462719518 36.5747672800804 65.0157972435216 54.9294527692886 84.0913730323007 82.7349512057201 108.494777450359
0 15.775663263048 15.9479251936416 13.3493838703639 19.2871825018762 14.8402095305879 8.71069062807186 -1.12851107787215
0 11.9608073988836 14.7603058708723 22.951742866637 21.1719864260071 24.5121751463575 24.6929328279722 24.1553332413085
0 0 0 0 0 0 0 0
0 0 0 0 0 0 0 0
0 4.22087252477485 5.32008464163414 4.92208635321755 5.19671818194309 2.89888200419112 4.72913284794511 -6.64041549165554
0 16.2922073122062 15.0227575288967 10.2308391677925 19.7101121465804 14.5101303381313 5.38253169529721 -5.1878818155519
0 17.0562690793304 9.65652592716296 -2.99416431654441 19.6067104536068 9.89857751948949 -8.76386284114948 -9.22144380410718
0 18.2769230710844 15.5178859712183 11.5813886451875 22.3239832606369 18.1164996025289 8.48082398604497 -0.379971007866679
0 11.7775972507207 11.830971659103 11.8303120922039 10.2496751592899 8.59728410863262 10.6761375853176 -7.85588617214522
0 43.1749126557848 39.5772745603085 56.7379930615837 50.8921003422791 64.4756297013671 72.5608713457447 65.2753568124704
0 -8.26445931321079 -12.2855456102418 -45.1649407613256 -18.6580655176499 -49.285369131661 -63.5395613099302 -88.6200973316824
0 -16.9221271493354 11.0244559942232 17.0855349854223 -99.7908787324345 -6.45799423163885 238.701272635957 -3.36503571632397
0 0.779356182841448 1.23161180522747 0.670329850703782 -7.74363502240717 -4.98174813752485 -15.1977711012678 -18.4924063668336
0 18.9527265868403 15.9354977335017 18.7066159218106 19.2347472805216 18.0565946530782 17.7269981290836 4.38660320235693
0 1.62267698706631 1.74203657050761 0.180131763086041 -0.278182747717139 -5.06322833086899 -1.03534307351479 -18.842624255049
0 1.38494585157644 5.01958167216783 4.97893802918201 -2.91414400126581 1.83460663149542 -0.80364342585076 -7.63299596019027
0 38.5058906021638 13.9642517910899 -17.5051252390111 38.5078970810219 22.4371909200632 -28.0831330820512 15.0021413881452
0 -0.419970039201678 4.8092353184137 -2.85208813673355 -4.50374461049088 -11.5031103549582 -27.4498866401419 -34.8061918513295
0 8.50317677985687 9.17390508495279 10.4867261215512 11.1126888681927 10.2309271075246 8.22443906061665 4.46845322787164
0 -1.35340232924887 -4.30914653325278 -10.0559220737068 -10.8763202866885 -22.3622456208336 -17.8862927843467 -45.4577855730524
0 3.63682908796702 19.020073590489 20.8978627811241 3.1527994828712 27.1454654611547 20.4162156470534 32.9614333774843
0 9.31456571944939 9.92722670364451 10.4914437306948 -10.7309396659273 2.68377090370491 16.0895058117574 -13.9971436528683
0 2.71207632321167 13.6500845774013 14.78331579281 1.01473630138324 17.1454240932294 15.1546559607909 17.1078450586328
0 -2.77287815416686 -0.529163763602692 -4.98319515171644 -12.4333135269832 -16.6385164449248 -8.85321579749032 -40.3977174388233
0 89.8367724331769 57.8985511542758 101.908249173338 97.4669700618718 126.433081878022 127.542368096104 147.957933623455
0 17.1117461443865 17.5897610876534 27.6936032977673 25.9928433439087 30.4066018425482 30.4953521181702 30.6350598685829
0 20.2268327207064 22.0787994499194 34.8691270314827 32.6481907349718 41.760932102913 38.6644889579115 36.5445771363237
0 0.0213249480076607 -1.66821242427857 -3.5676711161745 -7.46403433950465 -11.9725248706106 -3.07658203058824 -29.2231583667469
0 0.869470284900387 10.9178599641263 11.5059471485345 -37.1501817847881 1.7068864447898 109.076842662806 -1.11989781561732
0 -7.70562802809879 3.5579011057743 4.60877382264935 -8.20361819387034 1.33209156892534 17.2292431652494 -12.7500049106438
0 28.8726531828157 22.3512143615505 29.5041616078823 29.9588449332649 29.7956145308152 27.017002446347 19.4557347469172
0 0 0 0 0 0 0 0
0 0 0 0 0 0 0 0
0 6.14481682946 10.9819567686049 4.09711200024745 8.09618986478396 -3.70956437343435 -4.00434315358238 -18.5574174178168
0 2.23017915383716 8.74529037641349 9.53173653593917 6.76635203424541 10.3884189035085 6.02727807563021 4.85248915571812
0 0.0565837848060076 2.91834259156129 2.95286867700657 -0.582904959590171 0.854944618387633 2.99912727992312 -15.3245401865123
0 4.77851860875354 -0.119808874197162 -15.3018884500117 -1.49249734628437 -13.443938063388 -24.0394659073233 -41.3801008897596
0 2.54739104168132 17.7044492331215 19.2937812661544 -20.3621390318016 18.4489074838068 59.2426468672973 23.0480429150036
0 60.5249081987103 40.9302992155338 68.7730033377685 65.8938830310786 80.4710847097032 81.8690744046581 85.9177030432423
0 15.9801474605062 14.67081834873 15.7916196056985 15.5706093806 14.3192130621286 14.8494819512035 -0.479731876542868
0 2.44502266923102 4.06291700942009 3.69684322707229 4.16143031404988 0.988922275394129 2.5207444613354 -9.53193332879154
0 5.4902862820423 6.29058885260085 5.91516609956398 6.17330498438149 4.46358608064937 5.30536399208244 -4.28886698921741
0 0.972269874362659 3.91072235324699 3.68810912277289 -8.62963756937032 -2.01154433824757 23.1650312810362 -12.7476416289943
0 2.13218037940655 8.14748694653065 21.4684724968159 22.5875514586374 22.0421041338591 22.4340547707135 20.7931998929227
0 3.2459641257715 3.96014067821299 3.02960797410092 1.90425965633293 -0.337901828982118 2.99813032006162 -11.5803528942265
0 1.37826279350225 1.27708541314661 -0.508676108819491 -0.97453943099185 -6.2409450244009 -2.07592398056618 -20.656860893279
0 0.395202427163544 -0.417092058167312 -1.8641888923504 -5.70491146762146 -9.06118447809885 -0.973611153143606 -24.761372438662
0 -3.3981423363935 -6.33190991782497 -13.7604875152997 -13.3124852693991 -27.2932282196898 -21.5997105593528 -51.8811960258638
0 0 0 0 0 0 0 0
0 -11.1099878357317 14.7946228343914 48.4179453015316 50.7450739689577 59.5526888718942 60.1069693550646 75.8676486972439
0 -8.8509459253761 -18.701645761902 -25.2157140625551 -33.0780335719321 -45.5344290227493 -27.3803273502515 -77.3889857020183
0 55.3176426030262 37.4266907222315 66.5463021913736 83.1254079054737 86.287717332996 74.3024698339487 91.5956120883795
0 5.60141408649336 7.10386140510028 7.70375341882979 8.30029883532745 6.84490026001523 7.12592509577606 -0.601663960417454
0 0 0 0 0 0 0 0
0 0 0 0 0 0 0 0
0 5.21763879391117 7.44758183929499 8.95779544856769 -8.20440767325165 4.13143778882947 -6.4481347093485 -17.6319376403493
0 -0.651185935439196 -5.22114329897199 -6.71919950877669 -20.6016593838789 -19.3704116138002 -7.01356005748778 -39.8499466631355
0 10.8515667166879 4.07018197608456 -13.8896952176635 24.5213127963299 16.0708265327939 -19.6874805444979 -6.11786746368189
0 3.85601458749075 19.4432098575152 21.7433993658764 13.6975710652436 29.0821467130788 38.8979885553633 35.1697315422051
0 13.7239286311728 2.83323904581266 -23.6571925525108 13.9190916997393 -1.71989579129246 -33.3752090778468 -24.4987552705878
0 1.90155490668546 2.29128354838317 0.966446194510975 0.785521847138002 -3.66780047324629 -0.211676826531685 -16.7010751559025
0 12.7606912586525 -10.886872136293 -59.6163517293442 13.5031991503978 -6.81170341950528 -71.7103560578342 -32.5433822138049
0 0 0 0 0 0 0 0
0 0 0 0 0 0 0 0
0 -8.70626906219437 4.3299750294083 5.93352406815357 -15.2202894212647 1.12541216616854 36.6217751839727 -10.9417791537705
0 -16.9816612174716 10.2724557151069 28.0793896197595 28.1656972044484 29.2294952550992 33.3760996412017 37.249610809298
0 1.944855604974 8.00173800282936 8.44813295887909 4.63693813453107 8.24174916658436 12.5218210491645 2.07750318966413
0 12.8869466927447 13.7331483492703 20.0744405121041 19.359772123727 20.2836218546816 20.3752260971609 19.2635683284704
0 -2.16777318752875 -8.39868436717523 -10.6688412247898 -19.0146903013656 -24.2217187721123 -8.309387686748 -47.2627934488266
0 -16.4890131631006 -21.7450083805389 -36.9923588248619 -34.5348343917431 -59.3039674032788 -52.3892803717648 -95.4206448060964
0 15.6391435393731 17.3182278045663 24.4431372880041 23.8231388051507 25.4947731147286 24.6862533366571 20.7029935143626
0 2.2640247524098 9.61908698442444 10.3245186506119 5.67124862896213 11.5079040522011 6.99089899058123 7.11606563038239
0 8.47376743160693 12.7598901113382 18.8985891501157 17.4451852146908 19.7083883213054 19.5395471223753 18.1744637679936
0 13.4303130003663 14.7175197087399 22.4767930832174 21.2197074015489 23.398284942107 23.7258787042897 23.0379486925634
0 -0.270165618102441 -2.53509515149419 -4.89649247298846 -8.64972955042485 -14.1906705352981 -5.00267743100041 -32.6146211678709
0 0 0 0 0 0 0 0
0 3.57919196785568 17.993433995231 20.1348465331192 13.1425016126144 26.3933651651895 43.2806626362413 31.0332198196019
0 0 0 0 0 0 0 0
0 -0.822551104741563 -2.16800879193828 -14.0107921130718 -6.81784884694151 -23.0481759801187 -31.2848878689802 -43.9996328115868
0 65.2492214864291 43.1947183632346 53.0284901921106 68.1938506401517 73.0578495160188 57.7931172684575 74.344427318775
0 0 0 0 0 0 0 0
0 2.86095328100097 3.50762819054585 2.49519785402721 1.50249185400376 -1.23640351423565 2.53664387408763 -12.9594525592932
0 0.600423754078591 -0.374047330752891 -3.26417186613294 -3.7007321072304 -10.972148024273 -6.28338502233035 -27.9503600359235
0 12.1471003997348 12.739720159755 17.6765872035123 17.428218969012 17.6158969004685 17.0653688793315 15.56693918014
0 0.873790271254933 0.227622937770136 -0.426146423633838 -2.97274687627605 -4.89822529370242 -12.4533868695452 -19.5614497044003
0 5.02575138733616 6.46245233366543 6.68935551355206 7.25250782286967 5.49673451429028 6.31938601460971 -2.65887948686626
0 0 0 0 0 0 0 0
0 35.9031439362305 32.7797414623383 46.1037371230093 41.2145379951717 52.1153354818165 54.0284694089417 48.7746785068681
0 -11.6185565883509 6.35732363541678 14.6928808782884 14.761929569184 15.4948133112353 15.411850003192 10.9037518693955
0 7.03032752836721 7.83781294792219 8.26232959042208 8.90978832738333 7.66008126027479 6.8772252772632 0.57407183157526
0 6.00124106759363 10.0198482538173 13.5753601050145 13.0253880497755 13.6048711167996 12.9106844624187 9.64452548279326
0 37.7593792063561 27.4158898274151 66.8942658895525 70.8329198828278 76.8472001130162 80.1635105099861 84.8943271217733
0 -4.61691159879454 -11.5253948257167 -31.5754874607298 -45.2895698252465 -46.1566851418395 -54.1724354827817 -92.015777340241
0 1.62938181595035 10.1383439258782 30.3470820421983 31.7924185290361 33.7833157930189 34.2492567978201 35.9159789506044
0 20.7208738962871 16.3908628509393 5.28317984802099 25.9982646784269 23.1987700056954 1.45310442114557 7.28800760570523
0 -13.0636637314012 -34.5829718406149 -39.5882537249583 -59.594570520563 -70.7939115874839 -34.4659441174411 -114.437189623578
0 0.00725274565689027 2.81164886094949 -7.36108245425964 -11.0025977836673 -12.4476425521739 -21.0360343313838 -40.9595259682205
0 7.12798687741636 17.9226660684007 32.2620288702673 28.7255531399971 31.8780395329065 36.4332873165807 35.5206975382826
0 2.890289190692 11.8247150556883 16.3201179099395 14.2947147748421 17.2769966899524 16.3005997396999 15.0885683147213
0 12.0995300713943 12.4134308079956 12.4306481233194 12.565249256414 9.8927911947468 0.415098519962726 -6.72569706662081
0 0 0 0 0 0 0 0
0 -1.47419698200252 0.365366849692634 -0.578116891451032 -62.3603824611867 -21.8893100909223 113.22598454418 -35.9789463104589
0 0 0 0 0 0 0 0
0 5.29286119420456 6.54966793812599 6.69309778599927 7.24962963691613 5.52340309624129 6.26289881420741 -2.63222263909781
0 0 0 0 0 0 0 0
0 15.618384740897 10.9180865841023 1.72045224982035 17.909759108045 9.09528678287695 -3.93614643596774 -12.2511993897619
0 27.7032032098997 25.8237369137732 32.4492009992701 27.7834626295452 36.8638793207634 51.911246474009 29.5181541103286
0 5.06230821803475 7.99711400853516 9.75800004385608 9.95554056604254 9.26161941612359 9.1363335308551 3.13565745370521
0 0.228033484123363 -4.30759382001422 -11.7592748418728 -28.4728740879128 -22.767911708338 -9.7969808052405 -57.02581012749
0 -0.638546458331938 -4.33448332308557 -8.77118191003858 -11.8624525542896 -19.8953924281601 -30.9024505254284 -42.3464568279211
0 16.8966269848141 -32.3047670740383 -124.435580998781 11.4712417636034 -32.597255565786 -144.202429329074 -44.8964628674436
0 39.3500651373238 24.3241755969629 29.8020672992824 51.9224375640188 47.4352681196253 26.5555382241835 36.670978188326
0 -19.4916812269969 11.5121385733 22.3542647929937 6.53672174472668 27.3592177332324 28.2502498129126 38.0590333149112
0 0 0 0 0 0 0 0
0 10.3463860263394 9.43313095673022 7.55954552399419 10.8145358114742 6.16447562903204 2.70793048231047 -1.96789973140801
0 28.9484361241716 24.5902738836499 26.8246366657606 38.5496247064347 42.8904566259612 28.0482492349724 37.8821587528952
0 1.98023650635881 7.78651239474411 3.69319172925066 3.09179390931174 -0.886390217163086 -3.98594054617365 -20.7000305106261
0 11.1498510734955 13.8285725853004 21.0464590860876 19.6039020106118 21.9930999886007 22.1124836904988 21.1944062232184
0 0.658684688141477 9.19250292533597 9.54906038589246 -42.8385339254122 -1.16078182199627 63.5786383138765 -5.82833346768341
0 31.098938280552 25.8169405234295 24.8302862156481 31.1368000295752 24.1388230565761 17.1966217951168 5.82549027655193
0 0 0 0 0 0 0 0
0 0 0 0 0 0 0 0
0 -7.62495669701416 3.81892646242079 3.98079976617399 -41.773434977663 -7.14305341497595 51.4809656901233 -22.2400866882102
0 18.6567266707361 18.9332072902859 30.1880527842526 28.2344734459935 34.0550203674777 33.7744012378165 34.2925180449902
0 -9.03997946050053 4.27403543816976 6.90979805646331 2.7981883905511 7.53547750631021 2.61689611347917 -3.48453464680046
0 3.08826533423238 15.2532043819309 16.8083726066361 9.95853458038315 21.4080880153559 31.0899149858913 23.2177049954756
0 1.936949748446 8.60381215422731 9.05861390958584 2.61746086089553 8.43899398218291 26.1375145030958 2.88213580806384
0 0.625832646342772 -0.211271605910368 -3.95542054648062 -2.50468212738589 -11.777557208109 -10.5369729673704 -29.3110096900333
0 62.7082943627459 35.2031299749714 27.2651976782442 65.1903731346431 64.185870948292 27.5101097685523 67.4810501227653
0 2.60486584091692 3.21001151261835 2.15267282814711 0.824522820054131 -1.86391436596495 2.26826265383637 -13.9080848875445
0 1.04322127415934 0.92825933201933 -1.14384808084195 -0.0331720836090197 -6.92727286803941 -6.31439657267719 -21.8011214180363
0 0 0 0 0 0 0 0
0 0 0 0 0 0 0 0
0 0.442142588541614 2.15897340207451 1.66485509648528 -16.8717515210257 -7.0172887749669 31.9445469457328 -19.6110185374528
0 -2.08978351071989 -7.49553738402278 -10.2689758363854 -16.9572377484629 -23.2194565545843 -9.42262877471563 -45.8245708986709
0 1.7468675384362 5.84710484576446 5.98239138648242 1.3359479292706 5.12351828598023 -1.05262318946557 -3.34394462519224
0 4.59884430242023 9.31593204609521 12.2910474827015 11.7806214408149 12.2269033122415 11.8154169288316 7.5785432209379
0 -0.0266527409943085 -1.6538417832119 -6.05710073205201 -5.9442656124809 -15.6562454472053 -11.1249755356389 -35.1656388741031
0 0 0 0 0 0 0 0
0 -7.88685573329309 3.73552559627209 4.76055242884585 -16.0967877215169 0.0637851238175813 13.0338935165657 -13.6690719059525
0 101.656061247299 63.3996820604452 83.8692013496491 107.828165932846 127.392553608724 102.241899265701 149.082379063779
0 19.4290053881827 19.4940694349213 24.3638851581226 27.3472545223136 30.6609046787027 24.0838435496539 19.4277349714183
0 26.9615202353724 24.1968932066947 34.4719079460317 32.7459657435288 36.5708381264744 36.5636368986051 31.6808961089133
0 0 0 0 0 0 0 0
0 10.5234515309114 11.6652841952618 16.0645930544845 15.8568775247119 16.0150169267915 15.081284034239 13.2265852692873
0 6.28761667557171 33.3504584220521 44.1311692705249 32.0089425440496 55.8123546323644 79.1790698814089 76.9662217780164
0 16.8427362933766 11.2056416773799 -1.00811907530988 19.6799207618791 11.2615271323991 -7.00425215165551 -8.47592290387594
0 6.83258184160714 7.84383338453384 8.51279436334679 9.16093173356193 7.92509355400432 7.30800541812423 0.999492753508459
0 1.02986925343872 0.816789954163598 -0.685414701985193 -3.16019349608499 -6.88323471541643 -0.424624766287908 -21.5436617420353
0 -6.12151663001924 2.78406896201091 1.85070660094453 -38.985066905274 -9.29665855364495 49.1555346184622 -27.2659771868332
0 -16.1206779038937 8.96526873194375 34.4039583427719 35.0320846542633 29.9980253613592 38.1059074188414 34.8826003779917
0 -0.0838732917663196 -1.91493234036001 -3.62283396389463 -8.14409093283921 -12.1344857160638 -2.63642205827498 -29.404191151145
0 3.78601259927569 4.54635058780473 3.72925068706009 3.18842812914942 0.900869327124564 3.62096529369451 -9.70595071370155
0 -9.68877396142395 -24.9766279434544 -29.6163681600636 -44.0119399052899 -54.0935289646853 -27.1096766441932 -90.148166131471
0 0 0 0 0 0 0 0
0 14.5354092081161 -7.01880363998143 -50.2404700181603 13.1245019301386 -10.5578175310827 -62.5182153966433 -30.1107402730682
0 8.0977004282366 4.97315245305497 -10.4958592503656 6.67539787325433 -7.62944091555996 -19.7524358121832 -35.8191083893912
0 0 0 0 0 0 0 0
0 15.7150263893091 16.3839045300755 25.4176806794195 23.9630651192133 27.1671004382911 27.5006314218294 27.2827744033669
0 5.59005928913326 6.349697061349 5.94659385304572 6.17433405531448 4.51982048206573 5.24862553663276 -4.20735447340805
0 7.0522657678042 10.1636893355903 13.7817313063116 13.4004414968127 13.7565011623166 12.849741263466 9.8897756911949
0 -6.75882981770631 -10.0927344585081 -19.9349730210784 -18.3715649578899 -35.7529712201134 -30.5980848110562 -63.4519576587192
0 -0.641164916532752 -0.410159578327628 -12.3542971873601 -19.3603164715192 -20.1976577776692 -31.8177685207635 -53.5931188215484
0 19.6628619271808 -3.39303875944682 -54.798409880128 17.7074123997962 -10.9793615486151 -74.6695354491293 -25.8966584811942
0 6.53149163587255 -0.569749963997964 -21.2557220901608 3.43970118654502 -16.2763108212128 -32.4487934878669 -47.6898622590172
0 5.08067219257992 10.1005662495189 13.0391185007405 16.470580979142 13.0204293630912 8.967783006468 -3.05988420172427
0 0.143754804781198 -2.31962288783737 -3.37706709841781 -13.9344322644017 -11.8539362090712 -24.35612299904 -29.1411392411701
0 -1.39727440329807 0.278181729962625 -6.1600476986157 -109.760683696864 -36.421460312539 139.628533400949 -66.0501702923123
0 3.84897554249679 1.98772559802393 -9.02534364641788 0.243265175242506 -14.964486880427 -20.9866405059016 -31.9337783975352
0 18.5466889850302 5.89765741620707 -17.5748423467859 20.9335260881479 8.85294105338783 -24.2474960221434 -8.1462957659426
0 11.7686143966925 13.9394737352132 16.9207316451281 38.7235813137875 37.8683133874533 16.4233611382879 25.6152054797489
0 0 0 0 0 0 0 0
0 2.69217787278017 4.01410512389987 1.86864378963277 -14.7843435245224 -5.58114871246462 8.53607202031001 -32.6027318382723
0 0 0 0 0 0 0 0
0 6.28795721065157 -29.7296923829248 -112.165451019142 -2.19639864303312 -45.330859314846 -134.482529480173 -72.7891734122469
0 2.2074312871282 14.2025724789309 15.3368087911327 -11.6820814689647 13.9431218866266 67.418934494451 14.5810446763823
0 4.70460787055497 19.4412707442934 35.7008557723713 30.8267752193154 35.1230231654314 41.2476988049486 41.1042311494947
0 25.0032691202867 19.7987012695961 17.2262334890482 32.2507203647788 32.3477680703044 16.602882383926 22.0303795919836
0 1.875906518863 7.33863387175395 7.67675323455775 4.04613791741208 6.9533689218831 10.8604473932788 -0.0606138176681874
0 15.1117618306446 -19.0126723676098 -86.7468020179734 11.7181284527533 -21.7832551459941 -103.464231347789 -38.0468663332089
0 3.40244126835607 13.7576065181585 22.6447322587112 20.0135473253552 22.3725282208082 24.2035807666562 22.4218203335394
0 8.52498172791798 22.0677452620429 35.7192439537051 30.1853693435237 43.1769477929037 43.6245395769233 48.2030792083198
0 -1.33551502140774 -5.95095201507124 -7.97986798344957 -15.0212973442712 -19.6897517084055 -6.04613735811809 -40.6024035930772
0 11.0057708542142 13.865669446358 21.1344568784097 19.6326338425273 22.1513459729181 22.2659398872265 21.3698350049995
0 -0.542803520758316 1.67838682884986 -6.26739602494249 -11.922192236263 -11.7550444993287 -21.1444729695841 -40.6881603849265
0 1.94173267342942 4.74632251942633 4.98075389096101 5.32609580807582 2.97455597664799 3.18417215807891 -6.49925541453185
0 9.43041444883417 9.28651265908414 -1.6709257685875 9.38274903372864 -1.03147479232953 -9.76614571484665 -25.1251628131437
0 4.56244840203657 5.85771435198152 5.75308471732094 6.21752254915662 4.16375848265561 5.49609087794422 -4.69921941787576
0 0.0132558598172556 -1.3076642510216 -13.4851427036372 -5.63903593906019 -20.2924816472977 -27.3348296304122 -38.6643571715339
0 -3.89951854634956 -15.2131031220392 -57.2400954755702 -45.6226032249888 -69.3774530025832 -84.5081511541443 -120.822580682513
0 14.831059359611 13.9011120345067 14.7204672541176 14.2014644591301 12.8199617007803 13.750594101464 -2.41085730158279
0 0.199765314036263 1.79927193151351 1.2319734977514 -23.1416105521912 -8.7450749783814 27.3662884115506 -21.5354961918838
0 11.12019919085 22.5991224019712 37.2535648246735 31.7545573501719 45.3957509395742 45.3537569970949 50.234683120863
0 -7.07794536143002 -14.5209559086144 -21.0167555899686 -26.4746902698695 -38.8278186203325 -24.2950385830752 -67.8725346863658
0 15.6208192082439 14.6422952466885 17.1545352881206 15.2899974623109 16.0456181753686 16.4528434765151 1.70191606268881
0 -10.7271120275629 -28.6402593662333 -33.1748704526543 -50.1814407345841 -60.3104480238109 -29.1314000815957 -99.279605184914
0 0 0 0 0 0 0 0
0 3.58992842010735 5.12021292317849 1.26004935401924 2.91257755703928 -2.46108292755884 -8.03607039067642 -15.7622352058084
0 -4.6641452357662 -4.17974937532245 -25.6389021067134 -12.3084276761054 -35.5049773058208 -40.542075962185 -59.813664018175
0 39.5033470657083 36.6228779293105 47.0327875949594 38.5714508925924 56.9583829078597 73.7898269938113 56.2273550856206
0 -11.179758005903 6.2800091169546 9.36126740423336 -38.9212863571236 -0.0194504553496699 72.3098832979613 -7.56168174702213
0 0 0 0 0 0 0 0
0 13.3058777351954 -4.30791691130855 -34.6723688071063 21.7479117305018 6.54430391360916 -42.1325317495421 -14.4028695762709
0 1.30450911798748 4.0702791767097 3.90452695826494 -3.31508387530579 0.712371930482504 -7.5822980505141 -9.7850660212415
0 0 0 0 0 0 0 0
0 3.01302007958814 14.3430192857411 15.6888703268563 8.79820356550425 19.6913520506861 24.1600991970158 20.3218212541612
0 16.9274264140216 16.8886500769484 20.8935951523001 22.9379019323964 23.0582358029266 19.9257233795505 15.1497336937449
0 5.2521728854782 21.0762391258229 33.1503022453781 27.6587783536888 39.503840084066 40.6117310742167 44.5616128216908
0 5.04916617412405 22.7559730541604 37.8185447637102 31.8259047946186 39.7225862756068 45.7910910561762 49.4212830617542
0 2.13791097984869 10.1791280534353 10.8374496558167 -1.91574844623625 10.6880165499501 10.0200660748527 6.91638714555732
0 0 0 0 0 0 0 0
0 23.8205582194878 22.2563107093521 23.6180783944645 31.340957027107 33.1855495166279 22.55048795461 21.9651939423986
0 -0.849959742828649 -6.15747388673156 -7.78893242809335 -22.555073078142 -21.7731164045268 3.30499841419801 -43.4218580801627
0 39.6294019939995 29.8166302701885 48.6077174022151 47.2158003837052 50.0747906895118 52.1067990721468 42.6049205577461
0 -0.235506679626773 -4.34161792316632 -5.68664675592789 -13.1990173330135 -15.9683585962815 -19.9817147593689 -35.6094268156084
0 -8.81960313273902 10.627190087151 32.7228889483357 33.7231543191313 36.2892979683248 38.3048487537418 41.1271728349713
0 19.8212993814689 24.2240967437746 42.2045371512815 37.0161840933471 52.5570691061705 50.8250909543815 56.6552664677145
0 0 0 0 0 0 0 0
0 0 0 0 0 0 0 0
0 1.55165829312393 5.96881535846183 6.06183653316635 -0.625842439304979 3.82440194138494 4.50327603466427 -4.58124766209328
0 2.221243381986 2.7770100393824 1.682581307461 -0.111581068428272 -2.72494001050745 1.90846959196096 -15.2018625194299
0 2.36158956718054 12.6477373744051 13.6196107095274 -4.11801869476846 13.8199739478336 31.944681161279 12.646132109145
0 3.57617563492566 19.9652325531422 21.9508022763128 5.47562959945823 27.6590930767637 62.8016841991003 34.5450837551465
0 -8.74141665663527 4.1549453051122 6.64871474993592 3.96167899836659 6.48226756176035 2.0890667553164 -5.03011335669385
0 24.1835053239504 19.3595962104701 24.3095392135077 24.9386032079603 24.4068124436101 22.5117233149864 12.547946046985
0 -9.49383666216178 -14.2155636560162 -36.9459902008759 -20.9943873848683 -49.1847542668519 -59.1778535675461 -75.6905445113563
0 -6.61026468792111 5.63032235451386 12.3826446929304 12.7215541926658 12.5486240706949 11.9526114059965 5.98106039435655
0 -0.00459518460479824 -1.72247950008119 -3.55201570006194 -7.64435903717969 -11.9676582636348 -2.89275645446777 -29.195654566252
0 0 0 0 0 0 0 0
0 8.35830857276027 7.82604048347635 7.27736244990982 7.22018358539582 2.35793292425055 0.921884118217827 -15.8988822180623
0 1.19065230034883 1.99391996587599 1.62176605253895 -0.623636536791113 -1.44748286039893 -8.15790675383404 -14.1214742177365
0 0 0 0 0 0 0 0
0 -1.03870960703139 -8.85818322018883 -37.1503854749215 -8.43950082613878 -35.7113729476017 -51.8866553664586 -71.2967830977934
0 -3.47789517518822 -5.56913642774589 -7.46244963784557 -100.249935275591 -40.7982648021875 135.601349678755 -61.2795122426242
0 -0.210347588848094 2.02286640665065 -6.20246621078232 -2.74901437072018 -13.059579745874 -19.9661472630264 -33.1239423291632
0 14.0408369811992 19.542030152413 35.4111282079836 52.0181264076619 55.3829615628121 39.0913413104214 53.7488738872042
0 1.97831827879241 -2.72111166154797 -10.3938816072609 -51.5444209070719 -27.2582004697012 23.4538371392839 -62.6930608410882
0 2.87980112485505 12.5267031135271 14.2905436276974 10.2238384594998 17.6149580484116 14.5979364898574 16.3125173452123
0 38.6796033562184 28.0223228550841 41.0663662640609 40.8019236282785 42.338075749179 42.6589915588115 34.6335744539812
0 15.1804587618568 23.9797009418625 45.6620116361773 40.3060147796839 53.565952613593 54.2190626594508 57.0113929450717
0 8.43918657521397 10.979760571475 15.2905125489626 14.8095588876221 15.3387138893526 14.4614674078581 12.2260964995544
0 -1.19416968319554 -5.51325552772317 -7.49810292163751 -14.299776554789 -18.8694790185616 -5.64256774214929 -39.3911961047816
0 13.1465882066034 12.2329652067155 12.8909428876468 12.3269766098625 10.2400312646692 11.4222923162136 -5.71324413528391
0 8.76867671486766 11.4141833575602 16.1728610169694 15.5252835482017 16.3083276047159 15.6164103513834 13.6262827788216
0 13.7313568780451 13.2070467673572 13.7131785565708 12.8279377775309 11.3700672396034 12.6985606935395 -4.2815630851674
0 9.94727832028786 7.47452449919098 1.41296337185197 24.7978529754507 18.9182461620241 -2.18165303865226 -4.17553093480439
0 25.4819749135243 20.0478585447524 27.2550980893151 27.3028753307698 27.5826354720482 26.0970464385108 16.7195898911445
0 -2.11471326461196 6.68775024009375 6.40538402183785 -106.263769750915 -22.9216221132534 209.03252228538 -29.8825363147682
0 -0.574275039223707 -7.25397407374835 -9.11841549678536 -13.8377714591252 -20.3937552639053 -32.5231743382004 -43.3607220525755
0 6.38100570964227 8.14426342811686 9.36501598929029 9.88425399247182 8.55986271112399 5.40205935036007 1.55590211974415
0 0 0 0 0 0 0 0
0 37.725008911798 29.0873423169304 72.5679519719971 76.4073076844867 80.7908293728239 87.4190117546234 88.8914974990255
0 3.30177238391257 4.73767648501188 4.40409036709629 4.7985682343653 2.08704913181932 3.95716021910628 -7.85640960715283
0 8.82000344302013 11.5777889051113 17.8667452578885 10.1647903811631 18.2283176688979 8.69941075805052 2.38433142392043
0 10.7477072200048 12.237782100576 18.0518189930504 17.759803874389 18.5280025498271 17.6475761030399 15.078117841171
0 14.4010089910431 16.5577599328899 26.5782097145482 24.3914777796221 29.4021181862106 29.431218168737 29.5397767382338
0 38.1418074382599 28.4482172899267 29.1373792586231 38.7657314450948 33.4227307708362 23.5705600747502 19.5027323468784
0 -5.76435645972258 -13.4877716838288 -18.6281241482627 -25.3918508417703 -35.6878532865313 -20.0855080585089 -63.5600927197741
0 19.1303418334483 7.39447027282881 -4.1241151243687 54.5926150120663 48.444870036931 -4.00296325613789 55.0576470013958
0 13.3453994294727 15.3045171363262 23.9577337049283 22.2459165251441 25.6352668415362 25.871664140223 25.4833594726422
0 3.33230556625258 4.04728578825426 3.13094858602586 2.25173894932135 -0.142962970598458 3.10910024838406 -11.2920451955814
0 1.11473035487952 0.739369891557293 -1.32152334993684 -1.90539338865744 -7.65802334863619 -3.15613364336179 -22.8360280436667
0 7.24855105828367 9.04068356881067 11.0541416284268 11.409879407235 10.3313527654273 7.77282312348711 4.21891837374127
0 18.5298741555999 12.5094652635083 2.44875258509513 22.1144954843945 15.4385730021247 -1.73271373783304 -2.88772898775971
0 25.2220541833723 26.0746577731886 33.6739667771316 35.3408936162446 43.057252577772 35.4251234360356 35.4233606912308
0 0 0 0 0 0 0 0
0 16.0426369878995 14.6168177948337 20.2801480464448 20.4915271373008 18.2397679213515 12.9677573521357 3.75763165278494
0 -1.61872123011976 -8.25102623674005 -10.2237764591712 -37.1895521232163 -28.6878017969896 12.4034916014321 -52.4631979600656
0 -12.3784240141455 7.20519166617089 11.0568889328579 -45.5448849296671 0.188418959861906 98.5673056334254 -5.02415197267342
0 -2.50541743173821 -14.1226045981259 -16.8961150480056 -40.1560799078467 -38.67076893398 -13.6307059440499 -68.7473358633525
0 9.58445096058642 13.3722380885759 20.1415390083939 18.5891832427595 21.1236519994313 21.1082775119534 20.0233459015128
0 3.10426923915863 -0.498506816419304 -15.590329690307 -1.21720968523395 -21.1238587150013 -28.3484093499321 -41.0858124003138
0 18.3364310571215 16.1283329927705 20.4803680467241 20.568483421744 19.7066790574775 13.8429192362657 6.19572697813905
0 26.7092929765193 20.7505958139621 27.3924204462163 27.8412184485778 27.6393141438225 25.3276713291993 16.7240244156419
0 0 0 0 0 0 0 0
0 72.3423163151464 48.9572398542639 84.7529889007317 80.1876302810006 102.316984823301 104.670101473886 116.918006083977
0 3.90562724263474 11.6746611492808 15.927602043432 14.4477090752617 16.7255835160483 15.4296737150942 14.3583881304622
0 14.2522033973455 12.5337078640383 14.5570059099789 14.799332663067 12.6551633894409 10.4239370060437 -2.49734995071239
0 -21.4577772458609 13.2349498776567 39.2235308974264 40.2669248573445 42.9857621478908 48.9473533065901 57.7120778033186
0 6.94785777513213 6.39428556844134 5.38254777009427 5.97015548099186 -0.195131980696733 -4.39104856380626 -19.2354547484609
0 83.6960121183148 39.5678596369127 20.4429196045923 87.7290736123184 90.003260375811 25.8264249705713 107.852771924609
0 31.4184904192911 23.9542392787393 19.6492723160934 31.3728669541074 22.5093120536746 10.9102562516244 4.96355442858981
0 4.44673496427569 6.63356771412075 7.15700321902675 -9.99197400373353 1.09468719323787 17.2939612191855 -21.9536226949976
0 6.22785352177093 8.33856435806961 10.0075537553468 10.7586157890703 8.39073430940876 6.12314925938696 1.02814289989193
0 5.94256209065215 8.56062328811736 10.6790157905802 10.8476394839687 10.323714277534 9.79515241145063 4.73784304576907
0 5.76448886634625 15.5584841096798 24.2466788463728 21.3546375593191 25.0062680148693 26.8398853178864 26.8081236117635
0 7.35549431411908 22.6281890910993 36.4271845025691 30.5440211501036 44.0891433916666 44.8579890343991 50.4194034073767
0 17.9544428193296 16.1603930367363 24.0527981152365 23.9681177153216 21.9527937937529 17.8985734701519 8.42821108397948
0 -1.85027199623952 -7.34678623993969 -10.9800777407802 -16.9326036233292 -24.3511538226192 -17.9446348191191 -48.1898733818627
0 2.54372636630361 3.17761118484127 2.14251577588829 0.54260363168297 -1.9101617154429 2.28884362467526 -13.9634364665433
0 0 0 0 0 0 0 0
0 4.76921644757827 6.01733522125975 3.97259255064687 0.098135131329359 -3.11318597145933 1.22843582007928 -22.9648632039904
0 0 0 0 0 0 0 0
0 8.10040535961534 -9.53670083385325 -51.593481541933 4.00338572095394 -22.7690043218726 -66.3473828602011 -50.4794842247869
0 7.25878402572083 12.6979082555084 21.7113004630327 20.5267713143707 19.8939976096725 21.6153105621406 17.4932173901613
0 42.2484914545243 38.5630089268837 51.373578107539 59.194450124772 77.3933887649428 59.8372641428352 87.9809555801567
0 46.3653712359297 36.8750665773389 58.9018709257627 55.3130157068814 67.1598093350753 70.186783301558 72.5369353254477
0 19.6172656822404 21.5728662301802 36.9227417266236 33.1676343824246 44.6003884814469 43.2757504869082 45.2882664683859
0 -7.06979797190661 10.2486316107525 9.77172512577818 -252.253631718378 -57.2884321978277 555.789947430726 -59.4574514374031
0 7.01505200350305 7.9671454997164 6.65650920624718 3.02729058466493 0.814463507715706 4.9848635720768 -17.8871894403917
0 0 0 0 0 0 0 0
0 0 0 0 0 0 0 0
0 18.5014820849624 15.7947898503429 18.1881756801254 18.6357779515836 17.4355148305344 17.2259656423627 3.57058814104356
0 5.77432536668408 9.66162940316639 14.697248996893 14.5131869895962 12.97843265947 12.5848566483141 7.68860055642593
0 11.1199616457201 8.26702348725869 0.954584863242555 11.14788101642 -0.153119380672479 -5.11969284274945 -13.5235557091683
0 5.31589274232669 6.09241412134912 5.62318717987391 5.76419521049889 4.02035735832593 5.05063376382722 -4.96498937664487
0 -0.705034501693802 -2.06401158560802 -3.19651401128542 -35.4336960547824 -18.0224508264463 27.4000438672938 -34.9927602011627
0 29.930969110777 15.8391657857372 -3.27784906141238 38.3441663137 35.7421412396421 -5.79654308224147 33.6956205099665
0 -10.0592389177584 -16.4979912052234 -26.1188152013129 -28.3962577827443 -45.3190309440215 -33.8171356079936 -76.6595825658833
0 0 0 0 0 0 0 0
0 7.08441993949709 14.2594282817279 21.5374266779789 19.1558414222233 23.5270390850848 23.5596165152067 22.9119797542606
0 -0.581099910484076 -5.69628683311133 -8.12872901675067 -13.4884283631059 -19.5298790575715 -26.9518783071364 -41.493899393435
0 0 0 0 0 0 0 0
0 10.6749803663821 16.1699663364609 25.5755421222117 22.8185898240439 28.6685381857513 28.6936649068738 28.8579633670996
0 -18.7172672748793 -21.3437808088456 -38.5175335913335 -34.9527665011568 -57.3304235947523 -67.5771281459869 -90.263131043109
0 1.5325007229363 2.03383509168204 0.766807899862874 1.33446559296384 -3.8066231893323 -2.13616769294791 -16.9391308665211
0 13.4175077052587 15.9565872020152 24.9219304488758 23.5853277972645 25.3999670533022 25.7854999293083 22.6206733706049
0 -1.96273476906382 -4.80317173589822 -10.7234915682492 -11.3066983630819 -23.0496756214494 -16.4450857089766 -45.9130117670953
0 -0.981156818365042 -5.80103037164243 -30.503364163277 -7.61699790140398 -32.6437249052006 -45.4944032136007 -64.3624172564041
0 -12.6118879032797 6.95845010423929 11.8234774177631 -9.60604702649615 9.87794469420733 41.3772234257221 5.92668235189565
0 13.2553276780015 16.0672939598742 25.6230702004706 23.4119794190327 28.2096936772248 28.2804776140643 28.2597129593272
0 16.5721839502682 24.9137450612552 42.689971432151 36.772661098798 53.253110033152 52.1416746676003 60.0472525430025
0 0.305670826240208 -0.617413619436217 -1.45494759892331 -10.7890156748981 -9.71280563893258 3.27755325070883 -25.3564299679084
0 6.09358736084696 0.345567291968099 -24.0688287093252 3.16420324398327 -14.9762390963613 -35.6287993752892 -48.266742961069
0 7.04309328126195 6.43213904499194 -0.827319320775224 14.4049455709101 7.25119834474834 -6.78263368711105 -23.6412858692555
0 0.414930948459269 -5.52655109237968 -14.1583188612555 -31.0390258810798 -26.1078988854372 -13.0276071182971 -62.558110413384
0 2.12870373864395 8.82759702714583 9.35394537584058 3.62346508291558 9.87895530124601 4.38752650208951 4.53952483855563
0 -24.847488853344 14.9522660841798 40.8305043703338 41.1189613962494 44.7115859808936 53.2697166253674 67.536081595707
0 4.7368215290557 8.167447808577 3.47372502057431 6.49188503381248 -1.28877271275849 -4.58295075526833 -14.8421256888738
0 20.2008886781014 21.2944359666011 36.0434563650438 32.7480164690791 43.155944057547 41.8950511340847 43.5612138261555
0 0.763943747251373 -1.24457707768465 -9.33662417922475 -15.0818853729896 -18.1914240130061 -15.0288805108745 -49.8625056093878
0 0.398022696889324 0.819226769372523 0.158236253504189 -15.1375986321634 -8.20929929160721 5.02177137138372 -22.3077464449319
0 8.22815443228495 6.03657831177719 -1.22167262371785 17.4625182764082 10.0653603675085 -6.42691948832267 -19.1036707190572
0 0.0848251587369937 -1.1306610108591 -6.72030060877499 -16.4947400667772 -14.7519133044553 -7.33514161801266 -43.554096306376
0 -0.38099099260022 -2.86545653663852 -4.61646359699245 -9.83014256555978 -13.8885471104731 -3.33487456270757 -32.0066631760479
0 -0.0297246016194239 -1.75218073115199 -5.45434853783023 -6.36724815263139 -14.7862568500853 -8.86836331444784 -33.76044089182
0 18.4629376889924 9.50231715836355 -4.34648351624793 21.4312753969681 11.9025945678707 -9.5333608160193 -5.59155728474548
0 -1.45188480935823 0.768547307447681 -2.21629981230316 -5.57893328113204 -7.24800855618523 -5.01555422814722 -30.3041431233306
0 6.50757114039291 9.21634327798495 11.9099332355936 11.8979436285393 11.6939831972935 10.8597590671104 6.80819219455818
0 16.7437725867962 15.8775068383035 12.0934563970376 20.3813810809684 16.1746133254402 8.1282970217009 -2.41999166181058
0 3.40006773749703 13.7876264059605 20.4425407447199 16.6269091760887 22.1593304217114 22.3836436608227 22.1455554582547
0 12.1675016519019 14.3787284344781 22.7505311778537 21.322555832521 23.5128923457968 23.7144455217905 21.806703855587
0 31.2674964177756 29.3936178041554 36.9642927359324 26.1346881346894 42.2184794105783 66.3043171792289 37.2043091804439
0 0.0844569001234845 1.25092355221202 -5.16379136377042 -4.25541033867445 -12.498161096256 -20.3025020256325 -31.34385604104
0 0 0 0 0 0 0 0
0 -1.00937693226274 -7.4570033986135 -9.26250125619609 -21.6197340722134 -23.3612342762036 -10.1123092375849 -46.2777358984171
0 -15.8868402893004 9.09561707418203 16.9524104818919 6.2769843947599 19.6973027119803 46.1366441389557 23.0585628999243
0 2.72343915840397 3.35085890011539 2.31587678413799 1.07998317926496 -1.57339523104716 2.4083237190439 -13.4671282413313
0 24.4579645188357 1.58266650636452 -36.1737741718409 28.1534208542188 13.1818275308172 -43.5205784526082 5.62956704855972
0 13.4368949021713 15.2526822753642 23.8124988807855 22.1675721374529 25.387775402682 25.6451554916053 25.2222945507731
0 3.6054923409903 4.49716282897822 3.78073805051759 3.67687059466308 1.03346923823848 3.64909780313495 -9.49598654989527
0 -13.4129025656067 7.30466234993954 14.1272544732846 11.9896701264291 16.858416233805 18.6972714214753 15.1482498293694
0 -0.827531967352674 -4.24899845113376 -6.40102654016162 -11.891666085046 -16.8793638439396 -5.42660355048686 -36.5105497874331
0 -0.356406678587859 -2.08277749249403 -3.17622058672918 -22.9888173233252 -15.0493226659268 15.2206743153246 -32.0255478063337
0 -0.0568943561237774 -0.0773961830845664 -0.897664199858731 -22.1381200329062 -11.6880093899019 24.4623074050272 -26.5194192465907
0 26.2519559446835 23.4463864750247 26.8681274524403 34.669878441718 37.8640113119144 27.6202793177217 28.9675757239991
0 21.769036730756 22.5705401659241 38.1529723060362 34.9432813111059 46.4603629321183 44.142505232032 45.1745114689707
0 -0.244065170982246 -1.57608917109678 -2.59664684953348 -21.0386967982964 -13.77009834302 16.1008089733176 -30.1671943815222
0 -11.9657367838828 8.24584143586083 8.93885453261987 -156.613530046856 -30.7773866195174 322.179576492823 -39.4426325507504
0 1.91826137013054 9.90771349962955 10.5054917833682 -4.02704654818757 9.15200796833767 32.3941869970605 5.12391431357688
0 -3.76159196929848 -7.00184778279984 -14.3096946682095 -14.391987170033 -28.1479066409619 -21.5983301763294 -53.0295270261805
0 44.7550507727872 31.5890637808428 49.6229754621287 48.2494473053421 53.8127573905768 54.7598803076761 48.6617539073612
0 10.8548570815532 11.8234138224469 16.2321090579876 16.057215110435 16.1706127660727 15.2509895734562 13.4529154976583
0 0.913612953007251 1.3410985645539 0.744174443338623 -2.09043065959895 -4.189363169653 -11.8543962305166 -17.9148315911244
0 35.2346533474098 25.3651612460784 17.289149787054 47.2887772218171 53.8161291474208 19.3550219116762 56.6581192894548
0 -0.0944778853840127 -2.2019028048768 -3.27832548727318 -20.2093555774567 -13.8189199655006 -18.1298476580372 -31.1508775600587
0 18.1076073877621 9.42292584305255 -14.6141317788404 16.5868670069115 -2.64335326348996 -30.5678829641795 -24.7232740638834
0 1.12380852155869 4.44886326324333 4.30159446524387 -8.85600317420618 -0.404688540699368 -1.23107499366962 -10.51881562385
0 12.0611735515594 18.8895610762644 34.2293282099123 31.6741268457926 35.3082702475209 37.4278980782162 33.4300059395874
0 0 0 0 0 0 0 0
0 46.0540972104249 33.6782292620923 37.3419916935556 47.4122953029463 45.7099696731573 34.4213531862288 36.0347032228522
0 2.96802421601066 3.74130915238367 2.83683139262301 2.54476955022791 -0.553889081960754 2.62575906516965 -11.9207187738759
0 -1.581894398299 -3.67853269289 -5.1147563273025 -51.4780477379538 -25.2484217128221 64.8991668744513 -43.8980850254509
0 4.34182971780805 5.16528017657352 4.51150115935725 4.37252199646561 2.22771667217619 4.30001857129386 -7.68559174726895
0 -0.572082599608084 -0.471833363140871 -7.62407764133124 -23.378154160943 -17.1811435989927 -30.7946090195292 -50.6940237962489
0 -0.250871271147332 5.38651980108958 5.18206586779968 -51.3466873931829 -10.0441160008596 82.0285353678827 -18.8024598629327
0 30.8200775038184 22.4520557113746 18.7963689005159 40.5598339061598 43.6634782289552 20.2848406715282 40.4598535909221
0 4.04945429581216 18.5310514411632 25.5730982917389 21.1248378807505 29.2787696693131 31.4630845505794 34.3261670942166
0 4.92513719906262 21.6030511116543 37.5339904106145 31.7253676732851 38.3831930257456 44.8484984940668 46.8370796258517
0 25.1032213097621 -23.9272726453145 -114.384421911764 24.3406549777057 -11.4246037109211 -131.227056563232 -13.4961365882533
0 8.67706875222766 8.89815674164967 8.49111302234107 6.60524220938327 4.0935419509767 -6.24152424312981 -14.0337507750607
0 22.5255398161538 24.2500425776704 42.4415747321215 37.9017385336147 52.8055546777121 50.6361953811836 55.2753349009945
0 19.5473493833003 6.48246959556964 -17.1363594764437 22.4946583777805 10.5885759421143 -24.2635601405192 -4.04874363096492
0 0.412435558685577 -0.784100143403963 -4.04059821990334 -4.42784492352781 -12.2988655694451 -7.50193994213172 -29.9941186093646
0 -6.74373870347176 -20.309784638652 -23.7046376422262 -37.9686601624327 -45.6450381302085 -19.4077308841791 -78.3726083717268
0 -7.7784042285719 -17.456269216822 -55.3015882635696 -19.0672670340139 -54.840124102834 -75.2089179552762 -99.2912272065963
0 14.0228010015635 3.60877151395525 -17.9361094235799 14.2659302898759 -0.679406582869532 -25.9720927588281 -24.1094691321555
0 -4.9750646982515 -16.8622264896325 -61.7668394956727 -15.0516261864106 -49.0797422185701 -81.2418187219938 -94.6251738913281
0 5.42944758721762 24.5467685722176 42.1678742521258 34.9875944130622 44.0030810679911 51.7886729385286 55.676871852119
0 2.69496586617438 13.5412300167531 14.6594032023429 1.53994476869296 17.0510684573279 16.1920500278769 16.9173890655681
0 37.42809511053 24.4895374613055 13.8113626197872 50.0198136552193 56.1456771964198 16.4681166106976 61.8813268717012
0 37.2723293162436 27.3520132731467 41.6162140138061 40.5128294201132 43.8805200415064 44.2958405108909 36.8747307349357
0 -2.69219318372309 0.382488051917107 -3.17742280663657 -35.0268053211117 -14.7783875615137 36.3746604505675 -39.970247864538
0 0.459489664418803 -6.59839449133286 -16.3174746621219 -33.3335455816864 -29.066869764307 -15.9302718156483 -67.3764448661225
0 13.2847243244556 12.672033194804 15.3059651792424 18.3578170838496 16.4095580792467 13.2501674712047 8.69734585485274
0 0 0 0 0 0 0 0
0 0.710961510716631 -0.112648959855012 -2.49419923399667 -3.64826473075478 -9.77535295611678 -4.21257663677812 -26.0673887012287
0 0 0 0 0 0 0 0
0 -3.3730906180175 -11.3340531785108 -14.0484021776609 -23.4624816947228 -29.6596019629514 -11.7097779233156 -55.1699362101808
0 0 0 0 0 0 0 0
0 6.01850823604866 4.6034850576446 -12.5717324452324 3.82797742556455 -10.7219981569573 -22.6823900062156 -41.7541765897329
0 0.11832704737437 -1.58274600606948 -2.55772322341743 -11.5952227964113 -11.5331543917918 3.50695176849382 -28.1783812533283
0 7.18043272531212 -4.60886239855796 -39.484458158938 3.72300845485578 -18.4589291512706 -52.7087754361135 -49.0925769237815
0 1.35017843666212 3.59061219814425 3.42501543196298 1.31380445786864 0.754537885433577 -5.53736912818333 -10.2752003975271
0 0.247465395650795 -5.28886579834546 -14.0878220171148 -29.5172563350934 -25.7779304995335 -13.9154876118741 -61.9494856084693
0 1.02157867713313 3.1829968995229 3.32280824303576 -0.759509206183563 1.42667301114314 3.18810724773899 -14.2804145926699
0 -4.42572414498051 -7.51031124844429 -15.6834308549461 -14.9173667450374 -29.9550491215605 -24.3829788392854 -55.5417138113845
0 0.121200617829504 -2.92495881948775 -4.0864455710088 -8.03365834247339 -12.1440487622108 -21.7147320319458 -30.1672948177854
0 0 0 0 0 0 0 0
0 0 0 0 0 0 0 0
0 0.663284409257231 0.167793331120237 -1.29614904820097 -4.55489722335698 -8.02514887643103 -0.667615833031122 -23.2304552262655
0 4.18764454546623 17.045598750264 31.2665061271643 27.5700734988319 30.0750844223055 35.1862361220109 33.6742797632732
0 2.18271291612094 2.61691516493555 1.39224296031199 0.432317575413911 -3.10128690626333 1.21877540996428 -15.8143590962877
0 29.1261865204077 30.4686388066107 55.2841437758604 48.8957372955102 72.0377919417141 67.7966105876187 84.5501324181829
0 73.3080421428511 42.2749557153006 37.5545008886135 76.7996912452828 81.0922341124234 41.561606284405 89.7977273779308
0 4.90779507590305 25.6548243686811 28.9691575384899 17.1286502185737 40.6908091870592 39.5484600576056 53.5824430317421
0 1.36086235072085 6.56822738966874 6.70524306561666 -9.22268505171392 2.80586741250899 14.135151780876 -4.84392029540069
0 7.3344293702394 5.12626577648392 -3.42836710574622 5.41680248031826 -7.15934456655705 -11.3474066271618 -19.6886242214425
0 5.67507592179071 14.4918066754028 21.7449621131678 19.0831519655182 24.0208650399784 24.1184931228088 23.6073768608256
0 23.9491362679201 13.713100679004 -1.56187560908974 29.7031443503062 24.8121115998248 -4.78643780079129 13.665756796307
0 0 0 0 0 0 0 0
0 11.7378663804787 12.839158870844 18.4535989515915 17.8922211666629 18.5417150962215 18.2712524018153 16.8678534041214
0 10.5277428972861 12.9913371429118 8.02828931074462 9.78775142936108 3.9449759085506 -6.5348843843395 -14.7236288641577
0 -8.49365789917858 -18.4014083301208 -24.5875686736549 -32.7381552575462 -44.7096236547559 -26.3390526582894 -76.2665072583374
0 -14.906167458397 13.0620440702928 40.4377385253646 42.0511928650699 48.3055856174989 49.9161004998068 59.0123649868393
0 11.5481018190409 29.0907435467613 48.6733288956504 40.7254187535683 57.378651949256 61.1370512792189 68.6144722915856
0 0 0 0 0 0 0 0
0 14.1024537365404 15.3713438293724 23.8221149090362 22.3605797088167 25.1993951891946 25.5279157078296 25.0771818968428
0 11.3653759185791 11.8971787956399 15.8130326788298 15.8583440604561 15.7023762475097 14.5334464516052 12.7361233985539
0 1.01847296441933 0.868402185046512 -1.27047461755515 -0.115461376401631 -7.13461485449523 -6.59752217124626 -22.1250690313409
0 0.983107365836787 0.573994583226819 -1.91397217749559 -1.15107454752998 -8.37747116569318 -6.35411669799414 -24.0142536952012
0 0.921220164499108 0.333636224071484 -1.90737546805456 -2.7077141765446 -8.70539786548429 -3.76299051411713 -24.4394387915971
0 9.65117104116731 11.3942659153842 15.8808782134564 15.5184735135622 15.8857343085463 15.0092159510736 13.0380695522129
0 5.4444813250428 6.62730267716317 6.74969701283582 7.30500989404836 5.61199735544042 6.26877821720231 -2.50370591088467
0 5.27828886310893 15.1972180178706 40.0209651721317 43.3391656115071 48.7909164063297 45.1787765436933 45.0062649009471
0 0.836427940017587 0.174683588646951 -1.99665786429651 -3.26222120217867 -8.94128769523897 -3.34515679860256 -24.7783202616195
0 36.9468786754341 33.9208916460916 46.0534820672519 40.8776507996574 53.4667087929222 54.6629959342545 50.9604291691312
0 0.365920291390139 -0.674256971412659 -2.37833837640798 -5.81402332678238 -9.89888854244215 -1.8912521131454 -26.0925362656867
0 -3.22798310746226 -11.0103911488052 -13.6687539992225 -22.985824971788 -29.0616078819572 -11.3053047006676 -54.3062518574825
0 3.50561465295204 4.28560013462096 3.45306668730899 3.02935137788005 0.451799313187037 3.38471567577151 -10.3885980267813
0 -4.58582767488743 -9.96050880630493 -15.757702665861 -19.5466668190426 -30.8574937843076 -19.2753469310539 -56.7151549014044
0 2.56241689394087 7.80529032785423 19.4291611247528 20.3471689253739 19.4130141489391 19.6695942416057 17.3300882403654
0 -20.6160286749722 -27.0654458263168 -70.8940976922779 -38.2664658054274 -83.0812220051346 -96.9155531964355 -124.899652654978
0 0.692347481902778 -0.15966110948175 -2.61672494472624 -3.66052845093152 -9.96672318525852 -4.52665264394822 -26.3680079806211
0 4.25265774290501 5.08042618594098 -0.277741607139319 2.14188233557957 -4.44066183599863 -10.2977726988874 -18.4490471726989
0 2.62291902271585 9.80771958843689 11.676975232283 10.4055257531823 12.5964919638729 9.93888834317155 8.21153594955335
0 1.00256243920369 0.521999038984642 -1.85601095703846 -1.78409884751004 -8.44144974490494 -4.94387342562039 -24.0755734440367
0 0.390442218127474 -0.726208058376058 -2.69407573949629 -5.55828876378852 -10.3681995354238 -2.78123992256707 -26.862333296287
0 11.5885162442479 -9.26311386006032 -24.9321369309099 -70.9619536945362 -48.485193604763 -43.3129582948833 -103.979424212873
0 0 0 0 0 0 0 0
0 -1.10880931213996 -9.43099126073017 -11.5463840924414 -19.5513024506675 -25.6735547121846 -38.1852444180694 -50.8901645648523
0 -0.830778854208732 0.980101148888384 -2.63496299458295 -10.0349734610861 -13.2284637029888 -5.26247197739899 -35.9703693419549
0 2.39272543307189 12.3119211889925 13.2479883629106 -3.64049919661096 13.9506605791882 12.1955805969836 12.5026538206467
0 0.727090281301575 0.0022749487387439 -3.30439291159047 -2.11800107921224 -10.699879003274 -9.13551287188506 -27.6290477592908
0 6.49877690308704 -3.08596373516107 -30.4143221604854 2.92417603438494 -18.3470914168209 -42.2617060634528 -50.5950480749486
0 0 0 0 0 0 0 0
0 1.00233619874729 8.85083432226705 9.20833433343203 -28.6067874893075 1.42061800829821 57.094523604061 -3.70834242400733
0 15.5809723726523 12.5167033047224 4.10697139439781 18.2484661131119 10.9129695560416 -1.53584630048086 -10.6212690718348
0 1.26435625616071 3.1579161326757 -0.764671304048012 -1.71064461008572 -9.51302083702649 -10.2436492978331 -31.3329687912024
0 -0.449343112216897 -2.1652968426895 -7.64176855076226 -22.4986117278973 -16.6058200670978 -5.26509345822626 -46.4547405747977
0 -1.10235789970244 -1.00212647159123 -5.41338943399444 -17.6771388690723 -12.4215082069634 -24.8334394594592 -40.5408359520564
0 -0.381803931928889 -1.44518074032866 -6.42872725261292 -19.5008489010365 -14.5906634231211 -4.7375159744994 -42.9887167070852
0 0 0 0 0 0 0 0
0 13.3189749288672 4.49228634269993 -14.0426502246112 13.5040450960337 -0.599060251179537 -21.5909677516872 -24.9137423976916
0 0 0 0 0 0 0 0
0 0.979246640416594 4.51732917724623 7.02285393478162 5.94406672649543 6.7736099380534 5.86024256132234 -4.53648098405736
0 -18.6945337771439 10.7797555640217 27.2040239134526 26.3809433259624 30.3357809831068 33.7141134516299 39.8856636711708
0 0 0 0 0 0 0 0
0 -5.29411180864665 -26.236159354571 -83.4953291280586 -17.3649013301183 -59.9390206705559 -105.745086617113 -103.704546684179
0 -0.0688570063352234 -3.85776575526114 -5.17046810852561 -9.71135022014029 -14.1782523497936 -24.5038693889313 -33.2475825945421
0 -0.889381190175271 11.2239653949 35.8407821210358 37.8435582648358 42.6371260176002 41.9593354779658 45.7105874070139
0 9.74559046397092 10.2641502871881 9.72250586480884 7.31436972182229 5.44003204557295 8.37302061172552 -11.9255354836583
0 0 0 0 0 0 0 0
0 0.827516319731505 0.554913803761116 -0.838937701954872 -3.92415928457153 -7.21935673321513 -0.234954579531954 -22.0073668550171
0 4.72182329540426 22.5798482926723 33.8103965886728 27.2972788873351 37.8037550559106 42.0407929784976 47.4247197330178
0 -25.6200640967962 -31.0469790130647 -53.172258045383 -46.4874168499342 -80.5191259447963 -76.7595334752963 -123.77600105731
0 3.0376077088311 18.9606755673663 20.7572809482338 -5.54860273813998 22.9279423662237 84.7474806307437 28.6585030503229
0 -1.35297417085555 -3.19090883821519 -11.2369663479294 -8.23433668036546 -23.4107347723671 -22.3508105672364 -46.765416462845
0 9.63528350137912 0.613205104117867 -41.1857798561969 7.22620723969769 -18.0340167573376 -63.1595889146558 -43.4547866960914
0 3.6406619947189 -0.501154703970386 -25.2103867973375 -0.30814541156326 -19.520152269078 -37.8170255767571 -56.3238119427121
0 31.0653180057608 22.2635436791734 9.32768268527992 41.1917482682588 44.8262321957216 8.82811356563339 42.5988254455992
0 4.02472782114723 5.17760529435383 2.68589128760586 4.72261359969376 -0.54526998842611 -5.14255513552533 -12.659665167972
0 0 0 0 0 0 0 0
0 -0.123160723443201 -2.05729360868626 -5.14569391739024 -7.26731967448237 -14.42228379108 -6.99686877882993 -33.1091491180943
0 0 0 0 0 0 0 0
0 1.3626981683022 3.52005610812023 3.25768143481232 4.73068120639598 0.185494652444019 -3.85513077988314 -11.931310278458
0 2.95011854116962 22.9689185037024 25.2256196651202 -22.7093951225253 24.8728903309311 134.319779594214 35.1484034850964
0 7.03316358275701 13.3876520821105 23.0473818045046 21.9575133837116 20.2793680014043 22.8048375306577 18.125758386264
0 6.96929472354024 16.3208690908749 25.2257324044616 21.9348353615106 28.6468830156689 28.8585112649521 29.2540896760009
0 -1.56613723812477 -20.0049076997835 -71.7927215092131 -11.1507662802077 -47.7128951390391 -91.3415157105949 -88.162396434965
0 0 0 0 0 0 0 0
0 -0.589995086268623 -3.44910960301911 -5.87422855173276 -10.2619924151873 -15.8811550687083 -5.74319255741541 -35.1100342845219
0 -68.6214436749604 -57.8845584475026 -156.159038400051 -78.5796395602016 -146.138399081812 -212.600582878512 -208.871211054041
0 0 0 0 0 0 0 0
0 53.0510345809109 37.7248336482791 44.4956262378492 54.9777924663202 56.3341945225716 45.3008009278286 49.6173773808453
0 14.5943600610776 15.3770113679614 12.3045807405548 17.46779784738 12.7862206202015 7.88917626525724 -2.52922920560892
0 0 0 0 0 0 0 0
0 0.93478052634159 1.51760938402229 0.970830036325848 -1.83400130001836 -3.76222964147722 -11.1676430484247 -17.1512008352384
0 -9.3045900486838 4.51181307838017 7.20385836421536 1.4333284945572 7.54049907527443 1.62867844577874 -2.86002525647505
0 0 0 0 0 0 0 0
0 26.1126938596372 6.3186191619005 -28.947021774565 31.3768162498847 20.8587505659667 -35.2648374916774 14.3089388900804
0 -10.7530908412189 6.95634280742451 17.0881847803686 17.322760456179 18.1495945330587 18.1494958854512 15.1189714764867
0 4.68069966252254 -4.50918899332201 -14.5088538222315 -58.8237967889473 -34.0414911007813 20.1867729330562 -75.0560042854185
0 -1.34015568264298 -6.97841818879562 -24.7420292061694 -29.1820135705461 -38.0076304773013 -38.9722752799145 -80.7182934025055
0 7.70713604760266 11.2827462024973 15.9946228851451 15.1598604475873 16.2357411949864 15.6051744504107 13.4789068168746
0 -0.398462883918984 -2.91662658204407 -4.63317442562835 -9.96520661473735 -13.9312358440973 -3.25663089842428 -32.058477293254
0 14.8074610195681 15.9564661186646 24.9618929096056 23.3676212979522 26.743731891234 27.0273998211119 26.7688836403614
0 4.96970118721392 11.897449022962 24.5431750214607 26.4644549921445 26.4204259307723 24.5632567566541 18.5331689928735
0 -39.4256804098708 -26.1315738967063 -64.0433824224946 -46.2106455871442 -85.1547910217138 -111.975520762748 -121.559200541164
0 0 0 0 0 0 0 0
0 2.04029018930744 -10.8051789947531 -22.9885728060276 -47.1419010198518 -39.4690591739798 -20.3197920502451 -84.904614056671
0 14.8715510676255 15.9915607151829 18.4790335173003 -21.7993004166508 9.65809568980013 50.2094536774813 -3.02416877527604
0 5.68498060951174 9.11718967269428 11.9563775790612 -16.4676148783447 4.33947510905142 57.6241659171894 -15.3138638848834
0 -23.4738053792998 14.2770124604468 45.2225702890131 46.2324151908575 45.8063184686324 56.3120021287964 66.6137070473006
0 3.25617016807727 4.19026032046006 1.21110617228697 1.21129602696604 -6.44391028767134 -8.93366636458664 -27.3603896617487
0 5.52827017805581 13.9417221627095 20.7407767546044 18.2974689982062 22.6918194374288 22.7165867594293 21.916075214868
0 18.3319773432576 18.7607028137654 30.079012747923 28.0447646723056 33.967838196192 33.6838419367117 34.2098773916208
0 30.8016849859337 16.7329971363793 -1.46606159804455 39.670304139261 38.3361850166588 -2.9578430785073 36.9888754883161
0 12.6367059739312 16.9428184214486 27.3062759454265 24.4934022376003 30.9010868382494 30.8123137463406 31.2371689696803
0 0.0871898715405948 -0.721199397149086 -1.59764225624281 -16.098120691109 -11.48410226386 19.1943461980051 -27.2559311804593
0 -3.86192625128766 -17.7408908883911 -64.277785006672 -13.7311502102474 -48.5470444731468 -83.8030875015416 -92.1577868169305
0 2.335072322056 7.70113491885597 9.55013692239175 9.10112100800702 9.12526685470656 8.88896381809803 2.82340974550356
0 -3.31988813406289 0.610610263481465 -2.09271530449463 -21.1618278903075 -9.41467247465766 -7.72606155952088 -32.8235397692948
0 33.0634176404442 26.824498951153 23.5140456332173 33.243896637883 26.8693793283275 15.8256144792982 8.50457836492312
0 10.7103185977869 11.2662108649439 14.5350237825611 14.7478188181808 14.4136722729462 12.831505796068 10.8003582497594
0 3.77971234533943 5.12778568400801 2.84754497705165 -2.17909992983976 -4.92379884462332 0.637717617502926 -25.284845881306
0 -3.68459464523881 2.40109825947652 2.28308420879029 1.06578170106722 -0.0296640458813631 1.01312205734699 -16.8895263012882
0 0.617750106633579 1.08881187421254 0.490121321878844 -10.0818941767236 -6.18263910736297 -9.72482979039948 -19.8444139911376
0 26.0235491119157 30.0735302540802 56.0109181288117 49.0997973096272 71.033328795429 68.3983059934828 82.7089922248155
0 6.24288032634743 7.13117309945167 5.5661297270036 3.0497759245523 -0.585808775354067 2.28245942169502 -19.7086176796299
0 7.66324229698935 14.5352334611946 22.12123855996 19.6929058774782 24.2368280726143 24.2895195562167 23.7690417774967
0 18.0953450172299 17.2577836961423 20.5342935844826 10.1093922242217 19.4477315261514 17.2282717763479 6.86715752466613
0 -3.39317458570062 -7.74979240110745 -13.3082244879598 -16.1346238774621 -27.1298294589624 -17.1556452998789 -51.5154580319426
0 36.0387506254527 28.1169088865234 26.7429173417391 48.9098966196582 57.4278558423327 29.8823499435862 61.8191835625764
0 -18.7198728829194 -11.0994811366137 -23.9490828706806 -29.8144529946842 -43.2687654801451 -39.1539127215364 -74.5350493760262
0 4.1546418111304 5.18170525603288 4.69815169886894 4.88357181062674 2.54261963379986 4.52291704225908 -7.18858942606261
0 12.1470141373814 -2.38875071265055 -33.8691303691178 10.7215903774919 -9.4067529011686 -44.6994421153376 -33.4318165669124
0 0.454802653758456 0.0217312362334798 -0.722508561868173 -8.7233439066802 -8.16068334933881 3.03913401799177 -23.1049797106483
0 17.685134545733 8.81762029773721 -11.7591928510431 20.4351894908524 10.6570223567744 -18.6389918442364 -7.86468802558021
0 1.77320361351762 4.96308606132609 6.90293302460594 8.19221937006123 3.98562562437492 1.01806851158883 -6.59456562950387
0 0 0 0 0 0 0 0
0 1.55611555610641 1.65111336147945 0.0352451596729724 -0.182969274237739 -5.25848968897632 -1.5923199760667 -19.1512645799875
0 48.5676905861027 31.527693819144 81.4962220332496 87.3926155911697 96.4625064337104 98.5438496270136 111.080588581879
0 10.3841807436477 -1.38912608325953 -34.7950251343148 8.66555113638414 -10.5714350409486 -46.8091612705268 -37.5039580249619
0 2.97047773588326 6.01299061169104 4.43080119047875 4.33008852753417 2.49643015477673 -1.83124508924174 -13.647035445828
0 1.78039716270465 -3.19825213641909 -21.4615903181459 -14.6316725378842 -26.6815978793326 -35.3477416763933 -54.9875287083017
0 -7.45835996247886 6.22981870135517 12.9279510070291 11.7253130310629 14.0747479183353 12.1621780573701 9.00077927819318
0 52.3552222149307 36.1260137068868 56.867155059356 55.7457591476167 63.72381673512 64.5551617651491 61.1955072268685
0 -4.37625206520697 -8.02158532408851 -26.9013100699247 -12.8232659833923 -36.8413734375149 -45.2200730000025 -60.1046590169309
0 84.5892737170854 57.4289515776494 75.9313365934858 89.4316533391022 104.90822200308 87.9600944591211 115.502908659532
0 0 0 0 0 0 0 0
0 0 0 0 0 0 0 0
0 32.3389102095694 13.5221427564272 -8.75977428322417 40.9773278025582 37.1061542424275 -9.9763859865065 37.8798452950273
