0 8.85070903575564 20.7078464437127 -5.90669038573753 45.6584335331697 16.9132002566908 -16.2712829419391 -11.1833575931846
0 19.4833050126209 25.0670862456484 4.81800458182861 20.9851555276577 26.3032681074315 -3.45526084147355 10.4095357929917
0 29.3738974008795 29.5078165342901 -62.456729823796 1.70263790774424 -27.2213245179608 -92.0004537694568 -2.01105281872756
0 -131.416866297572 32.7757951149728 13.1604910738469 -103.509656298178 -7.19569152013867 23.9226898223226 15.2392589431214
0 -51.6420831526614 8.44240174531432 11.8249359886274 -24.5753372354768 -0.611632960441909 10.4214307377956 -3.84700941915614
0 114.155795015443 -38.9807328964605 144.779816962655 -170.105669664455 18.4885429754893 -189.425800422829 -5.01326996780398
0 -28.6855871928022 -43.5734579287 -101.781264305867 -52.4839769010145 -112.544701401602 -136.830480467257 -169.652566286165
0 53.4848563369826 -9.43185025144757 67.8736433407546 -0.321392749309609 -25.9515672167652 -109.354798932198 -78.9091816423262
0 38.7462085970725 166.326653398576 161.638802179743 236.336732591727 170.790903319432 156.189779927513 109.55722477234
0 -14.4415293953359 17.2981077755109 58.3027851719838 61.4287695599114 73.4394898664979 73.532096797412 101.917148860029
0 -88.219941642167 11.3709473301972 51.2047867408732 47.4618071324638 10.4586562565765 35.589133592777 -8.04456716322346
0 -45.6557612485758 -0.247928156259263 -64.5739989025651 -118.062588146364 -25.3297906828193 -62.6043492357954 -32.5568696922606
0 0 0 0 0 0 0 0
0 81.749287750882 -28.3621584434091 91.747818852224 30.0559315534873 33.6954619484839 -47.3763298952203 -8.95598657588266
0 -22.0406752780286 -12.4205232224588 -13.2299220827751 -20.2730645726671 -8.31478635732894 -24.3366774781715 -24.9757708672322
0 18.9460538263678 -10.5653935539392 18.6504259296952 -156.847943400232 2.13410898606193 -117.024883247878 -4.28229671969896
0 -54.7504966377581 24.515916824102 -17.82170481361 -117.318743127777 -8.09868245505197 -8.06217267577185 2.66130026636296
0 -2.06990434084349 -1.11398437775143 -2.30222409506472 -89.4859419436309 -27.4186328321568 24.7930676329002 -42.5555460219311
0 6.02287811010716 9.63861898030683 -3.73488510371217 5.31560779736676 -5.71079381693731 -15.2939184691454 -35.9210061876706
0 -24.6368233147024 -133.45696168099 -0.867860128490321 26.8834088387246 -150.285842117241 -294.592539674176 -202.236835375131
0 9.6895075375447 4.25016803293434 -21.5450394778083 -15.4153001621594 -106.030758792035 -247.727481945767 -43.8711907499222
0 80.1651609850762 122.7185990529 104.440239661343 122.904853143333 159.08666622914 102.686814182621 158.844429169497
0 -282.71762208934 77.7765111835516 133.371155481613 -89.4993716421789 137.244361660659 345.998349390015 -25.9889970627715
0 -2.07375041672713 -8.13153726401855 -10.3757413274883 -18.5819045894378 -23.7311549353904 -8.06190064305311 -46.5441843129402
0 -80.4649798316828 2.47673823014955 -35.7248753726752 -107.213894160208 -13.677729969722 -32.0096218073526 -12.5235733056718
0 -111.85182541699 20.6878834179306 -103.952988422648 -231.001909375676 -75.4835396458459 110.382576753339 -73.458653838113
0 0.358586578865342 9.00171613958495 9.30465184922728 -65.38989850138 -3.41834921564248 -25.2106671840781 -7.59097613785884
0 0.0315662171158175 0.362732738458673 -6.67790145278168 0.318432865610218 -9.0466918443156 -21.3682578244212 -29.328370754026
0 3.77216801733766 -90.5232284884926 -358.494507313186 35.0233328655797 -118.22644988955 -391.133091046444 -49.6591756956084
0 20.3235993233329 43.5370948983027 45.9038072389482 65.8983734922884 38.1257505297484 39.0184944990593 16.5929003740971
0 -163.439540520954 51.8613768023695 47.5573836394319 -122.415211132035 -7.74367799162297 62.0979714035512 26.4916106566741
0 -47.1278710862418 -208.004976588052 -379.861327221041 5.95111749834813 -472.550211812164 -684.706604136331 -231.292771519951
0 50.2582286532532 -66.9970892609531 -432.57971235833 -4.05062431363339 -190.858457998947 -481.118821023393 -7.70297482129189
0 19.1779313313861 17.9616565819387 23.1476896204931 21.8719398312641 23.8276893330659 21.0320541906553 17.5768883847648
0 28.7041917622001 4.04099840375682 52.5597827552367 59.562665500778 56.1436401277614 58.0699400688652 55.9596509752401
0 2.53903295771681 32.2447266936435 34.0193457093784 -94.6231327765998 39.0861480428659 -4.62406390713409 61.9083370642876
0 -10.468004648168 7.82059490759244 6.76358481262612 8.35207122179236 12.4325840536737 7.2903842190248 9.46260633358577
0 68.6816776539942 -31.7464733434387 77.4411175112084 -1.61342877918551 2.65031089529343 -78.5501910251904 -31.5257709810246
0 11.6050173682246 31.286752634202 46.1925821829696 -26.1220871290818 53.123702852998 33.2441521144803 75.3911965648385
0 43.8187522721403 13.3364987551894 48.4665891482801 43.3018605558434 49.6926405309023 48.0062374240552 35.8936501521268
0 70.6262774646369 107.381537667768 40.1542560798666 106.966905291252 53.599957191536 -17.8753695158242 75.2505712848339
0 -13.6194647701555 2.01742135819758 -5.49386488465829 -22.0981758289097 -7.83694654982501 -11.3479866838478 -18.7970461805424
0 25.4228751415341 51.8073287277343 49.880717942314 70.0305219045068 28.8459032537328 37.9442042681351 1.76003584444804
0 1.44466079171349 3.3307382124324 1.92313681559319 5.35632503385218 3.74768003362135 -5.64245346536748 -12.1936147264358
0 28.9115941771521 36.7537312280723 -257.703769106761 -64.5859371230141 -85.5415794214553 -292.288996456825 -40.3842488372828
0 146.58922640092 254.382063484607 127.472110902291 217.522819155992 249.017167907759 111.997089069047 227.264475539558
0 -137.924391100204 26.4185373065575 25.7826273505525 -48.9951792053777 -15.1946830530766 21.3823664931491 -14.9680728359648
0 18.9230500758164 2.5757683832342 -37.9923336820503 -9.89150018983911 -51.2985690365824 -155.914863447941 -26.0794675728551
0 -750.72611840512 164.959604008222 381.619089909335 -257.066748552661 460.898502576256 418.745484683769 -175.770278339316
0 -38.544110694646 -243.411170456555 -473.481857222402 26.0598006781217 -555.423486789907 -805.860619019191 -220.110155191909
0 -82.4141226614993 -260.823803416607 -252.308221272728 99.3940556235992 -543.149297663947 -743.936814748401 -253.107421080789
0 0 0 0 0 0 0 0
0 101.519662910655 -5.22937052617633 111.507056492369 24.3440224386251 15.8400681280999 -88.3626858091976 -27.2408100985118
0 -62.7588953222806 36.1919764535056 97.4386756534706 -25.3610165389471 127.792984600619 74.3642217670564 13.1310852080746
0 23.3787453647894 21.0720042156105 -12.6700667310408 31.4688908049458 35.5073269436888 -20.1040454003691 23.1663853791389
0 -42.0248725039194 81.8898847586325 86.6338562437562 88.5663202451468 96.4545078157563 61.1470242548283 -5.52254598235098
0 -323.425340183877 43.6107421204129 145.854544037947 -80.0691715884312 -12.2244067507073 143.469779472313 9.58543240166819
0 -2.57419773376125 -7.47994608903289 -9.48346612332489 -71.7393234347078 -35.3453703520182 39.9616164259006 -57.988846908496
0 -2.59372365980738 -36.7253955315704 -182.092280082614 33.7545076009197 -63.7385223239625 -200.823860460191 -39.9334504490122
0 34.3724856226809 -34.1718168908028 16.4580365383619 -22.0748532226688 2.69879445426625 -64.057274047311 -28.784908795774
0 -354.022186760897 56.3131007323136 120.715352922199 -88.0938799759554 36.1578764147541 110.518392540927 -37.1823603567962
0 31.557925616075 32.0531831309437 58.011074312814 51.6531128001508 76.1830320083082 71.2341846346451 90.2273159198033
0 146.195875035438 70.4708462939393 108.82138752547 184.709660526772 143.767540460986 -31.5379844092829 108.3265916649
0 -15.3359725619855 9.68812082150033 14.8770798487736 -96.9502223844169 -5.36664627281073 112.636202179457 -4.71043526865409
0 -10.1369810817151 6.2141129459863 21.9798173639496 21.9321863977606 16.7768520191171 20.3544035050911 10.008590429877
0 -121.913821141724 23.492065107989 -46.0571091729192 -185.837524960995 -56.459686583537 -46.4946556806433 -48.6614061401494
0 11.911911934888 26.7954305149148 -64.1405602988524 21.4619800473846 -100.772573894915 -176.532113533716 -8.63689860662387
0 30.1973872054432 29.2430641073295 36.5569226565934 -8.99697775265528 37.4519629366633 17.4062467415949 32.9815364415989
0 -218.953787913956 59.7926726548505 122.218687925309 -14.0714952924611 28.3521758437699 137.702879818302 53.5110795427252
0 -127.410120514165 -272.007983101581 -51.1744488246455 99.7235850479211 -345.72769307616 -590.649166562325 -328.684358796478
0 65.1873368658764 57.1536135133054 45.635068750856 106.312960459 65.5693089163421 2.8272710498494 35.7804120219184
0 0.37879011246489 -0.727019076561623 -2.61656800763277 -5.66274242741205 -10.2588702202932 -2.51967436948122 -26.6796985883867
0 68.6568751534323 60.2829827675683 -159.792860890122 6.62681245035182 -125.226525755714 -260.670872963457 58.2901086398778
0 41.0143152603813 25.8602875405176 -104.901704707234 -24.8232900253193 -55.8304581080703 -189.565684188951 16.9242426939236
0 30.3068897389242 -25.9368957007549 2.98433492983064 -0.447988066019093 2.1445019288508 -40.7877855813037 -44.5045829826962
0 -14.2463893519676 -17.3352900370072 -42.5617450004609 -64.0003654889427 -14.8026871103615 -71.4180437357215 -34.6087113222225
0 -32.1522048411651 4.28467641250863 0.744523377314124 1.39702327696399 -5.29840641293882 -7.90952102704388 -20.9684943935176
0 79.3966137396215 2.17481485516754 95.0857957947207 49.6428783510791 35.2830323671006 -15.4815058672806 6.58129921262267
0 0 0 0 0 0 0 0
0 25.7361809410606 8.72813772553675 -29.9592518337072 27.7627347187505 -6.49433524618495 -86.6725950779886 20.6887491921328
0 7.96543260110511 -6.80518458956772 -19.3245706659964 -57.0534851189317 -39.4840781068192 0.541138256295667 -87.4161504297556
0 -155.662804026235 20.2683531457834 -25.9976143402664 -200.132399195124 -1.70000945295067 -4.57313836618829 29.3180051274674
0 100.514754607184 -34.6730713646762 117.349968269492 -37.2697812533611 55.9644200726215 -80.8907463179244 35.7723164456918
0 -0.0555853361986181 6.81955549262857 6.80937128498128 -51.7753125745011 -6.96377316971521 64.8712295099408 -13.733431334258
0 0.584143057925177 -0.233346252493138 -7.56895364480977 -2.4486742454807 -17.1303098369576 -23.0652927419452 -38.0761969196631
0 27.0302128183919 -7.08865335375539 28.9383657404708 -50.9858768342247 34.2737146176464 -59.8902765687884 31.7657398696107
0 -200.314355319952 -517.034889916648 12.2174336059306 133.185518475993 -660.55533452934 -1173.85729479125 -656.316076155893
0 -46.7592510389269 73.4392056971452 129.70629833686 124.907986255542 162.242352278321 126.841765014873 74.873954082383
0 40.0893430503994 7.07056046182055 -140.796028929885 18.8525508925899 4.07032299816234 -171.180580865435 11.6209691278065
0 46.456217878884 55.5820104885691 44.2169989081014 56.125639923962 68.3634029203864 36.3117564313779 46.7939062690505
0 61.2221487737174 83.5830245549517 33.5003697186839 81.7729157276739 21.3855915352532 -36.3705510468807 -25.0284926288059
0 -10.0171604565611 -109.380482622104 11.1104927466531 1.68385880655057 -134.75664862532 -298.418287269245 -187.895354036636
0 10.8298494898678 -47.7560922352724 -207.224938159696 1.89299977785961 -51.9826105851038 -242.424089383449 -68.8490779190273
0 -3.48486708869103 18.7593977452185 23.9373231203276 13.4527816548642 26.2932819508164 31.3454715051636 32.5961502557237
0 -264.13983970206 29.5550808973815 -97.6559746222956 -237.889991564521 -78.2761861743238 -84.3855905549563 -55.7392277000835
0 3.11054817276749 9.53321070520632 19.689599127642 17.049649502143 17.352359616327 18.9950216645609 12.9231918829904
0 25.4843983836259 21.1256856222519 46.2726114059524 47.3459288054742 47.5229471334599 51.3206239787693 45.0056203961398
0 -6.72955991698529 11.7571941548689 18.6642064024314 -30.727611836598 21.8461066239844 24.362145836818 23.1117870022388
0 3.71716327908329 1.22159462789249 -14.7342923836941 2.01178335638199 -27.4553189693659 -44.9463442903921 -55.8245227871455
0 -22.559739154249 29.5332749403893 19.9481793201825 1.15934849651308 36.6473236651997 84.9595469352001 55.1025686755838
0 32.9210039189318 39.8897354010473 49.41251162168 71.4444964929543 34.0005935506343 42.9490196533565 16.9330846068863
0 60.8758917158358 67.6139134033713 -42.530684598774 28.1578161625249 -46.1126188253255 -180.698611736041 35.1903345229571
0 1.06153812742864 3.4940537549141 3.23365939519963 -16.0583874784587 -1.25498478125031 -14.3439066048291 -11.9000038274928
0 141.439296438309 -68.5603626224786 155.202582961201 53.3359192543408 78.163974446606 -129.715256069386 36.2499495498013
0 -2.22801588703148 -4.88205863399524 -6.53527403244234 -72.1823545985497 -30.5458920424488 32.0600969180823 -49.9829952385814
0 -73.4141622101944 39.7067551446634 117.564963642677 65.5334803528652 126.042956847882 101.147151617956 13.9153571921851
0 -20.2361612404952 -114.681459399064 -317.584302957659 17.1848176431468 -233.269927955006 -442.599953568023 -123.747592983156
0 -186.283985284936 30.98691161479 2.60896410014152 -131.7889386325 -48.9356300357957 2.55564988007279 -41.3402173079062
0 -271.127246539053 60.8126776058342 129.211626598492 -81.4794248336178 43.1086477413048 118.487731793863 -17.6652190121192
0 64.425794212323 76.8749699056943 79.5488999374521 81.6414422893335 63.10447182962 19.9650165696707 61.4869740886959
0 39.8989913951429 -18.4268566388753 30.8531604794419 31.3189538967726 77.5385244121655 16.5881541160098 75.5500556009094
0 -0.840679184740287 -1.50278364314566 -0.123722989656811 -0.234737220606479 -5.84007182474637 -14.0127683326703 -19.8733223427628
0 26.0288111851557 41.1306189478949 -40.942375936087 -3.62102354768976 38.4605803514519 -63.0582021971988 -1.52684217452723
0 92.7448802343603 82.286318064422 125.910067374567 134.803904975255 87.510104761927 -37.7018515359111 86.9940497836864
0 45.0317397466839 168.502987401185 115.300407097663 145.387535856008 217.001225622054 95.8164445702923 150.423750842476
0 -89.1005332176052 -292.361215982744 -374.45806048774 59.1072192825488 -574.146442265373 -758.831218334562 -316.478951934307
0 -17.9912181212218 -9.35189225594727 -28.3581312916446 -49.2234305524878 7.43906037159254 -34.3645995831676 -11.1604319327095
0 -0.595001124936328 8.83712606306045 4.38119922623849 10.4725481902255 20.1062891097733 2.39471621649258 18.8642462260931
0 22.8616462719518 36.5747672800804 65.0157972435216 54.9294527692886 84.0913730323007 82.7349512057201 108.494777450359
0 22.5861662247309 59.737129875693 12.8954823178258 101.937605018797 54.049765168109 11.3777388973229 29.7956267735093
0 11.9608073988836 14.7603058708723 22.951742866637 21.1719864260071 24.5121751463575 24.6929328279722 24.1553332413085
0 37.9301457761886 -7.60702219433169 43.6063521979302 25.7620205818571 43.3433394628348 -35.6412844392375 38.2138915664541
0 -54.0978118761054 13.249698456797 24.3903749328995 18.1793677626489 18.2111345408511 28.8271586148336 28.4853875804691
0 -97.8074802163104 6.46207286827908 31.7168832898597 -32.3019192747304 6.28765739611566 23.8176474913431 -11.1856399056834
0 27.4806990787103 29.3133547431684 42.6704439187245 44.2110632841085 -1.55414504081062 -34.1513683684886 -25.9274303864199
0 18.0886989993926 -49.5352058770887 -116.928045634145 -18.1315969355715 -221.731075861682 -373.732395466197 -51.6673876071082
0 74.3965371590216 60.3437455458198 92.4683697338627 84.2062058146547 52.3375783103454 20.9064986694917 32.545187076705
0 90.4159206078523 -5.66011175975174 109.149860908932 39.6589493023534 42.4777574521243 -27.9136303979322 13.823102347834
0 67.199196408815 21.815461408206 70.6872042403158 45.8651571179987 85.9206171139823 76.8289507248283 80.6540766416758
0 39.1741255695139 65.4084008101103 3.62528781360679 69.515914627815 16.952188962976 -26.0489543419818 -25.4060302003671
0 -22.6325223505113 15.9553646669413 24.3848008932111 -190.074117761275 -19.0357047318824 394.438573547141 -5.80187025017472
0 -67.7338488518145 -235.89416651042 -341.762526554028 47.068618370298 -481.471977139055 -703.014276598724 -232.589948135134
0 -123.632830964458 40.5086395811138 0.553735963484769 -113.139972958807 -18.0249331330577 5.9858318428014 -10.1174905360963
0 7.99939316548738 -0.858332010961533 12.4441367834979 -31.1357977627942 -0.821080327298603 -23.6260993544457 -12.4304768531734
0 35.3272663998023 97.6139101023232 28.3762766326743 101.403528577486 17.5791926042264 -11.5397854437042 12.6400857653035
0 27.8373266420025 20.1190724312587 -33.0608897108847 27.7236568081703 19.3396487514806 -53.3082511881587 -0.940887815099018
0 50.1446244739556 -25.8934179602794 48.4824868518183 -7.52664149679487 17.2304296918586 -54.6160443540803 -14.7854416764443
0 52.6679569096445 69.6019833741076 57.4491145606644 87.0921801088135 41.0853888449089 30.3127165053706 18.0020231342857
0 -35.1882183492429 -153.440449911965 6.86765183555715 -13.8801277116384 -220.640786406121 -461.788408912213 -265.847460239118
0 -31.4267476598749 -33.717275404065 -8.774797058319 -1.45389391974476 -178.451614220657 -305.196583215936 -82.2132877458965
0 8.10185807503766 10.9562618771262 10.2349343933967 -66.2873502840238 -1.32597195128898 -40.8690018446832 -15.9999521754222
0 42.4340922467322 -20.1115264221991 35.7053969902062 25.4068933959924 53.8579459185521 -6.29945262778533 42.0524557601598
0 42.17976599568 51.5256151909893 -115.07899315501 -23.5058753539012 4.55657659001119 -154.534096988475 1.09406042720948
0 101.2924887003 -4.86754202173822 -174.290101504811 127.685723629527 52.7976286557916 -178.665905818153 137.813088307147
0 25.7220449532063 15.7666083506805 -32.6576155823138 33.8115271781291 34.0501599583219 -42.1080751636742 26.8199160242422
0 65.4305915427728 48.6601903144749 -111.103413146431 14.5305471168863 107.791939447758 -136.118349775217 102.203893641273
0 42.6443320230843 -33.3534695681212 32.7987874993742 3.73573587704864 10.4675388062918 -50.9479813752096 -18.7254587418882
0 15.9876781265485 -83.5065323228657 -316.980690525821 1.48570185098976 -233.07117389289 -436.050319470398 -63.5307978944661
0 119.657009925665 -40.8852487044953 164.946533618654 3.49238407033641 54.5489146362054 -82.1042787908171 23.9297508586565
0 -34.4816104581054 14.3678835330593 18.5282767748208 -22.0762052508294 22.9083117597065 19.6874747451385 16.445017224294
0 -14.7765305887147 -18.4929595844458 -45.4257501594796 -4.52289445818158 -8.57432438384458 -52.0346319131678 -31.7160609312194
0 12.4854711401793 21.3656411080794 26.930195986586 52.6892652576474 56.3092597771857 26.0111107855502 58.1084153490016
0 8.93402099324479 -206.204044603397 -967.904353210842 -7.69361319247039 -462.491365214397 -1022.86846337 -126.360636139493
0 117.995709265908 52.3220094225504 129.670422719108 119.299875524623 78.8880431215544 -0.01614667725039 47.1569560065033
0 -15.9133951768832 10.5638142362581 14.9137854303718 -156.001256143809 -17.4039591859467 123.19117180492 -16.3575017241957
0 -4.66943365665941 1.21026314069199 -0.205654314733152 -51.660840427695 -4.96831306137676 -32.3249790393027 -24.5778763327576
0 5.14840313417596 15.2395388101886 28.7607034104914 -271.45320479284 -9.02462348100244 -151.470359383771 4.61377891904431
0 60.5249081987103 40.9302992155338 68.7730033377685 65.8938830310786 80.4710847097032 81.8690744046581 85.9177030432423
0 24.7658426990291 78.4828113061535 16.0434556367586 85.749921428288 39.1714338412115 2.57231202073514 12.6021432220913
0 -35.3126535137996 17.8122699139711 -35.5584433684505 -97.7731265444915 -16.9987358635585 53.4098491778248 -14.3442242328805
0 32.8195986281305 62.7338512406685 45.7996353085511 72.7019031982096 43.8338369097763 34.889038514904 6.36198413074827
0 -147.732779722751 53.1155922635769 -165.01670550859 -517.867638469556 -109.304270109749 399.702054439742 -73.2640930486369
0 -20.5465468436608 12.8793795044211 23.2591873645139 -46.7160683230211 15.2567288878079 128.548306683067 27.4583909999556
0 -82.6125268151354 8.50724277472963 -47.0189403323668 -112.043819227252 -20.5819633422991 -42.0117639554232 -18.8976774966839
0 52.6380268759582 35.7981912823331 53.9768494268587 43.272785171305 17.1168828773076 -21.7681118549228 -12.2716072772922
0 -46.2885732950757 100.351327535492 120.438557508495 69.534390355264 175.141540994101 93.0913944363476 22.3927633753914
0 -6.50382061216636 -8.72998292580573 -17.3821149489721 -66.8303242117767 -29.4543393638818 -62.2531658614842 -50.848206743239
0 6.87418732226877 24.3748341089464 43.4343721763142 36.7328972923501 57.750301162305 53.8615520445138 75.1215346332255
0 -80.5916625361315 14.7407444139767 85.1768442845426 72.2126084091023 101.164369148374 91.9271000513239 73.0122435847805
0 -20.7276207592808 -89.0404629225154 -232.757241936924 -47.2995394075436 -273.648601914846 -394.011988248267 -184.605336694617
0 130.763520304748 43.3425104001785 -322.910462535899 11.7068572147172 0.578279143160501 -343.523233172327 173.41060643381
0 -48.6546617002727 -125.447154190438 -104.400527869986 35.0386967101002 -251.008874800919 -369.523046155233 -162.119902456888
0 -87.6822122227559 17.487585215435 23.7516973192556 -28.0374059337788 9.03246808989735 18.1794452948966 -20.4226097107262
0 7.31953060375364 -107.763906274565 -9.37098088281994 11.5790990802985 -69.6566972385709 -236.001796872009 -114.816114278976
0 -287.347210862156 50.9420637591175 34.6018309990092 -176.947228911431 -65.8256358909911 31.0679620634839 -50.761899734721
0 30.8734645972332 3.6201024618374 20.0064490539749 29.2480793999883 6.36781236582492 -14.0752474614196 -24.4418110016444
0 5.49768297565305 -117.237978462777 -562.261432429946 -13.6700320491896 -326.725752113423 -683.077514294216 -79.979208870177
0 -92.2846509652595 27.6621069976964 24.6272783985595 -70.6789906039271 4.11512668659067 32.0754699160438 22.5744264173971
0 -309.54267601536 37.0476813515595 109.289497012043 -97.5808994101116 19.3585255086457 95.9141759093591 -38.216090042113
0 1.90155490668546 2.29128354838317 0.966446194510975 0.785521847138002 -3.66780047324629 -0.211676826531685 -16.7010751559025
0 10.1925649765137 -18.4032609490134 7.15264223827012 -71.8316648056095 8.06732466070252 -76.8603341331659 -12.1461421922522
0 42.3055712294318 -4.32995223873777 45.908326717783 30.7613318694009 19.5752075047227 -52.8804918174714 -2.72780387094138
0 -26.4626066643477 6.86590344010581 14.3118069098121 0.0521104003496902 20.8966674834475 7.193516561524 -4.83655332436027
0 -703.369879003643 151.955952708706 44.634447648202 -514.482273281738 -218.671923115844 842.650742396956 -120.990733470712
0 -71.8654006272467 -9.29859560838536 40.1485203586604 51.7936186012235 48.7995682054007 49.7598727690059 53.1903704545305
0 -7.82648267782247 -3.09636733572448 -20.3969259726925 -61.3218816071937 11.4605504404753 -40.2708387487443 7.99973607753724
0 23.0136142561342 59.7728024781797 45.9054588402184 64.8629142078128 67.4956202231854 38.8620259505605 30.2471928694187
0 -1.69376105711434 -5.49728486021227 -7.14952344865313 -83.4989189549294 -27.9797776872834 -70.8909192957337 -47.6166588127629
0 -41.7739521540022 -29.3312674513176 -58.757297014678 -43.8026562662964 -43.0673572599003 -76.9963961310369 -78.5190495607072
0 76.0766201285353 -22.4140585519239 95.7031953039639 -5.66756957863282 52.4290842291335 -42.5089694444372 43.1031672702591
0 78.3301686545413 123.794154318681 24.6344706354033 111.260794914707 20.7231022031999 -42.5262135083527 81.3280648837711
0 2.08305148819525 17.9710200034664 19.536874929935 -35.5338366414331 15.6970356844521 66.1472653228124 21.0311654538552
0 26.2065267028248 -15.5078511779458 -93.5464174658561 27.5645664925484 -0.887245505767709 -107.96227500964 -2.26197988142803
0 -1.99934708411086 24.415035837584 -26.8167850084986 7.83392673217648 -12.42625437258 -47.1155336563722 -60.8739751384705
0 77.8342839303508 -26.7587731042422 84.6258423948538 69.6640046217198 23.5148987872868 -118.59994529285 -7.25119360034415
0 3.10669699043716 20.5111614455896 22.4986315884667 -12.3385669386932 24.5021016323353 76.0112439988595 32.1075280585247
0 -6.62633793670524 -35.6676334320682 -45.3670465509225 13.9677143106823 -91.3141053086469 -131.007533433414 -77.0192461202597
0 -83.3728293041321 -264.538360209175 -265.319985908705 40.410226021466 -521.769871433325 -710.745857127092 -288.871503513313
0 41.2532914617572 -129.847162422059 -446.053214192455 77.8327982567504 -264.85483306853 -597.962775178321 -19.6649817072056
0 26.2675058532467 8.91558037155366 43.6573992565836 22.8491244478194 16.6925172646124 -11.1156131928894 -5.09789789097233
0 -56.3962667715244 -4.33918480692795 45.5389774567037 19.244377238489 23.3402888910105 31.8315065450211 -17.6670171107723
0 133.566867521192 189.739375615933 123.723575648648 109.955200470403 245.396568924712 92.7376868642015 161.374923973437
0 19.2419025849512 58.4904557988305 9.21668132038033 46.1537692758212 54.1212871594646 -4.02151818817518 24.4459907566654
0 -30.6981632268275 5.67971101480012 -24.8595551188791 -81.075509412837 -16.6046419441562 -25.6060822447419 -25.5530072375763
0 8.73204328556372 23.7955792972662 21.1432920475285 25.9082253497789 14.6056807299959 13.0990408286377 -11.5829065157663
0 -10.3160343735366 -40.7876568580462 -52.5565666473717 -21.7343047772459 -84.6434511021234 -160.829529956218 -145.322821229583
0 -282.598238624312 93.6782073071767 62.3740142755123 -249.76900467225 -50.4882229619805 78.7208890458143 -8.09732500936758
0 -11.6185565883509 6.35732363541678 14.6928808782884 14.761929569184 15.4948133112353 15.411850003192 10.9037518693955
0 30.9484869807651 39.0830087747392 -70.515948342723 4.51587685875349 -4.97944275851686 -86.3203345161832 4.22117307706012
0 -17.4482187489342 67.9529041836981 77.7950217253683 56.4097349254683 126.027842097384 64.4605460417152 45.9139194426164
0 58.6526637473141 4.53616429583774 -106.208706484002 95.378113261199 52.4116292587152 -119.117841982987 94.2805072943469
0 33.3897752074807 -19.67806883798 8.46546710441804 -20.9585546634376 -13.2595109798279 -33.8538241592853 -66.6496723945667
0 1.62938181595035 10.1383439258782 30.3470820421983 31.7924185290361 33.7833157930189 34.2492567978201 35.9159789506044
0 17.4502365778845 23.7986066952885 16.4444861181632 23.5411841503723 27.4618282080533 11.80319883461 5.91074816748633
0 -47.1751243980045 -16.5444354500399 -73.9177516009544 -41.4796732483412 -113.328123186764 -123.312943788179 -172.775687655984
0 -17.4120743091446 -43.5630672496816 -268.105239784814 -3.34209950706168 -119.820093957024 -294.152923982555 -87.9538776225968
0 7.12798687741636 17.9226660684007 32.2620288702673 28.7255531399971 31.8780395329065 36.4332873165807 35.5206975382826
0 -155.717855032729 44.5350011616289 12.8233137659893 -188.364127884019 -37.3931969123809 22.1164521414583 -15.0282224614729
0 14.6152833612403 7.73511927983564 -128.824811683387 -0.118071482910644 -61.9042223546814 -183.850123208859 -34.6965524625589
0 0 0 0 0 0 0 0
0 103.625902268417 97.1274032890517 -163.170091520338 3.85916927929043 -25.2024185868696 -188.107410387661 63.442824141487
0 -64.2076810842404 19.3333100152592 29.6367613470289 -10.1892826954474 25.914766536947 40.0995356040141 -5.41920039677547
0 13.1180153907683 -3.38484933630336 18.3716909629539 -13.2602771443164 11.6366462225063 -6.01845016473266 0.714951714465734
0 9.78548581648309 33.146653356259 7.36473690341353 -15.891584178546 35.1785013970783 -30.5221670718392 -17.4566692696999
0 -58.0752671196555 41.3494511831479 62.9664611787879 57.1817655419345 68.5775548498026 52.6669443970434 7.0553389608849
0 2.6790564216117 -13.869889443461 -20.7310626718725 42.7441533607065 72.08123830019 -3.93936259791113 56.8843076363038
0 15.0972828577472 18.4737368988216 -1.89294937756488 19.6432494251307 18.8725067416254 -11.0850636743645 -2.66655858110363
0 9.88187585319761 -9.28387738410484 -64.954718653674 -58.1009455972702 -137.06854807285 -247.456136524606 -117.438837614029
0 18.419558721153 55.0988818321218 -48.9044424713691 40.701191355768 -41.764599756098 -69.1815284329818 -50.0857173688611
0 16.8966269848141 -32.3047670740383 -124.435580998781 11.4712417636034 -32.597255565786 -144.202429329074 -44.8964628674436
0 0.29444773905756 -87.2420354408266 -100.425697797155 42.7704072253083 -222.317165197298 -369.451933480104 -86.1255653533683
0 -3.39963436314235 -131.558457355537 -586.740351913216 73.1883525661051 -158.58701183295 -627.776094453536 -8.19810335906513
0 0.668110211558538 0.675181648871661 -0.559283919245122 0.996536247150423 -5.07486665616684 -9.79578271704388 -19.774273924473
0 68.7006874850397 138.561013408303 58.1550665148301 155.843374748321 70.8597544227085 47.3500514908263 37.9963252634104
0 26.6590535388165 -78.8425499020017 -380.249090389909 51.8381901904212 -88.4947763981638 -411.471106718906 4.31083678289534
0 -287.612050345472 43.868926788206 126.946353086326 -124.452646077292 84.5425354235347 108.121555287187 -49.6052450007877
0 -119.851108371216 -305.210650665052 -114.600034314793 103.644149221995 -464.439706375674 -727.116053542486 -302.693094424182
0 0.658684688141477 9.19250292533597 9.54906038589246 -42.8385339254122 -1.16078182199627 63.5786383138765 -5.82833346768341
0 -110.753845895921 48.6391076967414 -15.1897520329466 -166.307925604231 -31.2044164395045 -9.00514728384741 -20.4482433693859
0 1.82017269606131 -2.43147552724873 -16.0600314930653 0.403672119934865 -39.5092897068111 -57.3129803898127 -68.6136447674455
0 -197.936827521556 87.2424954243681 195.033909759218 -58.1216035796851 252.951513354083 278.18963246426 33.6267974910597
0 8.95736773674057 -4.10326658679941 17.3627915751003 -2.52491663195784 12.5114172229557 2.49172296132818 -8.92858114474618
0 77.7004817333644 -111.82759705444 -574.094824178978 28.0998200311183 -122.087949355908 -625.723249668868 31.19990141877
0 -8.75092209437527 3.98458945548404 6.79017512501208 2.62031240865178 8.08834761166687 3.55374885213553 -3.38261867526722
0 -204.925702777727 26.4148299319525 11.8919839444258 -89.8626075289905 -17.741604752062 20.2739199259026 5.32381787274866
0 202.928734216327 33.6961565330331 228.357124785004 118.076630162521 106.637395904218 -96.5229281094615 64.4611093745488
0 -298.256251158837 56.7608301730798 117.961875168033 -89.0625317898348 116.947587935158 99.1578476337128 -58.2269769936192
0 -49.9892058575881 29.3063942193862 57.7016518500955 7.37805187233059 38.7852929441367 64.977665129899 40.2550750643165
0 2.60486584091692 3.21001151261835 2.15267282814711 0.824522820054131 -1.86391436596495 2.26826265383637 -13.9080848875445
0 -31.2870447132195 -4.28670477998354 -41.4603657823455 -42.375285776937 -11.6286383574416 -43.2024949088251 -23.1980733239453
0 -215.115133505686 17.8463658736929 9.22975369957203 -106.035450861696 -46.8575168810078 13.1302464636111 -98.1637376280876
0 11.8571901822909 -1.76667539068684 12.4780396461202 27.556328244601 13.6292950110456 -45.8985669976804 -9.220842720042
0 174.096183393375 -4.05021135682608 218.447521687776 55.4642816275812 24.5649282310186 -191.996118492777 -33.6499029486188
0 -117.771196953764 8.89466471216573 24.0811003575566 -63.6089017384485 -44.6870463394772 8.13902560207256 -54.2473777855218
0 -367.085347799101 68.7670440814876 81.5849442002799 -209.861408762426 -91.7828017271795 76.5363259712444 -53.3168271166031
0 17.9381546098667 20.4287064844304 -6.85548842241442 24.1548166781298 25.6173848368242 -17.0330461634667 8.45351420197212
0 -0.262764960697225 -4.74263561059122 -6.13745063202426 -19.9094640305184 -15.6217820664677 -28.8242028224325 -35.0804448259583
0 0 0 0 0 0 0 0
0 -382.583316093412 83.6388459521561 -70.3791592521473 -405.589057884394 -134.148878672048 405.325738521299 -80.8239639629418
0 101.733662232005 55.8746722488442 24.9339425395229 107.868822138475 123.925158695774 31.7487629205367 148.712349856906
0 19.4290053881827 19.4940694349213 24.3638851581226 27.3472545223136 30.6609046787027 24.0838435496539 19.4277349714183
0 -4.13974854274339 20.0569528874956 39.2880936251499 34.3475836031195 35.5744074913365 41.3421717805694 27.8461338231284
0 0 0 0 0 0 0 0
0 -1.11424339989136 -19.4051534405718 -99.1661333679137 15.5085726552502 -92.4106362851716 -180.595213926278 -39.6881438546519
0 6.95654224184796 31.8662966200663 50.4395209080509 35.7094524568417 59.3660747668131 67.4326734067353 79.2273517763452
0 -232.145830214728 10.9881227026321 33.0227784154295 -58.9904606444952 -22.7867151288032 32.9780402879722 -12.8589187439574
0 -77.189923129942 25.366224275458 -29.9517618795423 -126.447678118817 -22.6092734474661 -22.1191741167136 -13.0970622000121
0 -0.891450653416447 6.90394744250226 -28.8616837113249 -3.94044380542034 -15.2259784260924 -46.1496036348567 -58.1818793326882
0 -22.3248846647237 -6.09187889349388 -10.3923149076521 -25.2271117750086 -1.0499575512126 -15.2513155068378 -23.7032501808524
0 -118.224455648964 3.62357317066051 64.3736232395327 -10.2579641407144 24.6202562317233 68.4572288482503 36.97059654302
0 -8.86109588620766 6.50212511688208 -3.62422565405902 -154.05697753914 -27.3461666445139 -94.9186843342475 -33.4815707492666
0 37.4037060817451 31.9372386478632 31.1535328342478 62.3507217784712 30.1545014241922 13.8224198591157 6.24235938284389
0 -116.972172429934 0.530188980650763 -122.079213583241 -217.504708251765 -84.057265795653 -125.614641207497 -96.6068246932581
0 -1.92705783610826 5.46673234746403 4.62211870742571 2.85184289372511 2.4295078875264 -14.4489463464924 -15.6732637881001
0 91.4747656452838 119.94963001382 -21.0352161451597 72.2309917602348 87.0165037127259 -42.6647027873407 93.1125717610859
0 29.2151892974731 96.9644586382371 46.5168085351723 91.0953389913212 84.7502780938385 31.6513649146949 28.2290392352361
0 -9.55581797067391 4.68472586985455 7.21980802826123 0.68162361937325 6.94993760836039 1.95333423533807 -2.7022241897007
0 -4.68594346644687 16.9944226643262 8.67519396909813 -89.5746732997231 9.664512800219 -28.8226626197213 15.1524397273967
0 -11.4717903058541 5.58028546060136 -13.1643937288228 -86.0713733896548 -2.59107605879874 -37.9446915532516 -6.3187193310615
0 50.0526986552796 76.3279809200373 31.5889016398657 51.9856406617756 91.6179856977611 18.2317704880059 63.8282144509948
0 7.12714431027332 3.80585045836249 1.65818214104004 -12.3805038235398 -45.9634683145467 -80.4753753035593 -83.1882076559244
0 1.06524675209867 -2.52308227887069 -8.9249829374726 -45.1389948582187 -18.8958978100755 -42.2055646191373 -51.1430472499152
0 20.6339594598834 -82.0551942193225 -452.175887386844 0.531704685704824 -202.124890289625 -507.654166315301 -60.5347704018734
0 26.7625092752789 -9.48876421574556 -199.05257682886 -21.4322912054258 -30.587166407271 -233.069805412672 -32.4474993515531
0 35.2313332362482 -61.8985567764215 -248.562001899286 31.5177413020906 -26.9087331790046 -278.754072245016 -13.7247265666974
0 -12.413858406164 -2.65809020324464 -12.0264299474591 -40.5615994634597 -13.1097730492083 -19.1435006190927 -29.50349786144
0 14.2995877260028 9.69378930910534 -86.3776964188692 -58.9896640569023 -211.909448697295 -340.437485880644 -116.360516782565
0 70.2881191508641 72.0672118605169 -112.635305268062 -22.6911226333531 56.7964998557521 -143.879845886121 48.9192588656948
0 38.64349860471 91.5668453871482 38.0993153482837 90.8515890384919 44.4013395056907 -4.37329222425825 36.348604950052
0 93.4829996040318 162.480205716416 -35.6166039318349 125.021669697637 109.80665954356 -48.9288627286634 154.371545245491
0 -24.2233386759958 1.08908871166047 -16.1494241372936 2.13939773030578 16.5993359837303 -10.6733473288548 13.2343821614956
0 2.69217787278017 4.01410512389987 1.86864378963277 -14.7843435245224 -5.58114871246462 8.53607202031001 -32.6027318382723
0 7.56395683748212 9.45007199093728 7.93973698820942 9.89237534169427 7.02443264644742 -6.63456614126821 -6.46639853226888
0 77.5477024923772 189.862284190755 109.075352491585 143.412502580242 204.878810462036 79.8005935094863 101.295358845968
0 4.38700737645956 12.8788229475088 40.9367320937008 39.6716157104404 26.2666138303298 39.9032985682941 21.4669212179909
0 139.236120078751 219.797227157654 -70.1601832770529 136.909464370889 163.855658393702 -89.9972097229629 219.84379609885
0 24.8054911712111 18.3539979943327 0.771171072683906 32.1508061587767 31.85750713896 -3.22687413196661 22.0415433990725
0 -21.6993323590326 1.97017802292013 -11.0330043628288 -41.6848575110787 4.65777422077196 -10.2158117609005 0.147427182226686
0 1.66168936876625 -95.7596173543365 -258.735250403765 -12.4039052780022 -283.077661073791 -464.036224361433 -107.593751271368
0 105.619409949427 5.75161998112384 122.486503015956 72.3642862297994 71.5872733859067 -30.3247170614399 50.2714928893042
0 38.2621449436884 29.715518006526 17.0457146169658 52.7824797419096 63.3191614016474 17.5335839800895 72.5345567794701
0 -19.6580941604204 14.5116909441441 -5.72069597016747 -304.164251693626 -58.4048116611505 211.461090456694 -55.8157571913308
0 3.0921289988421 13.7836589413276 14.9867688090022 1.13448246267405 20.2648475922379 14.6181180172129 20.7660739622117
0 -228.102619871759 51.4494814094852 -26.0653301895282 -255.313634886531 -95.3070200193019 139.088030586701 -81.5524289640295
0 -22.4808912645658 1.54837490012177 14.8305786039908 -3.6320027871669 16.2635195346931 5.78605543435533 -17.1785912444984
0 9.43041444883417 9.28651265908414 -1.6709257685875 9.38274903372864 -1.03147479232953 -9.76614571484665 -25.1251628131437
0 39.1101833256963 -5.66731253491344 -213.893887910749 -12.9029823407715 -61.5553837632593 -237.620534917185 -3.15864523817481
0 58.5384984669167 -37.5020975747462 51.7909438347213 -18.2915825023438 17.7860140054473 -74.7177543980143 -12.081884139943
0 -146.061692977342 26.2099646616307 -91.6507293785975 -254.953402479383 -98.3954599680733 12.6666969300588 -116.48935790002
0 14.4177782579068 99.9608693296099 63.8780781549423 103.977242027661 79.4625559039224 41.989659088256 20.4840108222188
0 17.0295719701366 114.121210633312 70.7658116592305 102.270267058001 96.0362902087876 53.6816685733762 36.6086752255911
0 11.12019919085 22.5991224019712 37.2535648246735 31.7545573501719 45.3957509395742 45.3537569970949 50.234683120863
0 120.620290431398 -44.3117031647092 152.712504535108 -64.0172757364484 5.28153166557337 -149.233057968674 -32.4751693029256
0 15.724376417341 16.1251644317506 18.7918802658196 -41.92602968227 11.5440979605874 -22.0298886272367 -0.611115778056988
0 -13.0056175781201 -23.341959353774 -42.9895052970831 -80.4975892750525 -41.9285879452684 -84.9504200691551 -73.7879941699556
0 0 0 0 0 0 0 0
0 3.58992842010735 5.12021292317849 1.26004935401924 2.91257755703928 -2.46108292755884 -8.03607039067642 -15.7622352058084
0 -32.2920110867908 -1.82920003195899 -50.5422217793856 -137.342871717807 -36.0767112727093 -70.8238437830256 -50.0361269495313
0 69.3741901952941 65.325150185019 15.6384981628393 64.4754641065522 87.0436984964755 13.7448964880335 89.4345863994471
0 -72.5514626348942 -21.4374595811862 30.5960977355182 37.317639024265 30.6680360089007 28.7915964562611 14.3150795835509
0 -25.4094258588004 -1.62034548287683 -14.3866295891138 -36.0982681633852 -22.7720613214574 -24.49097377508 -38.883682618569
0 20.0336940388507 -32.7012540871153 -182.384876826569 22.1573673731868 -10.7093753891829 -210.343161796729 -20.4458587800134
0 -219.164475311909 32.6008159381622 42.3674907838666 -130.937110516631 -52.0013248694274 37.0512928256659 -36.4645981778652
0 0 0 0 0 0 0 0
0 63.0833153351591 17.8209301529673 39.0839932190588 100.628259467214 77.6028571138768 0.124981142093475 55.5778216367999
0 16.9274264140216 16.8886500769484 20.8935951523001 22.9379019323964 23.0582358029266 19.9257233795505 15.1497336937449
0 33.829433032506 5.14623612874792 -70.7886152784354 52.7799733605051 20.1942784259609 -75.6458188057972 55.1260515934737
0 5.04916617412405 22.7559730541604 37.8185447637102 31.8259047946186 39.7225862756068 45.7910910561762 49.4212830617542
0 47.0025278798461 90.9668479864892 12.5256102077795 67.547946647874 95.7081942876408 -2.729300513265 59.2530339055736
0 21.8202259511908 19.7746444027461 26.5571188784825 25.6073926874503 27.3707847892486 25.9051097084135 18.3052832145941
0 -162.013015814219 32.4226400748121 62.9448380043411 -79.835048839549 -12.7562284025257 58.6497970850743 -12.4111702048947
0 -42.6645664884897 -118.824996637218 -227.550781822298 -10.7985666275021 -300.288254562241 -434.898276046415 -186.659852495159
0 17.3432690768981 27.9711515069226 47.8775822393629 13.3357742890533 42.325553270937 53.2013361270636 37.5730070261281
0 -95.7368690302539 -9.76453525953697 12.6768140316635 -29.1715264200231 -18.2149917077908 1.56303535663489 -33.1178257243306
0 -18.967735023246 10.908924193496 21.637955743177 8.32923446030468 30.0661883146581 25.8577183168035 40.5922359441512
0 -14.2898458986641 23.1190662322161 34.1299027018676 -8.58301504544677 38.6319744524033 46.7386087666983 52.5843932988627
0 46.4075264269359 -55.7067576166552 68.3256845709073 42.7337721876923 -24.6108970080947 -116.334105668178 -54.5514284066144
0 19.8915506921069 -0.560791220528785 32.0958820344039 8.60894382653458 15.5861980220085 -22.4492878205472 6.49739819997544
0 1.55165829312393 5.96881535846183 6.06183653316635 -0.625842439304979 3.82440194138494 4.50327603466427 -4.58124766209328
0 4.9695386395352 35.7053025059058 -16.135337691592 14.398546332545 15.785463982164 -36.06251375753 -37.8901384473084
0 -135.079704086264 25.1036810960491 43.3863868007839 -92.6466909826468 -10.8851356521084 46.5258363233742 2.29150319975415
0 3.57617563492566 19.9652325531422 21.9508022763128 5.47562959945823 27.6590930767637 62.8016841991003 34.5450837551465
0 -116.676002804285 24.2782896625762 -18.736809094803 -138.125570694639 -31.7861662937938 -13.1199718363393 -25.1984179886538
0 46.4037739198817 28.7997559787823 -37.5147516343844 1.98989946681998 -108.910026934377 -194.173419208785 2.32577503999042
0 49.3228996997527 80.2535652600872 -11.5028771074212 52.9878799463592 -51.6021843966464 -161.183666190715 -31.2920731213197
0 -7.07998856049461 0.4232918456607 20.2817899777822 17.9764137383295 16.5649198534946 17.951952821509 6.15818382541398
0 47.1801629474382 -26.5553507061904 45.9561024953802 0.753288662395136 14.1350692520003 -43.6665872586231 -12.2492782342641
0 0 0 0 0 0 0 0
0 24.2437451482112 39.7512667769148 26.4711246730665 37.3302639374428 29.0751907006316 8.61084562415552 -2.80935943643712
0 -9.26305574984839 20.8826305514523 14.1110372483456 55.1604852673163 25.2893385066641 6.04532508709951 2.93866730545443
0 -90.5996207325299 12.2603653348773 5.75802875362348 -56.4435715684001 -14.1605243633906 -4.10824479458955 -36.4049089566083
0 27.2312581417196 -14.388013866097 -274.812506462248 -55.3328675015651 -132.975392359699 -333.01474395227 -57.5325639483472
0 -93.9962437309487 37.2148388542355 -81.1783550934542 -725.07439644837 -168.745363541135 1089.94595935486 -145.707022875409
0 26.7459435261212 27.2610656701686 34.187884656438 80.8245045341431 31.5622675306031 19.1486765516501 -3.49158034035469
0 48.3938706436657 76.5938867643863 89.5972755061125 132.736693364714 78.1327369992862 74.8384590090584 69.8704922140548
0 90.3669807941709 37.4399909824866 55.7347853482705 85.9389687028891 48.2209057952089 -20.1190376406161 -13.9732575181873
0 -48.9260938720123 16.6762544827461 0.6968087213763 -77.522930689287 0.429631637215081 6.4282113876794 5.98334171113407
0 38.6796033562184 28.0223228550841 41.0663662640609 40.8019236282785 42.338075749179 42.6589915588115 34.6335744539812
0 4.45272687810311 25.957061908874 28.7496055800096 -8.78316494427847 37.4023139094657 25.1050777413342 51.0666385473526
0 -98.5321004515698 21.9670497520537 -59.1658923029218 -143.471452080046 -19.699180440707 -44.1191828671699 -6.81563564979655
0 140.975550590302 3.65532423956438 153.842654145082 60.5152991797923 45.6064198496451 -99.4722000759048 -1.69583690512428
0 -5.60342456403001 -76.7635487121261 -254.708865320543 24.5325598911312 -180.407838570556 -353.686874259096 -89.5636147367696
0 -2.90719141651887 5.53470308771212 38.1703900083092 24.8485601625804 16.8661921922818 34.1787362337256 9.00322319080823
0 -24.3730071908767 5.50769869095206 2.90498460769745 -14.498105487396 10.6928170556425 -2.97278064166884 -3.88450348945278
0 -10.3709302241784 4.80488670809301 23.0472412584347 22.0160998698995 17.4256493737007 21.81677170723 9.99435448978295
0 25.4819749135243 20.0478585447524 27.2550980893151 27.3028753307698 27.5826354720482 26.0970464385108 16.7195898911445
0 -3.03780647379881 9.31759963871485 9.22918041529573 -147.40883396583 -28.175813990137 252.530818712956 -31.8684700489345
0 -0.574275039223707 -7.25397407374835 -9.11841549678536 -13.8377714591252 -20.3937552639053 -32.5231743382004 -43.3607220525755
0 -76.7880703790708 73.2338200037046 138.216830616493 80.9425916639183 168.625328578704 119.788359868424 8.899992103763
0 8.67461900582848 -11.9136007000185 -7.73703158915537 3.30948339314423 -21.4635512089032 -75.771940661577 -51.765246899427
0 37.725008911798 29.0873423169304 72.5679519719971 76.4073076844867 80.7908293728239 87.4190117546234 88.8914974990255
0 54.016441793952 -21.4707102281854 61.0653696237417 -0.36711030267989 20.7972021740528 -50.5087480762717 -0.512697078339585
0 44.6455998852309 94.0318648964211 76.2623294994827 139.377005839222 71.4825185301624 64.4546406115869 36.2356929159752
0 -14.5333004488941 59.7441908345273 87.4854130007363 90.110147952341 86.9259088058297 79.2271275256555 30.9175775998327
0 60.5277333727296 -12.3572920758444 77.5060961369331 49.0196091848814 55.8316278413358 4.94404305213479 46.5308995527603
0 14.2492893291237 -64.2124309071116 -298.341220483813 49.1944013971077 -146.77975646415 -345.910688548783 -43.4838745755306
0 -120.89092215202 3.08023680415079 37.2524190685035 -13.1402665800636 50.5889700277155 10.9638865521237 -67.5403484020207
0 -15.935584460336 8.05018729930822 47.8039042710943 45.3172540995235 38.7336043545898 54.0498675952925 44.4631117539596
0 36.9606035217457 20.8122414744187 41.0544891892887 78.0359165108482 56.0029031936746 43.3636219295546 45.6757863292831
0 11.4929927806864 -20.8781257964314 -103.437410242503 6.97688289119907 -27.0431728549285 -124.19265275044 -47.9085289372194
0 -1.45214265529268 -13.0214174999572 13.841427828204 7.57763231504802 -50.2816374404833 -91.8189798255229 -75.0581395248535
0 -7.60292061102533 33.9398923709256 63.0687181674443 85.2032571898752 43.6414662774348 56.1666756594611 27.0028872732643
0 -65.7965313114222 12.1615378368044 54.0506745813634 -18.2090387626322 5.88949978544255 48.70759206913 5.65143227045658
0 -88.0873091513121 6.99347366408563 18.9865011097119 -40.1747024473439 18.8720409970185 27.253345011607 27.2042690733156
0 78.7476289620179 -22.1210376495001 69.0910300127204 -4.02037490186545 8.14204164394199 -111.422703771961 -44.0292748398171
0 50.3463171151365 61.7107731299081 -15.1666501924229 37.0046044283099 6.61154238413548 -95.4144452192803 33.392507264472
0 -75.1456750806288 -110.735212426396 -76.89731215575 -29.987964383867 -245.140932676858 -392.814864380758 -247.258014725762
0 -22.0903252026912 15.8216457045431 23.2874059645451 -214.53935057049 -25.89021554332 414.634129872101 -14.2596137191134
0 -59.4833398901992 -10.5448964236683 -21.4610281313489 -73.5860148322506 -48.9118076200839 -39.9042813832268 -74.5787719013596
0 -21.875574984273 1.75117674301676 18.094597988154 15.4131666908882 24.6914408574678 19.6913607567827 22.7345685397147
0 153.185295772532 -68.4166117939455 167.098793665169 31.5549787798659 56.7025965189907 -125.466150975878 13.9546059248863
0 18.3364310571215 16.1283329927705 20.4803680467241 20.568483421744 19.7066790574775 13.8429192362657 6.19572697813905
0 -9.60284920600841 1.93496471959809 19.8120124964761 19.8459039780998 33.542659457913 16.0541607748249 20.4037345129799
0 8.69109099361885 11.5928224764638 -15.7745511451496 -12.7873093933795 -37.955963301756 -71.6798308852818 -79.4616723458471
0 94.8073582271597 68.0560730842668 45.7606265136249 99.4178325052182 126.288383511268 51.1547199369584 141.325997330703
0 3.90562724263474 11.6746611492808 15.927602043432 14.4477090752617 16.7255835160483 15.4296737150942 14.3583881304622
0 78.5309272036452 68.8236713522169 54.7791381506437 84.141249084388 54.05202465286 -68.4911998384256 28.335081428132
0 7.10978586582627 22.3190375832338 38.5549271697784 107.276470058404 80.0032789246832 50.0788771219124 83.2889119273864
0 28.1153645582624 7.91739145826006 -18.5462445754896 8.93229757560973 -57.736844255021 -110.592047187855 -21.315503255959
0 60.8391033738294 163.402312297838 225.70395063878 191.650107975367 255.876350697499 220.027247992052 140.118369084395
0 31.4184904192911 23.9542392787393 19.6492723160934 31.3728669541074 22.5093120536746 10.9102562516244 4.96355442858981
0 -137.947414033037 33.8231834327802 36.8008654647053 -107.206913674216 -38.91336204191 25.083356472482 -43.2985766178434
0 42.0104676383936 76.3121153990908 -25.2132961621133 59.4555553106613 -6.56398097382115 -71.0025289343222 25.2738835672736
0 -196.503636441105 28.461185658281 117.982463353256 -5.39565241230929 122.470297215615 101.328958057405 -24.5207939705006
0 82.373568340441 119.828585395434 29.5542993679126 52.9467645880733 182.027348058359 6.6684284406557 129.386682556548
0 7.35549431411908 22.6281890910993 36.4271845025691 30.5440211501036 44.0891433916666 44.8579890343991 50.4194034073767
0 19.1251564280147 19.2752977383015 23.0220293211026 -26.3409332236149 17.9970449724663 -8.43385844954438 7.57923505684957
0 2.32930674265435 -119.976870393065 -505.824497314038 -14.3655625152289 -243.575744955729 -565.611876019737 -117.774432066493
0 0.978169049831402 3.11892606239645 2.80469209049004 -14.9286702420464 -2.33519868401226 -15.5281295711529 -13.5612684212142
0 -42.8911280432833 28.2740019773347 40.4133661562336 23.6476331841607 28.899513197841 51.8096969632369 64.9321048942753
0 29.3885225804559 46.4336988104503 18.2491327535439 59.5520398915618 18.9646082511062 -4.05346956871449 -14.6393944517357
0 -4.87595990854892 1.52543541999653 0.470556048115689 1.41038326044019 -1.74825526818189 -7.13483059532962 -21.4733425919539
0 59.3054780101915 118.002529181674 76.4738847304656 86.043273802252 134.795538861039 53.7243374085165 55.5099962033525
0 31.2618222668618 115.909765805363 71.6641247669548 151.506078367786 76.6658225842874 67.7680521331995 55.4750590804713
0 42.2484914545243 38.5630089268837 51.373578107539 59.194450124772 77.3933887649428 59.8372641428352 87.9809555801567
0 66.5014536601003 52.1385388052396 79.3260050887347 94.3579519454088 82.6824174587171 89.0181706817544 82.2968700401647
0 -4.32782606681258 -99.4671888327788 -288.505111409912 63.0971360386923 -203.975602968786 -376.655949726826 -50.119038071447
0 -706.589376985172 167.816498912242 -397.583724978414 -1092.84759920072 -333.639293628213 1606.76076391783 -213.561060632511
0 13.7104895311832 25.2387596091856 29.0301177827608 -202.775517938866 -18.8727912011741 285.449630699364 -21.5074514327151
0 -15.347214518545 -0.113824637351685 1.26137554851338 2.48481088037115 5.06731854760441 -2.89036692938738 -9.39932618638709
0 5.31198074826844 5.11760161526975 5.26473030594259 5.16800874051391 2.28142033965067 -8.8868181659046 -6.10920267241375
0 29.8316569799359 23.0453453469406 -61.0713052506757 20.088647866847 19.9021134867537 -87.1950578135088 2.77712427921222
0 1.71763878051476 6.08580265273746 7.59578966668897 -3.25114071971159 11.3429198177099 7.38715037723568 3.70873573273094
0 -26.4042076576746 -76.3240456258447 31.1796955810222 6.39121572705756 -154.323879367046 -288.074645823684 -163.375140717985
0 -8.64945119196292 7.74469232976726 6.65792351477737 7.38239504674506 -52.6159079268552 -82.3793656332786 -57.8070775138063
0 0.62375847203522 -5.89589101930822 -3.72769472043252 -0.709100713371868 -10.8270772714588 -15.6268039716155 -31.9306938527996
0 247.044186063257 326.785169858924 200.387459926306 166.024462196977 525.442260086407 159.088479608268 408.957703472243
0 -14.5429167534629 -27.2195293818604 -52.3748822989878 -86.2681489544094 -39.9845280660804 -111.868838361855 -71.2861093138567
0 -49.7846573670573 13.9607858186173 0.981427417362909 -3.57098670273348 7.53632496931363 5.20646651126921 9.94801570462892
0 1.08353146937625 56.593275653004 25.9712921494402 65.5660266024679 35.0220579625516 26.5203316565393 52.9926599441191
0 120.630232258928 -57.6016684555165 136.352738484238 -179.154944680744 5.28116335154493 -249.646465414448 -27.7802401826284
0 -3.91220472694546 -3.02260542091474 -5.39141418142754 -6.29648771990508 -8.60474812582373 -14.3323150035699 -24.8427292906739
0 -6.74269368754486 -50.7217529216357 44.1153025340874 53.6263790289734 -77.4483657470231 -169.024526058169 -59.382902540575
0 -18.7172672748793 -21.3437808088456 -38.5175335913335 -34.9527665011568 -57.3304235947523 -67.5771281459869 -90.263131043109
0 78.1066277825854 -26.4560269530512 97.7897565725855 -32.5887291648377 11.8395584378742 -96.7408230289354 -13.5836811073048
0 5.40247510006495 38.3355484939481 54.3453284382081 90.1799417359334 55.1068404084704 53.4970456913236 43.5158231555814
0 3.78855536164921 -16.912224513638 -11.2451420665622 -13.6865981476783 -15.6205450576864 -38.818096372789 -41.4482591697434
0 -74.5930029582004 -24.8040444447355 -21.9844253219192 -5.88719110786525 -12.5796206880612 -32.1271666312707 -35.215029108043
0 -152.811381366205 51.0801345674771 -137.237229761337 -553.741651011084 -111.24324748559 510.152971777566 -71.2223964961207
0 25.1355603643796 -3.49462472810433 -154.852521713894 21.2311776706196 -0.750741849164342 -178.671994201754 10.9160494096588
0 5.34155197747999 24.3972725186343 42.1858455798243 34.7710297621351 43.8178157661901 52.239138035582 55.5515661051706
0 -49.8699030447831 -10.0505052753459 -56.171520490245 -99.0011495168015 -14.1452582857268 -54.5396966550498 -23.9880605219353
0 -3.55247283862514 -56.9714587765692 -284.039861642173 2.19003399157725 -119.863183111969 -314.525644280571 -80.436798924667
0 -261.934374853753 38.1834888580923 -28.741628248624 -219.318471514023 -69.5101246457398 -21.5641904563812 -45.8256084070945
0 0.414930948459269 -5.52655109237968 -14.1583188612555 -31.0390258810798 -26.1078988854372 -13.0276071182971 -62.558110413384
0 -96.1647237710389 3.48988059465842 17.3998762759428 -53.7858969280541 0.592507792438028 17.5882871534055 3.58374555884409
0 25.506563573197 41.6724664304177 -14.475261775821 58.4499612605039 91.7923195499917 -17.4976679018212 119.773583233704
0 74.630540160237 59.5206768269046 49.2049893970108 106.050068147987 60.5804780268457 -13.6838477355806 25.4575025445444
0 33.1747227747029 17.7704141485062 -10.7667808528628 43.4483610579261 44.0902613451109 -13.6279585399432 46.4601102787653
0 3.42697129741977 -35.5043275551251 -164.29568850578 -13.2287067243951 -68.6691833966589 -192.140342467383 -99.2616246055279
0 -269.765518851619 76.1962539492968 -229.895554228684 -557.637989051536 -154.620419899791 675.777274354254 -109.252868280464
0 43.4216112038532 123.654297697157 84.2763996375123 93.3546228815091 157.225016740059 70.4793253393479 98.3530032172787
0 8.12775726680405 70.9624276419931 74.8347301420144 43.7407764891412 94.9654858892168 52.1199580300663 -24.3807607608648
0 21.8498236499265 34.2726173710009 -78.2529590455732 -7.99388400061418 -18.5054392163265 -101.632318668133 -38.5803885225072
0 46.5337099655865 60.8166606640105 -37.9305860271241 17.8156503511235 13.1659651419164 -60.0613013379843 3.37959514672407
0 29.9437693526059 72.0074515358177 -3.35089033884532 41.5962881422041 62.392375685481 -21.8037936254737 26.2692143326554
0 30.0068264991283 -13.095858082566 36.5538102462953 -10.8802797502697 4.80811769897278 -39.7689467853288 -25.4498236543226
0 -15.9393801102871 11.2862049277829 35.9116726232238 43.191292208041 23.1310070698523 31.3553878488532 12.2071457487114
0 161.424155942119 44.2490662055662 165.632538794336 136.809896826219 102.762189628071 -56.3934214288852 62.790453657734
0 4.80878561348197 12.0310996598657 14.2355820828725 -5.98208863166999 28.1552750862193 21.2934217044717 27.38692473002
0 22.7442850772321 4.71837684096016 39.1462304409779 -5.54812742096453 30.3693631241646 8.75168302136825 28.7782241255182
0 31.2674964177756 29.3936178041554 36.9642927359324 26.1346881346894 42.2184794105783 66.3043171792289 37.2043091804439
0 54.2302349713202 -27.7894903566081 60.7892516990069 1.68092705618807 10.4147259258974 -35.9512576362746 -17.8248015625974
0 0 0 0 0 0 0 0
0 -19.4012803601775 0.620683102097018 -27.1873299588289 -142.545925689426 -39.1772174574878 -91.6497977670774 -53.4438532519054
0 -11.2388593928544 -51.3245721699071 -51.4361618054426 14.3069931322505 -182.051562248 -305.763160072519 -42.3507847802201
0 4.77853164133663 -10.5105365271159 4.63242792275551 6.58803972908018 11.2907867643572 -1.25764416309757 -5.1867087309491
0 24.4579645188357 1.58266650636452 -36.1737741718409 28.1534208542188 13.1818275308172 -43.5205784526082 5.62956704855972
0 28.300922558857 18.1991059664857 -86.4081736390178 5.68780166490268 -29.121941761575 -119.512899000023 14.9800884811447
0 1.77761327436102 9.22318134831486 11.5245846649781 14.1838121046632 2.64431573181295 4.09122979483776 -10.7681511973477
0 -13.493326687862 -21.3071553118182 -14.8750246970114 16.4180610676194 41.9031318829875 -6.33170516107056 32.3833552981568
0 -42.3710950489191 -11.5212550779181 -35.1999376806655 -53.3919643036427 -18.7049146135845 -42.1653602454973 -35.7751612214572
0 -72.8814469351625 7.63022893165925 39.3388502270621 -26.2771330400631 0.576147471126092 23.7860651478053 -38.9582677159061
0 29.8786104237349 15.279686157366 27.4939167208528 42.1624203707657 13.9287510883879 8.54276505016085 -11.0559447713387
0 -7.47092786471887 128.490356141559 173.294682159097 99.6915526231145 276.564063719465 155.967542517335 131.153131271775
0 -6.52010896107939 19.2723445556805 45.0715981988938 6.9977602554047 41.180365450262 55.3028503030853 49.2767865607725
0 -208.336734737915 40.0580639909635 32.79046947186 -146.893787738455 -71.7619543802703 23.1705622255959 -58.7355114977133
0 -61.7240781337939 24.682917670079 -36.6658316358719 -457.59791228517 -83.6494882250606 158.541039819626 -71.4521135012046
0 1.91826137013054 9.90771349962955 10.5054917833682 -4.02704654818757 9.15200796833767 32.3941869970605 5.12391431357688
0 -48.1594205197237 -218.786266902654 -315.506807713004 8.35487536788787 -480.419870020933 -669.736885177585 -245.926860542197
0 -116.864004438527 40.4847816693155 112.687243280043 3.71885533261604 38.1646569641317 112.928762634779 33.5513761780673
0 -10.7329573154478 -115.310040223079 -197.717739469508 39.138653974584 -226.70377723798 -416.250333822994 -91.9116233273306
0 -4.26322273156993 105.755149511329 99.4979831254379 123.736589401635 99.4924415248707 80.6961572414488 13.3010939198961
0 89.4691390232242 200.633282564552 144.747022623628 204.747153996663 195.313551830328 136.894028984543 161.677684983183
0 -4.55546996974419 8.45847360378531 8.08358090001479 -198.401628096547 -40.4459164526176 257.990934972869 -44.6196748141594
0 57.0089761381039 19.5951854458892 -215.744620244619 -27.6358356484885 -40.3386303391944 -262.64107298576 21.267361182542
0 53.2065808902011 87.2919185915318 58.4431527320091 113.128355420023 11.1979650952246 -43.8362203094173 -31.7513983893005
0 -96.2857725148475 12.045324335227 77.3540306185792 6.88184026107228 25.7831038902426 78.6538944082353 34.4032406531898
0 -50.962581663294 11.6182512042815 8.43157214693547 -21.9051151860346 0.0237570626579462 -4.97309971341775 -24.1173151871277
0 58.9865963642757 4.61772750780236 -110.843367342376 1.98529908972286 -146.984486168873 -270.021090901209 13.6417437186757
0 -13.2770828757216 2.93501327220151 -15.9312173509342 -79.6348413093055 -7.93009819954944 -42.7135328115757 -13.6093477522061
0 -35.6832325280318 -129.25616271335 -276.976280802797 -9.74403083237138 -321.797023373251 -510.775986817919 -172.470791021572
0 6.80862603264131 6.78937846063917 -59.179509702852 11.62022587384 -2.20398059556409 -76.7736312402917 -26.8965090624872
0 -26.8370982558536 -3.01181880128786 -12.0222698282538 -50.5256291714042 -20.7297888725845 -32.1527887569447 -53.757030686841
0 -0.250871271147332 5.38651980108958 5.18206586779968 -51.3466873931829 -10.0441160008596 82.0285353678827 -18.8024598629327
0 30.8200775038184 22.4520557113746 18.7963689005159 40.5598339061598 43.6634782289552 20.2848406715282 40.4598535909221
0 4.07540491867643 18.1182760647186 21.0385666298116 11.4535231511433 29.6081661731679 27.2719597513987 34.5317858162659
0 -135.118855359324 38.3051037126866 147.704459543082 88.5441964614217 168.597697500798 144.015030280605 60.1234697968552
0 0.350258627245125 8.30631263438499 8.5203215022209 -60.6186296192645 -4.079492481839 -13.1798233207481 -9.29933277907469
0 -34.7461629398724 24.8183205183148 -43.4687353746511 -162.882602245762 -26.4371533349368 -47.5362601447101 -30.1291653812269
0 46.1753098012997 -3.08334006311847 -178.808843634783 13.723491812831 -109.059689910724 -237.902368247126 39.9379958426268
0 23.144399054265 13.9394030171622 -88.1933871882806 10.6813329505508 24.4103409267948 -110.85716117933 4.67738718102873
0 -23.3682869567813 -1.84252111990168 -13.649948205827 -40.5629122571371 -26.4163667760455 -25.0009174079704 -44.8780740845788
0 661.484081589619 -608.628678070929 1021.87526833901 221.722964842691 -115.791324881349 -1120.47398271798 -256.641611585512
0 -25.5278916614351 -13.98418323676 -52.3399513866785 -120.28985537627 -43.2817111287311 -97.4285557619717 -65.1177292725859
0 14.0228010015635 3.60877151395525 -17.9361094235799 14.2659302898759 -0.679406582869532 -25.9720927588281 -24.1094691321555
0 -7.55009099275162 -141.25218637733 -461.790393683689 20.672233458066 -179.471626901861 -511.335574385638 -128.158133519792
0 19.9644912836051 -17.2201107461183 10.932336123496 66.2341934812441 83.8818723439064 29.0727700223154 82.7646955140008
0 3.11977806266561 13.4808362943249 15.4213244938701 -48.0020789348193 16.1686063275843 -10.6918608516533 17.2767874224452
0 37.42809511053 24.4895374613055 13.8113626197872 50.0198136552193 56.1456771964198 16.4681166106976 61.8813268717012
0 37.2723293162436 27.3520132731467 41.6162140138061 40.5128294201132 43.8805200415064 44.2958405108909 36.8747307349357
0 -33.5509735861406 -242.627544514397 -679.550143125637 38.9966689245567 -395.138727201746 -797.411401165974 -215.193270735018
0 5.92673898268528 -6.12810632454105 -15.7949428781704 -23.5829376986214 -22.2028695489346 -33.9868344072659 -64.0093780301352
0 9.7493845114904 -35.6987441379388 -241.883156151322 -8.59021217204833 -185.004050822338 -317.560940594366 -51.6895518429588
0 0.115873933095531 -0.880059182685353 -3.63304737590492 -1.05165461294439 -7.99404537653477 -18.3092813404952 -25.4581318444052
0 3.5096598126349 -4.83289772315628 -68.1692948052071 -0.0384588177123391 -20.6113156447848 -89.5087621778646 -53.972898437865
0 0.382188190471612 -0.2334063861112 -2.15519557949003 0.286565491469343 -6.21985023093616 -12.390361939714 -23.581085637307
0 70.6318960575058 -38.0483202453103 76.6270664070424 -24.9985778326684 -2.58217431966293 -90.083588156078 -40.6143417044945
0 33.4248493090389 31.03559024864 42.7827347654441 37.9321816734457 48.2004702222868 53.1680156967231 53.4746559032932
0 107.387770509157 -46.2593256759114 118.800653199171 -39.5548862776718 39.1198692127722 -114.374495607675 8.33875358139835
0 15.0055437960908 29.2219988318665 -93.2457863080079 -12.7522308104284 -34.7115393330453 -132.364067793292 -42.4299608108533
0 -4.5763350271492 20.7472903132571 5.49213372059658 16.0185447570402 -5.20353605966081 -8.99738913223183 -53.9441299637952
0 -63.3872695767848 8.99029327190576 6.47998247742279 -67.1874889267904 -10.9777133538816 5.30594416321973 -14.5553276216543
0 -49.9124066738528 -9.04708943841482 -57.2947253376772 -79.9786246840918 -31.1787790913556 -65.4191793396019 -65.1733134318717
0 21.6779016225385 -48.8240597069199 -196.516269731851 1.84339997816932 -46.4036617492909 -225.275578188861 -67.9549060826598
0 35.3914428339447 -21.8131024180079 26.6780276351155 -4.26759635909306 -11.2306406281524 -61.9942021806443 -45.7286031953814
0 -12.4662949122472 -116.935054108236 -347.525566670738 5.85292228910863 -249.042110835401 -446.599715250179 -130.343139139736
0 -6.30462458596503 1.42643079869366 4.47260680325328 5.01796134362352 8.81651459686471 1.01506112665876 0.711132161029379
0 0 0 0 0 0 0 0
0 0.434600464534027 0.21472309197303 -0.508831167386364 -15.8927940871836 -8.09556938247324 -21.6768700277959 -22.5631884503428
0 12.2383816643764 16.5657468769795 60.1470991850634 57.6110986861059 41.9918601549481 61.971989570426 40.9158149738617
0 12.2309861747785 -33.9617962818823 -218.657094872544 -5.96082906054615 -100.234298295197 -257.344971709759 -55.7373858843461
0 13.9176006465431 61.5908936484974 101.681361937418 98.9588075649703 93.1075988143988 110.003862407839 83.5681783641568
0 73.3080421428511 42.2749557153006 37.5545008886135 76.7996912452828 81.0922341124234 41.561606284405 89.7977273779308
0 85.4798239589377 190.462437869932 150.623655425727 198.627905413777 227.623057280542 146.154052716099 178.358699171695
0 -1.26374494206709 15.0171699706933 15.8199552357514 -120.525250987714 -11.3708568860598 208.656258633077 -8.87711534225343
0 -9.37225263846753 -1.213773770028 21.4293043209704 -6.03317425747117 1.40011506010831 12.7453325410035 -12.1239550403788
0 5.67507592179071 14.4918066754028 21.7449621131678 19.0831519655182 24.0208650399784 24.1184931228088 23.6073768608256
0 -53.1261254045169 -1.55656186170302 102.754019636751 58.5156363025533 38.0132544539862 97.0050122026628 32.333838245548
0 -133.964955937877 28.3454711765812 92.1356253527619 2.80627218122908 90.3953737135498 82.9221096772345 -7.43609302538232
0 13.7996121183824 28.7187320538385 1.21909618050665 20.6409267551348 31.2039364516219 -9.21021815931786 5.12391488424304
0 1.25075276436837 9.34300932535598 -99.8434580772972 7.11247891982629 -46.6503962584231 -125.495666921601 -49.8961545550677
0 -2.82083385782786 -6.79168982208819 -8.74329155229896 -96.5148414127227 -36.6025057213429 -47.2152638926415 -57.8061281275048
0 -14.906167458397 13.0620440702928 40.4377385253646 42.0511928650699 48.3055856174989 49.9161004998068 59.0123649868393
0 11.5481018190409 29.0907435467613 48.6733288956504 40.7254187535683 57.378651949256 61.1370512792189 68.6144722915856
0 -6.42441070183471 10.2207668189441 0.760819563917725 -14.4656510986337 4.67867727795995 1.19971312003593 1.18191222312167
0 3.03293588914056 16.8745528463361 18.4314128112605 -11.6556929756969 21.5733836784024 9.0366301628351 25.5296461843188
0 120.704307961302 144.284716873968 32.2004951131315 26.854656043963 249.398120111742 -2.06476506247532 178.054138165039
0 1.01847296441933 0.868402185046512 -1.27047461755515 -0.115461376401631 -7.13461485449523 -6.59752217124626 -22.1250690313409
0 15.080895580277 -13.1256862443261 -125.710896407644 0.831742873924732 -37.2829488221395 -149.541389295582 -39.5946038666755
0 -10.9862332227974 -4.67222654560316 -19.3911431040341 -35.8731125776747 -10.3362163268994 -25.469321934857 -25.4345903599418
0 18.7953459192759 16.0504821639401 7.68033965672798 23.3712708300062 19.7512696488771 3.24537397608904 2.06469995537076
0 8.8429106830779 36.6740600118165 18.2186040552043 31.4462504999629 29.2052147282811 5.50787078912618 -14.8650369303006
0 -21.2756630635824 12.8141220373474 24.7017569871653 -22.1695002167777 26.9186391417852 7.79501258647196 41.6550478588361
0 3.18522818412188 2.30486937949264 -24.4404662627426 0.0399094490061085 -16.7007585026231 -38.7411923811143 -52.704907545489
0 46.9684031136489 17.5303786858723 45.5268041610948 33.9986310740228 71.2486857258326 59.2522506012084 63.5052485576427
0 24.6749519790953 39.5094722112373 30.4277295538535 50.5887926568251 10.4112768183058 16.2241191768813 -15.5690124449909
0 -12.5543924349407 -12.7553930705226 -53.1126967035311 -24.1372531769054 -54.8600326059117 -74.8215687675231 -110.695913774298
0 1.5736581796636 3.10051894881326 2.8900399580283 -3.3762647887652 2.21253659901175 -4.52443745181877 -8.96706673345321
0 -6.52736424872189 -50.9148778455588 -229.244420361753 -21.8763921958946 -122.986185058271 -263.359945478437 -116.551060043642
0 -2.04728873733357 -46.4240251753583 -206.051051243545 37.7024874246421 -64.1209836313523 -222.966112841519 -27.7637418060184
0 -0.322057192459084 26.0247396038521 -97.1223649831138 -39.9858242307083 -34.0116672211609 -136.561906073275 -108.986579433703
0 80.9395065277116 -28.5750551615094 100.130882521549 7.58029526961687 15.9118753614451 -61.3149457867878 -14.2908475934612
0 7.50723529562954 26.6600324481332 -44.6671261585761 -0.0857417685416877 7.85131972663995 -63.2188495983639 -35.6238428098561
0 1.29920321910731 10.356511265659 10.9311169167889 -52.1420899401473 3.95392043444676 -26.5846378216897 1.10732628436463
0 3.70642477928818 8.23127002366639 -21.6143785705993 2.40916200591901 -8.42844041588282 -37.0812134100694 -43.6124198193447
0 1.01289983483454 -1.12009857419895 -24.7349679119147 -3.86826277115229 -24.0809674957457 -38.5715813695099 -61.0403057287171
0 -97.6210962906764 16.5560685731306 -155.172328311408 -334.243766890127 -106.164601766325 -70.6965716796697 -132.668811010831
0 -21.7024976499081 7.95696107921693 -8.97839106103231 -64.7785674630722 -11.2170357180499 54.7672592867314 -20.0817037150177
0 42.4099796180331 57.0244327043251 39.0362316498884 77.7894562509583 15.5118050150356 17.2860277527844 -24.3777706786354
0 -3.29476969065951 16.4538790133385 10.161781137758 15.3761714433592 -9.44426010829319 -12.772155239333 -36.6044300023325
0 -6.58552555094792 22.2161963923844 16.6212384797155 -210.388250215833 -15.4195962415596 33.5849934701034 -4.2176069796036
0 -49.4094866831333 2.21436087833943 15.7449138195499 -19.4188225402145 -3.13719262336384 3.52396949333335 -33.655129635073
0 -88.9249131776581 14.1913647147063 -1.01017564971653 -97.1584279708114 -36.8841093144376 -7.42825946779294 -41.6089248388031
0 0.876747321024348 0.591978548759415 -1.88524004120069 -0.365764712198284 -8.09136177132691 -8.44568006022975 -23.6400305172729
0 10.1958466504441 17.8122592299842 -14.4898073101927 13.1896298755925 13.462708741818 -26.2636407501797 -17.1043528324539
0 -36.4457131897946 -235.521253984594 -614.569439645646 90.1182754239633 -336.028929023118 -685.406111329874 -154.532628599438
0 -3.4961447949314 -0.940436193671495 -7.74114893576719 -34.6222924601472 -12.9093268136973 -35.1070684994499 -35.2451519802009
0 9.01507206890336 -31.4479298099876 -166.985667103715 -13.1436209719639 -46.05113841506 -198.753675455478 -90.1588431363673
0 -0.415060963382842 -3.61719364085388 -107.24991119613 -19.579554751843 -32.2917121564898 -130.182634137294 -78.2603126696152
0 7.62469683357087 -28.772478755584 -148.873382794712 -16.2040905131974 -47.7037223031348 -178.384085609586 -95.2858325893055
0 -10.1359524788683 -42.8460956527808 -21.2093317154026 6.60585968557128 -61.3728532601477 -132.240899100995 -98.1798319684484
0 0.694407617847048 74.7587650682401 33.0098262608055 77.3919305810518 42.0842010131238 15.2455336006441 -25.5477403492083
0 16.0767145190617 23.6865973361474 13.5992672565991 22.05148927062 24.9212282512188 5.8914385672941 4.42154472509709
0 0.249692050009862 18.0352329886943 42.9904069178217 44.6330199408498 19.2580586276998 35.765198913819 -0.224852575661373
0 -15.0556371876574 7.22414819898584 61.8390508559989 62.8236462749789 42.2572921812177 65.9138176364025 46.4800116686509
0 -65.180755153739 -77.1524069526971 -104.535459210678 -30.148182642176 -189.078737486353 -248.962310596197 -194.301418059096
0 -2.17286048476416 26.5496283189102 -24.7149903511531 -7.50711842188386 -0.632494403805481 -53.262641164259 -81.8990411810692
0 5.12926358934173 -46.4584889206036 -222.698028837252 2.76273660335421 -64.9938742477158 -256.63068708395 -68.8664695366649
0 -23.9691456927213 14.9576146913913 28.5569590851523 -30.2980003729319 27.2906080567744 62.0377280161231 47.3863018217581
0 32.0288651561564 14.4417423967758 49.7839708764345 -164.697400047886 -6.55620703124066 -81.7310326832733 -15.8482443052694
0 15.5896642395955 50.8116188588663 73.9691076609586 66.7955883028424 81.4366451145736 65.3690465127586 40.0785547957743
0 0.621010588583414 -0.266166602055264 -1.0218651214058 -16.9017468308917 -7.10832150293726 -20.3958172025109 -21.9008355604055
0 9.05508289787062 17.7987258461356 50.03421229138 37.5304317272344 44.5115985067307 57.5498268539589 50.5512993127706
0 -14.0301999520612 -14.7473298359041 -44.9978069283024 -33.5674386348888 -65.8227971226747 -76.9589714309933 -112.507535093758
0 3.0376077088311 18.9606755673663 20.7572809482338 -5.54860273813998 22.9279423662237 84.7474806307437 28.6585030503229
0 -0.829055756148875 -3.1908584371478 -4.47828403921463 -42.1642349878619 -18.5936384356063 -41.8929595389237 -36.137722773687
0 2.10316036111584 22.0039015815709 -27.9849015929726 0.539030430277705 -3.89781881000647 -55.7962780803463 -47.9409124053824
0 -1.52641926222449 5.61367657020678 -72.2579164902614 -7.89206651287721 -13.1884805668141 -96.3200999632938 -59.4548137485214
0 32.1734593901695 110.964854619247 87.5046840374343 105.808990395939 137.235005989822 74.1463053935016 70.0655892680713
0 5.30320394211886 17.0770607637382 -15.0605769013937 6.66467271869973 5.39614938127562 -29.6387268810846 -30.5121402530893
0 3.28747605687159 15.6951923235685 19.3693683897255 10.4334524783146 24.6865898428742 25.1744315510624 27.6796083373043
0 -0.0208527758470858 -2.03668002502675 -3.08705452129904 -19.3847851782065 -12.4662542837829 -26.689132476775 -29.2925316380792
0 4.51820414984721 3.73337911348562 -14.3765854535648 2.96068254290322 -14.9362146566814 -32.6176445282194 -42.8753347355431
0 -45.5466922555327 18.8934781398728 -50.2458558819129 -161.166335804767 -32.9871045121988 7.87352057618864 -30.3113140870344
0 -0.176947918609017 30.0986617837574 32.8082663345174 -157.54578860428 5.70094485521179 255.143568833414 25.076572484154
0 1.71004364675585 14.5803751028333 15.6985722625376 -44.8897444804011 9.90585946700159 -8.22138535621306 11.396940260647
0 27.7141968884099 34.6480198536101 28.395012946687 39.8679316033498 54.2365287620345 26.0326785811898 47.6471408675729
0 -8.06505998375538 -7.89914692055508 -58.3885684270701 -16.7218611738825 -41.4857262106869 -80.3183744912559 -92.9395786040649
0 2.11137133674309 9.16551184977842 -3.76516695554105 3.23748383287899 -8.98929198574287 -17.4781942819791 -40.0363500250626
0 -0.368526680220666 -3.05690787140287 -4.26497510199412 -26.0902866096212 -15.9078034047571 -33.3131856017777 -33.8125677088032
0 -81.3436655834446 -31.2300875243298 -117.972762079976 -90.5987083443855 -133.788144752456 -178.445650546921 -221.723369068101
0 6.42611093141609 -6.26160540556754 -16.9608270285139 -28.8833456761564 -27.4277338368722 -41.273516386597 -70.7016536666611
0 53.0510345809109 37.7248336482791 44.4956262378492 54.9777924663202 56.3341945225716 45.3008009278286 49.6173773808453
0 13.2527759792495 15.1802133966769 -11.692914944819 16.4250169794528 13.4885215917552 -21.5743184333703 -11.9390047493315
0 2.7227448585577 3.50205458199353 -21.7307279743006 0.155084455986035 -10.227273837677 -35.3646497577234 -52.7598306467596
0 -6.14645609454436 10.6300146449809 9.13277922977949 -259.808744622381 -43.5488139360841 28.4110440229964 -44.0228755434442
0 -6.39132081308738 1.56071675587968 31.6986526727759 29.0120324121169 18.0272942274091 28.0718539060305 3.52748659978078
0 -0.561148198418718 -0.339880138364073 -15.5822500432995 -0.711010800088618 -35.0172949561327 -66.9828101033251 -59.4802006408101
0 -0.284369385315699 51.7198267511693 -10.442856645025 22.3164008009916 43.812434048457 -31.8883753679931 -16.8259415022256
0 -3.07229676624249 9.63040385360436 24.4515988717462 26.4567030766965 28.8986452032211 23.6082784310039 14.1828943455909
0 16.7672492070064 -60.5936414739709 -262.200143270479 -21.2974922747043 -76.4286409562262 -304.522559793009 -116.440633529701
0 6.66468715999726 -6.34066627634182 -17.3435894333035 -31.5348667571712 -29.2266621358427 -44.5515088215548 -73.2228689080472
0 8.38640905853377 43.6963084832651 53.543009865226 57.1949262359475 40.983276479028 47.1214465307196 10.9157302906272
0 -0.550947901376304 0.128046421143399 -0.726936369852591 -45.4222240234323 -15.5051857626349 1.98310732045227 -29.8200046725385
0 4.18716923607011 13.3894958713778 35.8666198590921 33.6957787484216 27.3688010964437 37.034821770486 26.3608467381989
0 -14.861976925646 8.25625604772941 14.9335499631109 -65.148634949151 12.98747235866 -23.0821091020654 14.8461187322026
0 -23.4005609017506 -18.8568306532305 -28.7592315188522 -111.429018405464 -58.2233737729215 -118.787752638139 -91.2214842465945
0 -9.57472373858849 -5.69237590667888 -11.0339687626178 -58.3373113518674 -33.2319899418326 -7.28779970599561 -58.5052958289791
0 4.72441038197818 -4.48172272646128 -14.7941304888566 -75.5298828283812 -36.7103436839107 -18.5872184817322 -77.7383968329229
0 14.5559925943979 15.2225571342592 17.5027597737909 -44.4592528064222 9.23925968820166 -25.0304851249807 -3.48748732042702
0 5.68498060951174 9.11718967269428 11.9563775790612 -16.4676148783447 4.33947510905142 57.6241659171894 -15.3138638848834
0 -23.1241034114351 13.1662575863084 45.5746375265639 39.3881963678575 49.8016567045601 59.852031682885 70.2842684572053
0 7.5856610178205 4.31598999205025 8.32904736074388 -21.2608662703784 -2.61169915291281 -23.3324375952821 -21.9102222109024
0 5.52827017805581 13.9417221627095 20.7407767546044 18.2974689982062 22.6918194374288 22.7165867594293 21.916075214868
0 3.4843575527177 15.8849072019822 17.3816745270613 -15.3312698425312 23.6911226593046 10.6623142398867 26.8370083399532
0 29.7888271815606 14.3565105335048 -35.2850110380928 38.8239158466651 37.5713039161693 -43.732905730008 36.0965098708822
0 9.83101997173864 16.5048586577612 30.9513595168208 28.5881651595683 32.9620479429794 33.6336317055842 29.3451979700828
0 0.0871898715405948 -0.721199397149086 -1.59764225624281 -16.098120691109 -11.48410226386 19.1943461980051 -27.2559311804593
0 -4.05568140830449 -20.9295298697152 -95.2132009047099 -13.827082625568 -49.558271960072 -120.504921987858 -92.1549942491234
0 2.335072322056 7.70113491885597 9.55013692239175 9.10112100800702 9.12526685470656 8.88896381809803 2.82340974550356
0 -3.31988813406289 0.610610263481465 -2.09271530449463 -21.1618278903075 -9.41467247465766 -7.72606155952088 -32.8235397692948
0 33.0634176404442 26.824498951153 23.5140456332173 33.243896637883 26.8693793283275 15.8256144792982 8.50457836492312
0 10.7103185977869 11.2662108649439 14.5350237825611 14.7478188181808 14.4136722729462 12.831505796068 10.8003582497594
0 9.31147598191737 11.9474742631517 12.8374167058701 -43.8349802240871 -2.43552034165313 74.7496074930063 -17.0674917559764
0 5.90300580351046 2.58338196545755 -14.5225476494029 6.96179717276279 -3.90236605612307 -24.1149671565522 -40.4159962940922
0 0.617750106633579 1.08881187421254 0.490121321878844 -10.0818941767236 -6.18263910736297 -9.72482979039948 -19.8444139911376
0 26.0235491119157 30.0735302540802 56.0109181288117 49.0997973096272 71.033328795429 68.3983059934828 82.7089922248155
0 11.7851331926564 17.5047893865193 4.61510661291875 10.626619337322 -2.47911911626271 -13.003279704179 -30.3429726033364
0 7.66324229698935 14.5352334611946 22.12123855996 19.6929058774782 24.2368280726143 24.2895195562167 23.7690417774967
0 17.6268980780644 15.644116297971 21.2964888754476 19.3751795825346 21.3642445230025 15.4769301011408 7.52649471770089
0 -4.01721547446336 -37.8077081376482 -125.930848637579 -17.4663930286317 -69.0812758114036 -154.063978174818 -107.86560452926
0 35.5654741200256 29.7309737851671 25.8490278434834 48.7804348016381 58.8167683650144 27.9128179440997 62.5329813558733
0 -23.0774779058857 -9.82783326131389 -29.9017623628118 -28.8414870259437 -48.5512814123834 -73.2774243722386 -81.344682797151
0 10.8150670314148 0.359065598192423 -31.7283062028786 9.72993826246807 -7.86621324356717 -43.6410830780781 -33.5665300514272
0 12.1470141373814 -2.38875071265055 -33.8691303691178 10.7215903774919 -9.4067529011686 -44.6994421153376 -33.4318165669124
0 0.454802653758456 0.0217312362334798 -0.722508561868173 -8.7233439066802 -8.16068334933881 3.03913401799177 -23.1049797106483
0 17.685134545733 8.81762029773721 -11.7591928510431 20.4351894908524 10.6570223567744 -18.6389918442364 -7.86468802558021
0 1.77320361351762 4.96308606132609 6.90293302460594 8.19221937006123 3.98562562437492 1.01806851158883 -6.59456562950387
0 6.28963881300716 6.08555387273145 2.59338272714834 8.73026976188325 1.37965414259307 -4.56540892350351 -13.8809655395427
0 3.51268820885259 10.1866468821426 -12.3326378803372 2.34576103839036 -7.28267691690374 -26.4028719110744 -43.6682610825055
0 48.5676905861027 31.527693819144 81.4962220332496 87.3926155911697 96.4625064337104 98.5438496270136 111.080588581879
0 10.3841807436477 -1.38912608325953 -34.7950251343148 8.66555113638414 -10.5714350409486 -46.8091612705268 -37.5039580249619
0 2.97047773588326 6.01299061169104 4.43080119047875 4.33008852753417 2.49643015477673 -1.83124508924174 -13.647035445828
0 1.78039716270465 -3.19825213641909 -21.4615903181459 -14.6316725378842 -26.6815978793326 -35.3477416763933 -54.9875287083017
0 -7.45835996247886 6.22981870135517 12.9279510070291 11.7253130310629 14.0747479183353 12.1621780573701 9.00077927819318
0 52.3552222149307 36.1260137068868 56.867155059356 55.7457591476167 63.72381673512 64.5551617651491 61.1955072268685
0 -4.37625206520697 -8.02158532408851 -26.9013100699247 -12.8232659833923 -36.8413734375149 -45.2200730000025 -60.1046590169309
0 84.5892737170854 57.4289515776494 75.9313365934858 89.4316533391022 104.90822200308 87.9600944591211 115.502908659532
0 46.6003631043375 42.7452720718556 64.0109043124045 57.3597105733056 71.7826659904589 82.8548185326308 87.3780652987661
0 0 0 0 0 0 0 0
0 32.3389102095694 13.5221427564272 -8.75977428322417 40.9773278025582 37.1061542424275 -9.9763859865065 37.8798452950273
