0 14.7389234398592 256.918066257365 -97.5075325682516 27.5590221469038 -1577.70948785466 -3385.38253132978 -6303.63795425648
0 749.654881812645 1297.60125299156 611.28816377374 1278.16851870434 988.268523791857 249.865513989638 120.435500762392
0 191.990604707388 255.345341790717 140.437446219186 170.710326204568 -186.383286376984 -584.144581486032 -1242.33870139663
0 -603.489208537163 280.310043943178 215.013030138996 56.7625068302081 241.893447103371 308.712310483232 309.804511605693
0 -692.066559040126 385.142867253368 714.336447272271 -78.1908079405823 459.053258936551 847.578320620994 509.78681025463
0 660.108237897698 269.898672010437 1302.84220982004 473.821674456968 -192.901371780362 -917.324168870271 -3858.52365563769
0 -1068.31870984218 -521.998586759108 -1475.70109042991 -1063.65150446974 -1926.74162190797 -2865.46526077684 -5921.06869823436
0 851.116873083478 558.662407399152 562.98708350961 254.899011095441 -1323.23022929071 -3628.75478568572 -6938.79321465545
0 -2237.91629971016 -1500.51269556079 769.408142826152 -1164.13841095553 -310.291590222619 -1853.43810713111 -40.9910363034519
0 -1432.36473910302 -501.89065406931 -72.8748418205735 258.798815837337 727.110217072358 589.02983101263 726.662729775791
0 451.168788357604 697.584713565352 797.817369485335 667.413232702862 592.687245016465 406.789418631863 367.500757353701
0 -178.131695039265 -167.120532869864 -110.954083625689 -202.500066896619 -325.1707012392 -92.6994750949306 -892.708410852044
0 -38.6390106238892 -214.630613894183 -1364.18286687977 -7.65625875978745 -41.3547770737407 -2849.49945995534 -4583.39744479167
0 278.478032382658 122.25742491209 441.727877030085 350.864945531967 -1104.49358158213 -1575.60908539493 -1864.76958594188
0 -44.0865499550659 -8.8543426277732 -14.3233341122477 -109.043298800751 -278.976206248002 -61.3870219884629 -557.712363587359
0 290.402729372796 623.399053144089 642.714729626233 445.745512205325 547.520630792033 266.284698488413 147.294349726056
0 -550.213551226176 -326.425816983026 161.652894428635 -713.245878260831 111.578777920828 211.352739338971 337.331090932107
0 -70.7362205597787 -53.5775859151718 -101.900224526205 -164.066230785349 -150.044349237628 -93.6532821715301 -830.512186163508
0 12.9297540093085 7.03738626412029 -29.3216638729239 31.0974933610099 -43.3211800990219 -29.2786338865298 -408.173025600546
0 -15.2604405694611 -906.289093292826 -6855.60813030552 -36.8457344819066 -630.604984531981 -16383.5291011812 -19456.0643081485
0 1114.23031878219 1099.43093361815 1102.26603815727 1205.87275373309 1178.44722481464 805.812811379411 1180.01816432484
0 -3596.57453225902 2157.92526295108 3014.62979228034 1486.92755702917 2492.86824091396 2987.27369860952 3758.89452616657
0 -646.329154626136 -14.5844916019564 244.889232632074 -161.672557820391 177.525160203265 447.120934404963 327.655815591204
0 -33.3056509329612 -274.182397332793 -1410.39924652274 -70.0045865541505 -44.6541864005327 -2129.51845788492 -3752.11386984134
0 921.114884172201 1088.36274452006 715.283252156678 916.040999157182 1046.07673903252 127.612815187022 -566.801767701337
0 323.174491956358 847.306283919033 1923.04298518595 916.760533788347 896.637554649938 988.152580298907 1151.01660918179
0 149.413949417921 163.165100401246 154.94107361933 173.396719100846 141.306272588296 78.2544963777561 -32.1786576265842
0 41.4067657052617 -121.080222227342 -499.573722208994 38.5412158655843 -1122.97538507912 -4369.10481408432 -4868.54634796741
0 106.518132687571 124.817414924673 169.182933162185 166.85252682827 -175.682556251767 -17.3225986934051 -92.9610930181977
0 553.938672921183 525.632466901762 484.888341544398 502.321373831753 592.556908498006 292.939103065478 477.611876762455
0 -1351.99825017709 1527.11550804337 1655.64821372948 1319.86938347923 1604.28605153229 1757.49527419053 1828.20528868136
0 -39.542422690121 -416.426284956865 -7069.02388802466 -46.5385759359418 -892.01907476789 -14826.2784611605 -19493.5337071993
0 840.312413741572 1072.12110521702 616.70115024858 645.581185084628 254.111993919289 -316.1431492857 -1841.02672803024
0 511.999900222962 637.080188845436 745.062444021135 548.415914658437 512.965618298123 -1153.16782858914 -3005.08025138796
0 -444.310611348048 228.167554855256 189.261209617021 227.315477673026 267.228374229642 241.370013782041 269.061690856826
0 -1616.06918435136 2566.68590555449 3099.15241661466 2774.73822714334 3775.1282699699 4213.35406488548 4080.23617626018
0 -616.047605644575 86.6430351035048 285.478190905963 159.563378909578 384.606186996702 370.548552548355 103.913125561486
0 182.712382374656 -368.991660281919 -3126.56593947069 158.577967434768 -1444.42167337128 -11425.3537585815 -13870.5934765242
0 -747.893558728635 1378.92593438778 1763.59866669492 1640.44888418501 2216.03651586457 2485.19690114753 2451.04727918996
0 -507.417234041073 107.312493615032 136.562569025947 21.1194603475811 83.5165444785275 113.683853908914 117.272446842171
0 3555.69060884306 3025.23283754304 4607.61118343265 4058.64111121786 4087.87509762117 1295.17588654986 -921.482696592789
0 603.422309003594 1082.41787525821 680.644248393658 358.58202275738 1150.8421893317 1350.72416902685 815.465768800444
0 -224.291184280562 177.798166637484 660.177577164332 -43.7614117859312 190.656713952581 783.245624638345 166.491755297631
0 -5.64583586323119 -21.0426487831688 -0.200829225726361 1.43289333616284 1.44863290803042 0.825795582888556 -44.9667017740125
0 230.287023452212 201.736742241344 -3250.26566745454 -608.072405524905 -131.023878365287 -8789.27817309936 -15585.933141614
0 1636.54653046017 1636.01224692432 1824.36589223753 1819.39558967729 1692.85784008379 642.630772227003 916.383905379696
0 -373.607757369769 -398.512450968844 4.8029547044128 -463.08551571404 63.1951783438517 191.717473297023 40.5244753890659
0 161.807114114058 -58.7290257259012 51.8280529111562 118.671872529851 -213.793510328252 -1491.54844340299 -3020.57414818304
0 2153.51566138497 2357.41213689587 4212.78433364472 1887.61074528726 2177.63132424915 2110.81338863528 509.283270311944
0 -385.870560845164 -1964.17536718234 -7917.90731500665 -196.592264433079 275.809585292847 -19702.7338470849 -24007.3231506598
0 1443.82380886486 973.102170613178 1620.68726635095 1602.20448537079 1228.08094490786 335.091989613595 1043.59245024732
0 29.7424230071384 -50.8666419098282 -180.523131866706 -12.7070802369501 -61.4636322288583 -1097.66686409946 -1908.07102858498
0 119.704637699836 163.036305966928 -1043.18214031395 -103.392476321654 -422.476977413208 -4217.7794266385 -7046.7763515203
0 -143.209187582552 -408.161852788993 -1212.31169965865 -74.833575195612 8.82856946564721 -3847.44689652589 -5957.9594421009
0 99.664201216122 19.4638011684378 74.3117841205568 117.308714669788 50.5419232360881 62.4780833407662 126.405728751295
0 1247.82185703927 1213.3022015174 809.396653086102 1123.11374001969 1206.66632789524 1214.89548390001 1085.01692006774
0 -3172.59828542509 -135.461513866845 876.242923234298 -283.755847242006 692.220631937945 689.121201300961 148.478949177598
0 84.3316230506085 38.4725041092471 106.889569769531 38.6995939847613 -32.7173865621492 -401.169315642427 -2533.82545130295
0 -694.688838792286 -346.62920206681 777.174336373559 -277.17608042435 363.107222019417 709.739753552172 155.349832487714
0 463.413466783329 480.941524172284 -641.938421887447 0.161199551680738 -722.364375993829 -4262.33068747929 -8934.37657380054
0 652.488905873505 1038.42280656648 670.87230727426 713.801083777357 796.770443246801 -3868.66425670691 -4956.59634837582
0 -2.94476052633826 214.977051778638 367.076531555761 411.910451726188 465.909628577278 469.503861752678 476.960079181129
0 -1542.73848997531 -1745.62794363488 -58.8639921139913 -1365.82977321207 -509.180507032239 -401.920304121879 -876.606585119022
0 61.1064502069084 155.864262390089 184.593091213345 57.4419865362367 197.794552761829 315.376834582435 232.635194730134
0 352.420577842494 132.177752111683 353.861325074424 352.08997036012 337.558842748293 350.424405962603 334.745399898347
0 -573.470380523653 -881.059765688603 -957.412267015032 -576.305201454556 -1817.39041262883 -5034.78304426507 -7825.34838566029
0 -18.1478795995215 -708.093577099525 -290.48742148957 232.764599299892 142.280052840275 -2121.47402560499 -1611.2220413265
0 -333.437934151028 306.924727983077 263.621862638501 281.162300468662 338.683353282645 342.750897159315 327.256215032798
0 -5333.07299813771 4426.2577462215 6372.91230393245 4022.47718327466 6714.45939060323 7617.24639110906 6794.87095311682
0 465.588588716282 240.843597276084 440.624981815809 561.563487852078 210.762177237025 -2018.94556274634 -1433.92277635954
0 -612.711128651095 -700.051734139458 -8.40084158372963 -865.00753765854 -218.971913963147 -216.20211217373 -224.61295731223
0 -148.156509378954 -155.179246894329 -461.909647149873 -279.572855484228 -483.144492771103 -1946.25193199348 -3094.28876710543
0 1779.09934264953 1464.47484862011 1682.17140536133 1881.40730577971 1631.83732127163 342.265416910502 1239.95592424854
0 843.203420565208 1199.89328791528 1072.57481754289 1209.2783199634 824.846233902776 1088.87556048751 1042.51633297181
0 133.082968494704 139.61662241753 -320.824832238806 -80.210462808251 -263.854199195154 -1965.98978223905 -4530.0522357754
0 -132.856931405005 628.88354531651 -307.279012047729 177.165256431835 -1095.53326543399 -6654.59212822715 -8053.24627303534
0 2164.884087194 2496.70403927556 2301.31777885094 2441.92679414933 2146.06020302617 1781.96941430615 561.74957704625
0 82.1364758211575 -460.619143157195 -1099.14528910127 225.394481003107 -2156.98014699446 -9463.88577118766 -9907.65733388667
0 67.1836687175426 28.39545507313 -268.318457339922 -20.2664758696802 -342.700311705345 -1165.6541448158 -2431.6845125188
0 -41.4944329594739 118.652534960427 370.587618132539 275.022934004282 -160.407232424465 -3886.41946344796 -7315.10684485123
0 -41.180989624872 6.89122661339727 -125.442896326175 -156.755029527027 -1012.09140899843 -800.807481876509 -3062.35530724404
0 -2527.32375589153 2596.50954174417 2811.32390180209 2172.47415008027 2471.26090629795 2882.5155931748 2991.39238386612
0 706.183127871956 832.871050109565 750.347684565379 723.496033563802 728.946130487291 272.84340477936 403.367924433764
0 74.2993796824325 140.639715663107 133.023238564298 93.45083371589 96.7113790692683 169.153853423469 -39.440829984749
0 513.713831121999 542.265636414333 365.080404965783 380.319185083166 -513.535655184779 -391.013848127839 -995.414022451717
0 -1240.23021283947 -47.5775047985876 -1051.3213997259 491.241777015764 701.939079758814 920.197436367642 358.504360727078
0 2485.33770680718 2647.12217677545 2444.79927307019 2967.00487572154 2339.31726522029 2073.61141869635 2410.99090036468
0 -2792.6226877158 1683.76680164899 1813.64857169193 1166.74845535094 1113.61402523578 2193.90959908368 2165.3004267883
0 173.145394502807 154.669040506395 309.054908466843 394.007260977702 -175.758716349621 -283.107183412842 -313.373180183668
0 -25.7032625356321 -224.416986951877 -10.2185177626633 77.5479016833285 95.3691683775287 -72.4615809812553 -19.2852884109401
0 57.9525773061916 -467.095824106629 -3672.76007462679 121.06809776789 -11.4684940761333 -9146.17805844028 -14132.853965797
0 180.822777235054 231.800815767056 -1086.41637763065 -31.2433843064146 -365.437737583696 -5045.50512001356 -8450.97149253479
0 -35.9166082416027 -267.586023216648 -3396.58339810498 -56.3675959409396 -628.816981146956 -6783.3129997924 -10806.7039756729
0 -132.395319784824 -107.457627203964 -28.174041038542 -21.9272736294842 30.1950285429979 33.538520876465 -7.08214126849802
0 2125.78149371097 2630.2181624012 2926.44519031685 2771.25030923656 2582.51910100338 1361.43523947429 919.223949533741
0 55.2908129596782 115.7382411008 112.249367258684 117.478934981525 123.661980893262 99.6060703915792 94.7323449386754
0 -547.697185124913 -245.279590818886 33.7158781148973 44.6957541177495 26.6249116296305 19.3484069769441 14.7753361680235
0 -116.139226393033 -243.941740989645 5.3324032719777 -224.960027781924 9.29637033893073 11.5826871473958 -17.2105699578295
0 -839.902390271143 -2327.79660092592 -6603.35077158277 -1266.78933666447 -1017.21014788879 -13694.7390161392 -14915.4913726829
0 -829.900884980748 892.377571591607 959.416656304598 737.090934092661 1091.17495093136 1177.13822481791 1166.66344793689
0 909.810034174898 903.486815056374 859.690971018456 872.281208606647 926.903426074686 698.524161856402 398.943553517798
0 851.385646660948 722.499180094733 989.11317856663 933.849141873965 829.779821770776 377.225464530475 821.641888545305
0 139.426949364255 98.8832165156775 -32.6766431752846 2.39016975915314 -186.098012694976 -1771.41527696002 -2706.65221415877
0 1648.85768774717 1469.36146723819 1480.29349044363 1576.96404225657 814.480354940753 525.033920264922 1117.21878537031
0 49.5468579704511 29.6094789522429 44.2785373553007 -135.209356154658 -11.5713323662106 -207.077938339262 -989.975937777136
0 117.362384387437 -0.529679472727025 100.375406795911 49.5343525495427 150.16229365325 133.356159242055 -486.176551729788
0 683.273580121541 578.116832133879 -116.580990031313 256.649822562559 -763.560489817829 -2255.75369709652 -4732.9406036106
0 539.139417701747 715.31637696428 745.009968720459 522.156595102187 665.261232349168 13.134714671198 -149.503066355585
0 -668.62631054136 -147.420953581146 39.0169079202481 -409.958303992728 84.181474345958 86.6462130431453 129.443539970523
0 372.46303383129 343.426569168942 579.833679619476 410.992162808154 393.481186249643 -224.167460401089 -274.710140920341
0 -4602.52964343154 3375.44206577527 3330.41791060894 2806.12905262036 3144.15845357055 3512.24121087466 3177.82657473264
0 59.9444070476726 33.1307181273592 103.874319610588 59.8678071757058 -303.142063750144 -658.164777363395 -1537.76714804165
0 506.419844651703 691.11791817334 638.176864206387 501.093179772315 407.378255020483 404.647501754333 -847.362709665551
0 -3986.64999104458 192.15183854467 -341.272125141523 365.535110989479 197.099230203203 -331.589102568901 373.530182873037
0 -615.31853415678 731.278777964925 947.707701692352 313.182260468432 805.617691420339 1108.94739726784 658.427325967099
0 94.7402567877774 -416.441574411151 -3846.87448772592 -219.483143225161 -1592.61726493888 -11239.6557643193 -14833.7661556541
0 1301.70035851006 1433.06567032466 1416.82833517248 1293.92973579639 1532.4032434735 -516.793501366108 -523.799468936794
0 123.935288927021 -336.116303613791 422.143321918904 433.826545575679 524.003296387977 -76.4350343282487 -653.258161902473
0 -121.535384310071 659.693818435004 1051.75409362687 1157.73021040526 1432.1259480059 1492.63228922077 1622.62024743485
0 1787.91385818933 2346.53422135631 2210.69849494883 2410.70359499438 2038.97524406377 2487.43566072145 2065.55360068913
0 -301.234935536252 -114.977378817501 -16.8383279211182 -157.332469311475 45.4866900848219 40.0929195840947 0.932085018393678
0 -974.522245212004 111.092017660401 173.188160180652 152.948031904914 240.221010330989 234.944138808583 235.329432935992
0 -1535.90562410177 36.9028319541427 21.7245017668581 27.5659978455801 -0.616983313123583 -77.3290196145445 33.348225575338
0 1464.62064332929 1589.91466255774 1094.39942243986 1431.15079516954 1565.07902234657 708.818757029537 147.541303212
0 1741.96242789419 1956.37815924198 1406.0471950971 1944.21898871708 1716.89534401753 1406.91511927085 546.626101747799
0 775.50881264348 568.230981848503 1080.15417871621 724.475256650817 -196.239156495279 -2082.90586915164 -3528.44587907327
0 1339.75671864784 1767.07756675745 1313.97017896455 1746.2600162666 1432.7050232878 486.0547258008 335.881522729713
0 549.795650507319 476.538397022038 452.629743550744 589.811763857458 488.277769611319 230.116557187118 405.742097226277
0 -2529.39104086802 2531.89158989797 4044.72009955782 3248.21683313225 4366.0704963676 4452.94905304336 4390.82203770404
0 148.900605627372 125.48959150357 -2543.90981614383 68.6275999453609 -25.4165805148546 -7756.86756937563 -12597.145802473
0 -567.62522318391 204.422052580784 50.9272116029782 -196.297331194971 100.488472627961 256.52006564188 132.206075599369
0 6.6726485362214 -199.900829838857 -1327.44761412971 -49.5237537434148 40.221698969657 -3063.6996351041 -5052.16048600822
0 -1644.8606207793 587.811059815924 684.874235161816 122.635336668828 381.862897827908 768.984031538529 727.245529894869
0 21.5972156200032 -150.065387868229 -189.509420383768 -39.4646231152085 -327.230834867445 -1684.51457490476 -2171.00898737057
0 207.662841464903 198.508209724143 195.811802878453 198.280693523502 55.1277842466291 163.857309179768 -240.950384140588
0 292.279279943787 283.827810591472 351.529102184666 401.009730301767 422.256953276608 196.98019180635 403.856548734092
0 -17.1158392288232 -284.435689676302 -181.552049033775 113.672004087948 -1106.80599393348 -2128.35709675424 -3271.57950881875
0 203.09744431849 -243.959520921032 -525.921740557085 139.528574294614 -1571.19396484928 -7147.66785361485 -8082.62573522503
0 400.34731049473 256.949707362963 -2402.38940099605 37.3407652723118 -108.996828862992 -6711.46078335671 -10702.0523716219
0 -371.148191889817 -904.224845414036 -145.891372227907 -659.84100751565 178.124257734812 -133.089356433996 -976.862594849302
0 37.3990907479769 346.74322525545 349.339718189384 -76.983633587812 130.879446938658 313.607360625047 289.071005657777
0 -735.543204903023 -719.638951259808 39.2255782517364 -858.169908859013 111.995765066261 86.6855374028589 -876.796812362074
0 182.335479334958 2.94216471141999 -2555.27847478273 -48.1871247306865 -2310.885911594 -9763.20837569618 -8105.30962672513
0 -303.324542492657 368.553274479342 871.045467208606 849.328269579259 1078.06293664601 915.247810843593 1143.88396429986
0 90.8205969609955 11.0242225183663 86.0526649520225 114.057500241588 80.2415798879064 35.1177753913805 136.910165518137
0 420.624359024247 88.9756953542189 136.464921058578 382.86910527898 258.244485220284 68.0681728538034 291.885515753689
0 -89.0519719285563 -1106.0780134707 -2741.41537985999 -190.948072592255 -1249.16226392095 -10515.3634587782 -11192.9764007406
0 434.458465288686 475.599589235283 353.128973459936 426.665000298451 23.4714296508946 151.659078044623 -579.609438948886
0 68.7036421527276 14.5780444135858 10.2877630254438 54.9692847251115 62.9282067331221 -96.0748470865218 -121.448935780306
0 -648.010410045979 -54.3394876625264 47.5029136071124 -134.22123404001 56.3661522250722 2.32657462635893 45.7187480977659
0 887.327121449393 708.094537774412 -282.680317250244 810.88280912876 -2083.05923115528 -5958.60056970536 -7959.16219495241
0 -1414.34324855629 -1.16852804151148 94.4397908149317 -25.4614311853191 102.477868349544 128.671942630491 -40.4022731927968
0 -318.395618871591 -1143.29016068055 -6427.67469028704 -534.343082997052 474.222850174673 -16923.730506722 -24513.9395227974
0 858.814381697483 861.277934691354 839.084366018471 825.18529926464 847.615539336998 487.844692170486 307.176567296242
0 -45.4903034333539 49.7586806615429 149.776039798558 -46.7640544555649 148.349916837228 303.557330326097 206.463401915851
0 14.0468651157345 32.8478129707979 77.2196922656707 24.3886033804615 -157.566810949872 33.4140138167516 -484.565243172245
0 -3316.87201735723 1101.51082063851 860.557945309992 842.194574781345 1271.11589359533 -177.606963923706 1229.23673169801
0 -643.669703754231 569.082764166054 1125.18145278586 614.093048629353 966.232345466609 1401.8928349929 1394.85164105048
0 537.483318606391 612.654483799385 509.701606747669 611.467888368114 647.311926286669 421.572200796706 677.923741027154
0 -299.571105480931 -105.261247179321 319.255439022924 -178.520872897479 177.73873853596 569.79311175463 393.27221875905
0 134.149659985016 119.638471513574 126.072399409587 132.896851682405 34.8781377626939 125.518681263336 -158.050505302088
0 -481.245447347967 -81.3631511772446 61.7854578534802 -620.131911139293 100.611492212972 587.19726661814 437.752464469772
0 -400.297337610004 -9.13409730204376 13.9452924788417 -66.8668387076431 -11.0997045712498 37.3544303036083 31.6315211297765
0 216.667896290907 450.391903744264 486.537222567039 356.881916082576 371.013146985552 173.674849598635 189.058888358784
0 181.659123611429 324.802660038764 267.206915892913 199.253907536816 -633.365038638144 -502.587072570716 -2010.13842835296
0 -143.250554791224 -268.762733953679 -1686.71268361863 -266.694202316495 -204.952279491453 -6247.79637039883 -10245.1399272306
0 -59.876898456955 -26.6945467736971 -962.659895215539 -96.1194655908635 4.23837082137373 -2375.80661661592 -4436.89413201984
0 -268.412167634506 368.316828146405 425.5906151412 408.673900788707 459.551888258799 445.141369226008 463.603012395106
0 -3323.0956649423 -376.625556014607 -90.6387126694348 -70.3899049505852 494.480454407321 480.702585031295 495.574167266456
0 -2967.00472701514 -4441.60674410222 -14571.4478592234 -3919.77689756452 -4875.46449910406 -24241.3217381509 -30797.7802577799
0 -7064.95016201441 -1045.35858037808 181.734709482789 -54.5418109916075 14.5646643368798 -145.921893855735 8.20267575554749
0 265.538055094985 108.832625419554 280.383242509084 339.522950030816 -446.699867365216 -522.54409274957 -1556.08069888271
0 446.754002981742 702.69341867696 484.217482646971 419.170090729969 578.102936075347 23.9165711281362 113.303517344115
0 55.1589534450807 -482.945357261289 -3755.62258199145 -187.800465895953 -160.515190033791 -8015.18018305862 -11541.4557626381
0 -738.139200370957 246.002568087079 678.939384600976 -176.32578882091 526.408511189005 868.945396062946 689.266108882265
0 158.584314413817 260.373399508737 131.437184123698 -234.636208131247 -191.488712936425 -728.741028329648 -2554.62748336013
0 -279.228735129049 -530.995810222755 12.7706161617903 223.17135333578 -879.838976301639 -2236.59659427321 -4379.8195858363
0 -345.764586195816 228.100139519925 143.35382318911 -65.5929281234286 189.491496066933 235.380132491122 228.261152608488
0 494.745520016122 1454.80234193433 2206.68462522812 735.046354255654 1135.11388936592 1113.66904732449 1600.00818437228
0 -0.441026124138659 6.27866719488581 -26.5792448302795 -6.96697367921877 -46.6056041100066 10.6487717935044 -268.356712889519
0 119.773593244298 390.10072235948 350.712076891515 -37.4221255629125 41.075088362943 -194.23310050449 -318.140676079579
0 24.4365519695655 27.6116009424523 40.5759788771084 44.1776081301594 53.4366097295841 14.8885346795394 -95.2525455790266
0 51.956985280293 93.8532066856996 112.549931438461 94.3411891939186 58.8682767899397 -72.6200318616927 89.5400511132026
0 -4336.94922279698 356.739347339473 92.9944208071329 -619.28130810074 237.811026226272 1157.82202441298 866.788913213288
0 -5463.98647856401 -182.138638587198 -5.45835253011164 -116.624003878368 -72.1704090935949 -178.64970982649 -74.9945664884598
0 75.9492239471435 200.469520311952 133.221540894746 86.0307637150669 235.504576619463 140.851449692088 -209.807915342479
0 319.803996067575 299.134353801353 285.418768232111 341.645546468615 319.151241071027 129.379317574785 240.436197947446
0 -150.227602688941 248.593535499977 286.54386175933 -197.563239127577 -521.185736511153 -625.566336838723 -2613.36096866661
0 -250.581566009565 -417.516400756684 -2056.67673571129 -145.495950709716 -1019.72083648543 -5002.21749629143 -7772.60124577962
0 -933.450603726386 243.297735194723 404.656632564558 -197.539411144674 219.719525815963 469.670613063785 515.696062109594
0 811.288158434933 783.084260933848 651.014278580111 743.148355127383 790.578330322077 520.960879544466 175.852028648175
0 -88.3583975956697 -6.15739304243044 24.1085210042904 -63.213167753643 4.00493402684583 64.9683051345748 26.8061726283815
0 -138.361942067455 -695.722109870221 -2150.34107828845 -223.654482490919 -360.430174122172 -5585.9905382203 -8107.13924455207
0 -61.1363328686251 -21.9704974371191 -1431.02893490902 -110.568431142995 37.2277574067408 -4751.93044268238 -8091.12961158737
0 161.892095150351 139.215667897698 107.070954814683 94.4471101328682 83.721652453951 4.51874112222822 -48.5454380579095
0 -97.2947194339413 111.582719417816 46.3594338764223 30.5919740049046 96.2459129938731 96.5855636237378 87.7151040176098
0 157.31369558672 60.7557409452038 -231.380668457902 -12.2057736188381 -209.703859296675 -1481.46388873252 -2913.57662961491
0 -131.146729664139 -369.18952582606 -974.564934282719 -155.079400459941 -385.127987934383 -2058.78888070932 -3563.40794433003
0 1108.49517348905 113.551008751341 1008.14908479481 1759.61410476322 673.610960973321 -169.742121949735 -316.020644569075
0 499.323033766783 594.862113251223 1218.50813214249 938.557573852729 951.273557564207 1016.87105791016 945.961523200606
0 282.062174900858 329.609233276611 255.699080219078 201.481762475409 -941.525840240634 -1218.92432467031 -3597.80389589598
0 110.091035362548 220.953437046459 -1553.73142436144 -88.0860080579893 -363.25060553046 -5386.67135457026 -9126.72550116348
0 202.37180227304 210.120459662116 605.705949908126 400.601811386333 118.533843027584 -826.837456566653 -1961.4182334224
0 -100.145604244055 -104.586970616343 -44.6254937903284 -139.972111236515 -254.797761038984 -26.1435471816519 -813.014360518168
0 108.559667530597 101.848556274228 96.1926338186292 118.351820042504 76.41286901602 98.054889136581 -71.2092234008065
0 147.17816633282 26.3821193513251 -1638.67210996411 135.61433993878 -849.646402772322 -4394.21436222377 -6991.5526152976
0 -3412.10442950333 2708.69878131027 3637.73223619138 2387.53562614143 3496.66558913023 3839.06237303624 3390.85748119152
0 105.532891348417 82.4288869533966 116.634484560772 102.174076427297 113.313796510488 117.657419058897 99.6321745392388
0 209.335884275696 221.978534678183 179.834315220011 211.498059434333 156.113333644986 157.837232118182 -60.8741146991096
0 195.079665044146 192.401417104009 272.99257120335 296.358179100211 150.733488080671 -305.415354876643 -1250.12785587373
0 -5083.90870393274 -474.733182908917 -384.031740172157 51.8322553274272 -67.3296635844684 -23.1660502607298 52.7787744863265
0 -215.458555473474 -281.493888200819 -960.528208538966 -447.06359115024 -887.552667958653 -4248.80054061721 -8649.16067191381
0 -121.829683064515 2.63994476268293 29.6409645781964 34.5412561961116 19.9922951570391 31.0244702029457 24.5839580766906
0 649.624580578389 675.644488725962 772.641071485064 757.052320485193 705.922961633878 304.008017572724 577.923590102694
0 -3916.75795727103 -3048.20646294928 -16437.6310264091 -4552.72006368604 -7472.60536032304 -24155.960168384 -32359.3210802364
0 41.6511785779171 -130.638289371495 -11.7525626264505 179.99606909529 91.38307088078 -1228.70362301733 -3507.12220354871
0 -37.0794859340393 12.3739833504908 26.1354352777833 38.7532791168872 47.5299922458706 40.2293558500821 49.0211732989977
0 -326.063470455932 -253.175444071378 27.4370145477935 -542.597077568859 39.7808398455235 170.975916570977 106.347734372151
0 352.246159668359 108.807409355733 238.589598994985 483.719721362764 -707.170674644194 -1485.1114189975 -2439.14681796035
0 0 0 0 0 0 0 0
0 100.90485806575 135.051725691291 -328.224895734504 -168.970269703934 121.871140211094 -1738.88690930255 -3521.02184846768
0 438.516516276755 540.611310727278 469.284719576313 441.486525007707 432.443229405087 110.540071521745 155.798501026821
0 1134.6864648194 1166.56902984758 919.530125999816 1107.49131403059 1149.27065061362 671.71491937223 -431.042744218794
0 577.852878632128 974.664672997507 1236.53265069894 379.746662774592 41.8256225845205 705.538076882151 82.7385020967702
0 141.301253101052 78.9242836255689 138.680493279024 243.685068694344 3.64309167988188 -418.002807573744 -1596.65537861325
0 -2444.60688661713 338.906655287079 119.022012145006 594.349105586072 809.775343086897 14.9604677103409 703.949960281776
0 141.655972318354 143.235355546424 114.587137271148 147.409814358451 160.068247887311 104.406630764223 99.7987255761189
0 47.8739708412213 67.7823575028687 -242.968038644908 5.93155058220887 -468.420915971204 -1542.22490740117 -3368.92342140128
0 150.284936229594 160.417992863625 -1706.35386523021 -137.308012907727 88.5975126656441 -4267.1932000549 -7733.9464344112
0 19.5571834786963 -107.695768712655 -214.593235420481 -102.232693559371 -67.3644957840345 -204.985383000397 -909.551961858702
0 808.926624563559 246.750671485618 813.357875036894 1230.8240830114 965.701597542082 778.724547223001 345.52433969211
0 1833.86698692684 168.72206941725 1219.00761920781 2645.37642991579 1548.53142758361 847.357306664008 739.364694404749
0 111.204737623171 20.5331186509092 -180.197053559991 83.4962609627638 -106.633509817828 -1287.65090572755 -2382.35344248546
0 375.707446133647 404.472509250759 402.374376281485 319.453661021835 47.0662222617736 -99.3660360937797 -1450.91066438063
0 1176.89285469812 1153.24410092482 999.717573669898 1370.6684502767 1622.97995794512 819.057778873391 2021.81031148595
0 -462.611810868882 185.82199834672 1408.11956368026 253.804391430287 423.977132139833 1893.57619964853 629.867762428352
0 404.945828475885 226.07595222068 470.925275335092 559.328737714889 -176.424230520144 -935.790744701985 -2045.00129648498
0 426.435277133361 571.720302446312 631.614319031038 415.627125883631 568.433066858403 542.639921772736 68.1514333993892
0 -384.730687422059 55.3945111426385 84.3979336228832 -366.716045823834 56.894817802549 127.91995361834 92.8144132794162
0 69.1611652710253 47.6872561994007 -304.967018731243 -37.5773364921419 -13.1400967584917 -974.749908002836 -1667.73866464143
0 266.360834290462 522.705346024344 669.433218596434 586.361006418765 879.176234256612 -140.213161308154 -1073.10424096654
0 78.1821691675009 93.4932654084548 64.6891543144812 87.8974811596981 -442.210876174086 -13.5808156201663 -455.8870995587
0 311.127770118362 -3.12325862139573 -1061.62537625124 208.334654827591 -118.567919934715 -4149.77746382662 -7511.27658568915
0 14.4195047845363 51.6758670980533 51.194550688569 50.7617471756543 29.2208673708893 6.17132498365575 5.05643592820107
0 -1896.4979638544 174.404427551783 552.847836684752 49.5412537400658 369.34101232026 476.891454374395 299.050699673899
0 531.725409951221 567.412427550084 1021.23356970862 747.232234024297 625.840966314184 -694.906461118454 -1196.67490431032
0 668.99202160369 791.389150242691 1086.85511939005 882.733294777074 683.950263523262 945.711096626055 895.036635399114
0 -2229.7714324686 1215.0439934683 1299.12946268797 989.934985117165 1209.53544779241 1374.67188117639 1286.21333077469
0 22.4183309253408 24.5587350601392 24.4670545918305 25.3474663932986 -19.5486306504189 23.4040669719761 -164.035749483714
0 359.629920988291 -330.813509528014 -56.8159018089127 196.791202163185 -302.345981024611 -1934.53445479509 -3693.42424285652
0 -180.514362052739 -232.509157957566 -390.091195792539 -209.483722403472 -322.045089412572 -1697.46118249688 -2969.99687125117
0 481.293946611699 456.713390133782 454.816611191026 529.641821172685 688.641508537259 246.64675661697 685.321694310344
0 360.299701281236 385.793357064876 398.438157359548 369.896361121416 -471.006746665297 -249.78612256769 -1817.6089286292
0 -200.28352294205 -1325.6398849257 -3459.37899012705 -847.652495564274 -437.241926514185 -8783.16702713414 -12982.588725006
0 -877.780889481969 -186.086467197258 763.592360281811 -685.69669866912 269.235210082457 1181.97759388496 258.3383736577
0 194.570736534442 196.480417058348 181.653486424815 188.755545173016 202.481558666613 104.736470472255 187.329874111806
0 60.6615845660343 223.202866406627 128.414610537371 11.6699013623394 -405.517799443168 -281.346885173147 -1304.80828268983
0 0 0 0 0 0 0 0
0 -2937.42842803942 627.871103386193 535.042433108312 -416.817917428925 358.067278393282 753.001900710849 34.492805475451
0 -870.893135090203 1192.05757906326 2396.58895375778 2121.35632554551 2823.95265826303 2810.50304617199 2934.07138140053
0 24.6370450653386 -13.1414778879773 17.0440488889192 26.6554683286762 13.3218365312302 25.2339597183808 30.5498464768636
0 -644.575746975491 210.786935958302 204.617100862632 191.555996016055 205.694696948509 185.363055360643 159.731928165654
0 0 0 0 0 0 0 0
0 450.176010632125 462.773469179321 467.798023743993 479.601408580579 493.068286625477 291.6891577495 437.699171743261
0 -321.653575731124 1076.9170384259 1573.56147793554 1650.51313026549 2005.14558516177 2091.80959665292 2123.70786348112
0 1049.61229424268 1513.53756351991 1520.9227446137 1631.34571720758 1235.15426413539 471.580850113631 1200.92398130093
0 -78.3090924253567 93.5101714993972 62.936059421433 -86.1009721234892 135.966337552663 68.600386110372 -243.008622832339
0 11.7820022422398 -21.6130223561892 -77.423906860698 -53.2398478049675 -13.2622097800378 -230.396595372744 -1074.44351424542
0 116.6691658249 126.068942751072 213.681647566633 102.32525963496 -476.859672046854 300.015947679644 -552.249067100583
0 -4158.18187863449 -105.938377448082 90.8056409400508 -455.276044777978 131.300677786001 332.876636247991 325.980500792221
0 -177.81954571387 -509.974885200971 -97.7342641943212 -239.34080341613 -653.030668147434 -809.599386449719 -2005.33015749904
0 101.697854437213 101.008743261744 34.9071002481078 67.9644665823493 0.71163872406791 162.030581304108 -279.989442874743
0 412.353274142304 658.084329840478 1122.32019757282 -633.116789350471 -177.332525600364 -575.499570067371 -2879.9534052349
0 66.8100021528553 284.385497360786 485.96294890529 346.701366997851 548.755254063574 457.586944058913 338.623962675586
0 51.7871083857442 -0.0136159827743541 80.9441069919142 -0.199193207781377 -688.838745218931 -379.985078141841 -1702.13927302864
0 140.00658795661 143.09159640927 94.4796822363283 28.942075932535 -356.120858653268 -106.861626961906 -1271.15893732991
0 43.6560790027804 8.12331686278073 42.4649765506202 43.8127886290154 33.457326287866 32.3574735706953 23.4521103298008
0 -343.308446375394 -178.133822886984 60.9161723617137 -249.60057494805 21.8135599218465 -8.25617881575903 82.6421724244092
0 320.821278886446 482.035300542276 508.178201042829 373.492305846631 421.396300776543 334.990051278974 203.607511335021
0 233.016045216756 238.908812009454 278.896566623093 265.424647998017 219.449745206989 1.97709955995401 -315.424299150464
0 100.379075107247 94.0639894925513 -634.466083293863 76.8224073569717 37.8290335574868 -2027.76061515283 -3831.28924041932
0 76.3062092798059 94.3727454664174 4.12699606133577 -29.6523922325679 38.8051347215379 -99.7617977405416 -1186.66496112397
0 129.978835847379 -474.22975005757 -638.26528601817 241.672712338218 -124.352865398476 -1839.70844870111 -2975.78937017178
0 19.4717941144174 -193.176479578672 -2507.74826531022 -175.963016715792 -94.8510574601269 -5150.04879626471 -8890.23831309167
0 -138.522570575237 -74.9192466059884 -212.854411010713 -49.7229419484997 -111.510375623043 -222.755485738841 -843.122391831055
0 35.7228794059615 -210.729794422627 -319.393071869823 8.48367918686122 -140.991120951538 -1404.26025544501 -3210.95398532026
0 169.127254309005 -220.149282495067 -3743.83404163974 29.6779131648523 -2348.85033957474 -9808.84555180332 -17463.079207705
0 25.6689051821052 -58.2871187645596 -160.074876141365 -87.4677520686664 -36.0693984494487 -861.115566674275 -2075.31597343352
0 782.661167832504 728.686778074631 671.142767100289 686.460749271433 794.985692736522 625.283190735186 705.042985934436
0 1968.43478773634 1577.74022165346 2811.71133483716 2629.9415144202 2352.47646737594 2865.13487777115 2484.28619524112
0 339.317471750801 307.056244466283 244.620413905467 311.954921545791 323.941230497478 110.501769162667 -261.951015186146
0 -13.5746364778854 6.82324994458047 1.6969244161841 2.85028973485862 -60.0437980597087 16.7349712091397 -118.713049303482
0 24.5399781340923 -59.5226714554533 74.2303861718654 76.3148427734561 -418.404733056369 -426.882483992881 -1044.00515934862
0 -53.2557851098491 129.551645539502 -1668.09184311032 -380.353798996437 86.6435811082151 -4381.25216917989 -8710.86725510653
0 84.6884525564702 50.2428486691516 53.9997230783082 89.4455485715743 93.123642974389 83.1091494608035 41.8501346066981
0 -958.079601737553 -1005.7142720174 -45.4056431993846 -664.458240471095 89.2429861829813 -143.161770269341 -352.237958649957
0 66.2155112767724 21.6486662980374 64.0269534394393 93.2606222945025 47.2960371138732 49.7002835347452 111.046989714419
0 468.499251525407 490.507949521828 521.478481057345 449.342252019508 517.855075656386 271.086820543358 299.999127383162
0 111.039871244975 2.66610085251949 -943.601846684245 7.39428002801196 44.7830449682292 -2054.4484339138 -3718.30064470772
0 110.755175533299 29.4790641228885 22.6592036050719 46.9419224604714 100.942809499313 53.8734352102693 -222.424354934773
0 -53.3341220209996 -9.84694816305154 14.7850764883445 58.5045932265092 42.2211257725968 32.5689317799751 27.7640659622748
0 -228.214606247665 159.46566397576 105.779823767148 -111.361234042916 -111.974966696866 264.660255253225 -481.876523975968
0 -31.2262454162063 -143.224826041222 -0.311472114105282 -59.15686492742 2.26408796910165 -7.21252632140137 5.85103068213222
0 -466.53820125102 92.9359175596164 295.952209915615 -271.6123238698 -496.951195721921 288.477728360573 -793.441585096237
0 293.648001996148 280.735221673549 99.3407071660924 248.498980083766 264.056879305989 346.931262007901 -24.5155396107545
0 90.036921509968 90.9646083812815 86.1442600549535 82.5208905838057 25.6748287611216 88.3001695242899 -223.145709907463
0 470.337244800676 735.838822606307 540.499915919599 230.44502861505 855.164430692343 783.187949506468 49.8226621220008
0 201.642184704761 297.883246889689 182.254476906446 33.0306393117661 -399.800683623302 -907.628410565322 -3108.31717286549
0 -414.829521270816 244.116012205889 1052.78421348674 -1213.21077645708 -920.174330182343 63.5550807529271 -2209.32320203902
0 493.509490158483 460.494070749621 358.734345746162 432.400375746604 444.382373808178 303.491551167801 380.592734073163
0 163.835410201311 224.479703568811 38.3060874958968 -79.1870194399751 -482.59083630756 -11.3332088899373 -1398.66593728295
0 106.502111778656 -105.852627798571 -21.4927957515563 198.744379904942 185.254747492714 -15.0954846361969 -2.74420730070858
0 40.1792730229409 -245.297119916577 -925.398915485523 -150.704740210531 -130.404463159775 -3246.18395250443 -6266.97165765593
0 -26.2531988598549 -79.4634643001526 -18.1759755313617 -51.8061414827165 32.9666116281928 47.3604049727167 18.6879328479481
0 -189.830708333943 -531.084478514165 -2688.11433414992 -140.506944599283 -753.656285527248 -5775.8116455774 -9578.52540526857
0 -478.880628927569 83.5330855126908 88.5257601331256 86.8885738136012 75.0197719057823 31.0587059292719 85.457483294432
0 44.5690507421416 36.7721970214218 42.4896421691564 48.081754251404 -61.1471502911781 41.1807109366488 -418.455851632856
0 205.506834406219 227.271657592304 11.1479499667594 -292.758957907703 -268.328879556978 -1005.6396511289 -3631.51665249491
0 -274.867052526883 249.741049457836 412.423199839473 469.666712090699 377.405098179012 382.54206002564 452.639065940618
0 455.197765835617 614.696435359908 771.163704286334 915.216389659467 647.932873520347 506.034978968229 797.243983332108
0 422.110384271214 579.258241811732 675.103733960896 203.534980795307 -192.134958847066 -8.94074049934125 -1475.9994870819
0 -109.786612014467 -77.4401745020369 -211.152399539133 -66.8785026023912 -152.853684136668 -153.191934102363 -508.416777273653
0 829.876374587943 1230.86089827042 1226.10484275868 882.727987885126 996.548514304376 720.502897194187 668.484389832762
0 0 0 0 0 0 0 0
0 -205.506292868823 -152.222825629486 89.481293219038 -310.631583405696 -1.00064262373007 98.025211012915 -603.318729843925
0 21.7485298337323 36.2638186943701 54.0891771722685 61.9950006173133 54.9635789975501 53.2587621098745 56.7275930926614
0 12.2059378215988 -168.933033094242 -2.85994986263995 97.2180674905258 70.0770660539641 -16.8385966781427 -122.941978902159
0 -41.6922468344349 173.473304061368 197.786103442602 179.589219289268 184.286857589981 198.937366993095 201.803550389698
0 410.575414165967 413.944679330574 387.055571494181 378.771961708554 366.923407867076 277.304866569833 339.498122495775
0 -30.5396442813551 -13.9176025905354 3.1496112889398 3.01528930472215 3.54582290723153 -10.4681109405013 -27.9871652787525
0 -499.814625162198 -232.672786043977 439.672259639172 -292.145148626751 150.024921500275 224.238304362827 -545.635614782886
0 -99.8685207852423 -442.318163417449 -1454.42298895764 -69.2747397310633 -535.700971497167 -3362.44269494765 -5842.96140186986
0 -454.015530925598 316.591663113627 278.991158884167 292.289692122261 339.687742673538 337.755631830092 328.268534700671
0 -1.35902952210762 305.786486792022 345.802935299282 -278.63958210643 -665.444498739537 -111.691377329348 -1710.89323428715
0 -733.086571055097 -100.808583214906 5.92531947425138 -8.9442189758838 -20.4967409859686 26.9382316975937 11.613494964293
0 -743.003867212238 858.345120800615 954.78082187808 830.841629461331 943.632608371314 996.080692841982 1002.30671872757
0 179.903134496241 211.719121322758 178.842213085012 160.206837378121 -137.421645837324 -74.6145193850344 -448.527958663942
0 404.994013444372 197.790222751726 362.289640745229 314.911574013066 292.81884727617 -160.719949502186 103.906499576099
0 179.716751952963 179.354576652097 184.71862665208 191.726381282232 188.271653717738 155.647439921342 7.26812501551458
0 15.6496244110806 -19.4209086088952 -119.380761420564 9.66906892765417 -55.8042338237185 -215.05684430669 -1073.5742004302
0 -97.9159528865854 38.7193120338933 59.3197637949142 -244.260509100256 189.096618335672 117.847556800446 -928.598734765665
0 -49.0812762764447 67.3837962678289 26.7735114520349 27.499950070861 57.0525234418058 58.7499962430394 53.3707757746598
0 -171.631032329076 -102.281426909289 92.1322656405533 -98.7092461983768 57.1123177763349 63.9764533654242 -483.842661726923
0 1091.70441264773 941.472935928992 928.28597840196 1061.18216102373 967.323140158944 420.933558766213 819.52878285376
0 98.6167086327185 -422.14188158141 -2900.89402350765 13.987735829078 -413.886999964933 -6017.55826808184 -10309.1868075456
0 80.9144870428452 10.7051981672173 104.075983617109 84.6899891151712 90.5114996909697 89.383822876321 3.79604787535284
0 160.343196025074 80.5919278096665 84.7746613746094 -13.0264761085139 -326.723045549296 -42.7656993894301 -918.072329529878
0 0 0 0 0 0 0 0
0 -8.18397434429528 79.7144771393757 369.577666979224 147.67845891289 102.220636472935 249.96306648063 132.270720791092
0 60.4721657648903 34.0006612582283 74.4646156379261 7.85506322019023 -158.632629241232 70.9679291600233 -489.976820151312
0 462.934468154851 426.53982822026 382.853154471143 356.099596869662 548.084678574602 647.196904301182 430.986253194893
0 81.783525396504 -97.9501399397449 -1725.79052482865 -21.4539089588234 -128.229824642717 -4115.20842147214 -7138.73081190564
0 -701.028828099727 -83.7981571583432 -298.12252805653 -884.84005887427 -1042.04920333784 393.983450794228 -2254.01949070263
0 3.4412259944377 -36.975505091197 -41.322887988584 -278.331188107207 -77.5028320968624 -1106.49439716169 -3618.12739022339
0 -2650.35737122621 -214.548374065786 60.1651678171559 -149.8188910084 29.7112340353117 98.492518438649 75.4487589935698
0 167.912526546714 326.531033990536 -549.546567184149 -5.47713199355258 -738.881775479365 -3844.38748651459 -8627.97604789565
0 -84.4579109610361 -38.3788917551025 36.1281558500688 -164.233948361007 50.7065827323961 88.3422408478202 -16.5642215685276
0 -125.046561819561 0.81489512396692 15.7434301692773 -0.961697828853097 37.2206052826503 -28.3011903376226 19.9145515221456
0 -464.308093853386 1029.10021341138 1261.38346797018 1244.02955364008 1193.43563515221 1295.86643386832 1281.10792970369
0 -545.989132243464 -378.25838673643 10.4526560415408 -712.174551232937 22.0178782850155 6.14698788412119 -516.943143048072
0 -42.2612659951311 -78.9280788747478 -516.821007247543 -74.1703414394185 -51.3769864543467 -1474.65763294361 -3063.3698583482
0 410.245407780524 467.942218675246 216.560919975661 411.12077263793 334.97227812824 208.629871605718 108.820462846951
0 220.618818718711 327.73159463461 331.694732258947 315.093785372898 277.699630799923 150.533711920417 241.903173276036
0 36.3271175615205 85.984265447404 108.18818849547 37.6201326067137 102.261559241911 65.2205565402152 -53.5392195071627
0 303.502936847397 93.0854094554413 306.174127573757 301.831937213321 287.106038172926 301.731881910666 279.467798430893
0 -7.44053436189341 -17.5057143206818 1.06691622420597 -9.8799429327514 0.481352514836654 -30.751810090974 -29.3075749630868
0 6.96576218247151 258.284227963611 210.110976248506 101.847771518633 78.8389559151669 319.990769296974 -331.162614603666
0 19.7749647593633 19.7304568575732 27.2286228463576 -36.4839395057475 -14.0308223721659 -379.910129143243 -2143.66333518238
0 228.911794779432 233.917176190037 144.233942277923 238.286439028519 183.618372222219 206.664368125418 -0.614319283543637
0 63.0029935765273 -35.97207800507 -217.063627288976 -67.7445276061942 -117.515472692164 -1142.5167932887 -2251.61084174397
0 -1249.90636595689 -655.998333058612 90.0950828836963 229.542653084826 541.680487679862 412.919718887383 508.68174047735
0 171.393786898374 159.857996310244 36.2654370977676 162.578471562326 140.589059192742 164.779594763234 21.7447348841405
0 331.213298184486 -14.1921212993216 624.809209267067 477.893154902751 597.842516513266 615.935883808558 123.513238014456
0 326.742775851079 400.875569738884 384.144265861476 419.348319425679 339.151844562578 198.925521426743 296.93692346813
0 -450.930058344742 -295.279118966137 -10.0302849271826 -220.427006544693 23.538239242148 -80.4100406674191 -108.244706831901
0 823.055848093749 643.855843741268 848.723936594131 856.924025833103 700.758305579091 371.583898904178 796.702120191437
0 -99.9647955337384 -89.1826881199277 -438.529479959151 -105.703196887643 -181.691531345685 -1952.69414009724 -3605.91528632209
0 -1161.81468102196 -93.1711712692629 14.8172467508473 -4.30421114321229 -34.7128885155428 -28.5322292932054 18.7454944122026
0 118.261984116806 -52.0131405919247 -0.926058611637302 178.022828002678 203.511038290238 37.5782061436574 -666.37109472852
0 -90.353778668136 -47.526682369237 -128.994095254152 -236.384162471538 -522.151166118328 -478.953366126372 -1826.173539273
0 139.498313752422 15.3157789930503 -0.0772977434600648 119.685547687354 -214.826496418213 -585.535544529493 -1598.18234446381
0 530.200193940597 520.464469933858 490.296455069262 504.617610093411 542.650827761326 284.469913625807 408.24173509346
0 33.2801892950213 206.783307520173 181.469724825276 112.754015178601 210.024239329932 115.023552740311 -104.54351933626
0 -1270.64820707866 -780.103268645202 -44.9129875740433 -647.062305972941 69.5669882833828 -180.516104757618 -338.582532703024
0 4.33288365228796 -69.2349631114587 -175.194723965986 -55.5616083539333 -117.105240026363 -1394.45513152003 -2950.48214706429
0 852.430782558265 894.497440739812 1132.79982661506 1179.97282925591 885.472003928317 187.207156083109 880.465012285771
0 26.5896205305565 -287.539780207678 -945.193172399594 21.3446752320719 -374.971920289108 -2860.65169624026 -5263.61812742553
0 -282.760055146654 371.907570035805 179.572440350857 -48.2912185781514 306.595871531038 531.095233238922 329.487671408818
0 -202.950752699084 -324.182758780503 -759.929288534856 -222.645804352132 -486.972027254357 -3085.15243226244 -5833.7664405292
0 -589.804588607416 -190.033319289516 179.606711276517 -253.034756197301 146.796311001755 259.523679112708 140.742427682977
0 552.333413703518 -92.2788079835686 106.723250985144 311.73293601863 -523.434579517981 -1257.08413864255 -3345.52245453761
0 21.9892408753685 -65.5232964114877 16.1515903722795 11.9091112371817 8.15844052734051 15.7901562034976 -27.2388227241167
0 -467.551208105668 -210.593636922955 15.4659496951303 -185.4131371757 16.8373129078619 -18.0543611490328 -50.7065402620752
0 22.0477729422626 -163.7108703512 -2471.80918858698 -2.81216426619869 -525.866786862266 -4487.88007686423 -6433.64913267357
0 -388.662149025551 434.789368539719 840.745572129137 735.378659801372 981.7071466939 938.830328358064 1019.29959689214
0 8.93080283653907 42.1728804217314 57.1272451258374 58.0131106554571 59.0148174992101 60.085830374579 59.1346373161416
0 534.499151671043 455.61140925592 704.473914900843 571.862709890243 607.307776492984 -79.3152204295785 319.804101808761
0 -6397.60019939714 -672.020919238177 -148.410817428707 -99.8909027599566 435.823353873953 356.298268713862 519.560775422626
0 127.8945225939 125.225385025127 114.777144374143 113.663223137286 114.390421129846 43.8452857280386 -4.23329959903589
0 -1591.49234863361 1148.605090163 1669.06045480811 1407.02327077639 1718.87210370684 1559.26866848539 1689.96257464962
0 45.8308669110552 0.94241554265578 57.7176093124017 58.1174010668238 53.866019559254 48.8103968462006 32.9992689391373
0 -335.416724559702 -87.8090748263234 259.263039324378 -75.6985389756567 143.582607556206 498.251618128318 371.224172803214
0 327.541669262013 327.108212235033 182.140987853719 310.163096578672 324.993597373225 317.208738539184 120.053278928424
0 69.7112265496048 56.9904180376413 -119.94469366238 101.443407271703 50.0243630094263 61.5892821952554 -216.117438354243
0 494.531996070628 546.802502732815 548.344687212977 697.331114941748 509.459673080716 267.425224862003 737.658886345562
0 -54.0945679327859 110.483829414498 126.409134817789 125.768446868836 112.03634388426 126.440645203321 126.822896708909
0 -107.14837917123 -115.410631529132 -3.40407338883867 -102.373555418322 4.72669224042665 -65.4701691722734 -19.5683434750603
0 -396.163060877307 -592.185200713605 -3984.25174207428 -412.216346026046 -1455.95699202596 -7374.44872387324 -11466.147855605
0 45.4148259812259 68.8804141922297 66.0716023625138 42.9811866178575 15.6690128248476 55.6938800008882 -269.272869904818
0 -1365.02301473941 1120.19693633832 1170.11189902485 910.301142759874 1202.51473199391 1216.35353763268 1233.73681392278
0 175.388428619804 144.104427801318 140.947137112569 187.194399548842 -38.6068504988414 71.1657843542633 -135.805898080989
0 19.6740161394844 32.3286599036578 36.9277209888657 35.031294533862 -0.0169266170184912 28.5095273742443 13.3687449279426
0 156.844880824897 343.12566223312 333.854866480318 -190.859485217852 -250.904176074082 -411.704482301325 -2081.54288658427
0 593.747516465567 562.907134403488 520.746921769027 622.838641755653 484.124538333522 241.408796688551 469.759047201877
0 -53.8940830824131 277.457241849984 394.31982295403 417.349265372248 394.852117347481 389.362444784939 393.048602000932
0 -1042.82545678319 968.437579680753 1470.36311242114 1208.0843682144 1576.21498847962 1523.38158901278 1583.70934544773
0 356.904359185209 142.464856325143 305.116727779112 393.392480751922 269.234264463976 81.8850047356347 398.828089679813
0 -2225.74460020009 320.128449333816 734.992006715699 -1344.83307604028 417.855783868029 2357.62282540492 1609.53058864209
0 -219.112698875406 9.70482507327358 11.97274262323 -296.721863197617 22.6517881167767 344.343177034704 73.5296406972902
0 -6.78306171490544 62.5645583809782 223.982838477605 160.719107806416 139.868693585913 186.130800609753 22.0008798666324
0 102.832824569223 102.74366848143 90.1758390520714 101.816486115423 98.2184957326408 -17.0505530223071 -13.9655347467891
0 230.670680493013 267.646762081547 293.659328177767 303.260275950168 215.165850427428 79.2481542407579 149.729080549565
0 336.193234125025 358.022531577778 373.941200830174 327.754379377869 355.944488633343 220.138076131929 301.318511067983
0 439.320863622793 432.636622100067 418.600717736905 513.720793408094 309.068362059133 223.532041404127 -164.746955328686
0 146.698914548513 157.227056932306 103.384266831362 92.7539061311697 54.018873450012 147.201398389121 -270.657197066111
0 -11.485828015184 2.94038018085207 -41.4427378146494 -132.129261691789 -11.4653985351826 -252.632916552502 -1376.70300981523
0 987.10697197251 1019.51645430875 1161.36613336344 1165.81378900741 911.168605371886 386.441195908862 828.615985637441
0 -25.3198121365987 -206.249337408536 -527.998443744934 -69.067738363224 -306.770064071962 -2193.9944063343 -3970.2200074553
0 -187.965516204805 -109.895566945428 6.82371116685493 -208.85112078156 -25.098356097676 5.58719465136471 -287.831257785099
0 45.022689020499 4.26895679044357 37.2470422702284 19.1946346663191 50.0878500460172 49.0509843665093 -271.22591520002
0 -261.407586526739 -247.488365024061 -106.312520417881 -525.074245454253 -651.493106732467 45.7095958081452 -1395.38969322307
0 70.4766940171936 76.7195386351079 28.4715748975144 25.2396868648379 -122.989898549816 -99.2247417042734 -594.352053444151
0 -157.536352920965 -233.86746993799 0.936136469183907 -138.608656547684 11.8260296235087 -7.79019843197125 -389.829761760745
0 -148.537320831789 6.79919965547134 -313.53307959041 -155.93478454509 -572.72141860173 -1012.7689686733 -3150.17990440169
0 53.8043658241094 40.6075920636196 42.6715681693429 15.984849524766 -23.0946933082778 2.81775486488181 -444.629103654482
0 -154.823819527667 -138.353722762932 43.8556713779024 -237.707348301811 -25.7880680726352 47.7750790746175 -546.286706311798
0 18.6792153163678 -10.0160100450348 12.3188809629019 -117.236543666824 -9.45288792432116 -410.484341576232 -1200.28997836787
0 63.8337065705726 -9.93559843723801 38.8851224527927 -207.43802399021 -115.581390056076 -1070.73726259886 -2866.99143389931
0 -2085.4703390863 402.16323008861 95.6157645560622 -474.040858365375 220.310631590298 954.382432100999 502.689388828133
0 410.773364429189 404.877300965896 334.318698308601 389.344119082258 515.037878949761 352.189885539138 432.521500082381
0 -141.220114308159 292.58770690653 361.291014596492 362.328405135868 349.656989522266 367.838956907499 361.774946591685
0 -117.963103078129 106.436211768527 -67.8069512380414 -39.3363792572313 -56.8106745930529 54.2582239443427 -601.236795368681
0 83.8874090643045 3.48377394464691 -525.456673634613 -59.9255441255289 55.7618171633293 -1320.81158635367 -2823.88791092121
0 -301.636150778747 -102.077425821965 259.021870018404 -75.253186483316 140.432265439758 257.228475844722 -589.056761772682
0 20.468062195078 20.6172122202553 17.9286302562458 18.9540359276185 -137.123281980072 -96.0726883505209 -854.894487611675
0 251.295752024735 496.607630817445 475.901681676391 343.616223754065 458.13162440557 240.912637287801 -40.6917011649421
0 -2609.92233387494 -470.12029323228 -74.0082428480083 163.376489104384 194.170712817436 133.935614458809 311.598476982379
0 115.721698725956 110.310036271069 72.9579326774702 -14.8858772506725 -144.051370065177 118.285689081817 -849.243931911022
0 25.1313373118819 -112.635705527111 -3.54538194075135 41.2660990897391 35.9288127687171 -19.1785961033153 -1.30593723241721
0 83.2720416722452 57.7671388607407 -223.123481483892 49.3338147384005 -470.30663183897 -1426.672558658 -2813.10769495095
0 183.948945763062 898.165849984863 967.806738951145 319.245889190632 675.278941084195 1396.16826691038 593.54365198246
0 93.4432903383422 89.6233916898647 102.852365154755 119.312486938068 -38.6146351653984 -4.77719321565434 27.2934000349729
0 78.9516702237428 105.746334605405 70.6424416104502 -0.325616835455435 42.9961752097628 -185.209509452549 -1018.9894090719
0 18.2345926550466 23.1026094230291 -139.246545757505 -72.3808779742915 12.6310904471675 -724.924880794339 -1691.43702311629
0 23.3625466043811 41.7513561525458 -123.711081474267 -106.454720749004 40.7847493285428 -846.405626783806 -1699.72549677428
0 347.205496705728 353.304702378086 256.937411387183 350.199916939457 370.343704427271 273.231078653286 215.295075715956
0 -18.7344462352944 10.7596138284574 -14.2633473268878 0.688532714765216 -108.541190644728 19.111621063594 -234.563552033446
0 290.576053767164 304.786391932276 379.89032167546 330.832233868605 314.674066295438 -20.3363632179709 159.351203912357
0 1090.79951429698 1092.86125095509 1199.08012391295 1163.10424883401 1115.32790895391 407.199839249663 1065.4328527256
0 -79.5512715140595 -380.866483776107 0.724635621483159 -177.220141957793 4.32056973466655 -14.4402131294804 -11.1255942744782
0 -90.6489999442863 -233.244779177758 -9.63857707128145 -129.087137340003 -0.0561438824325151 -23.1504442439809 -46.969871504523
0 -117.059214015674 142.178872607942 130.620131798958 143.286072609326 167.737125403957 171.599080157603 144.871159327679
0 65.343581129685 146.4971383109 90.4485183706918 -118.266415780961 -247.772408477227 -84.6711813102014 -1036.18302684423
0 0.769947410951697 -3.09442376319674 -0.715162420266873 -5.85642891917933 4.99848615096456 -4.56929800960192 -40.6226853807712
0 66.9881796144261 86.91006491883 41.2801500497496 -145.189598975483 -152.616873431169 -218.807064702531 -1499.49655721911
0 579.675022106579 70.8042779467281 464.705523133672 785.507525071602 500.442834583292 439.316785039411 387.769181443687
0 6.28712159673802 -30.8384951820544 27.0720327638546 6.53491476461377 -84.5764964682966 50.6622481074689 -324.170002108851
0 192.105905901794 193.710357406559 199.203251780824 200.825239505278 262.039771653143 102.407270168484 188.261221747201
0 554.939318436581 551.49319413199 604.248495316042 620.350600305602 533.301953448586 285.554296323419 646.288591848409
0 59.0351585645122 56.1722835901971 57.9986238946251 46.6324479028936 -1.43046164050165 58.6301843409307 -185.61232361195
0 305.934651779655 574.73151420608 1006.97851384962 742.821205261895 1001.76231892751 1009.068617793 360.475841778731
0 75.1889194250078 127.426640826349 101.025721371417 -87.1633360619421 -189.131376883825 -77.6976284959475 -852.518228831355
0 -185.76783300853 -66.4788055213075 -82.7406608467952 -365.544493812026 -560.552570435512 -86.8580773497666 -983.306267654972
0 96.5530392128357 42.5501694920909 6.79148376872448 77.7444762660974 -149.977624741804 -22.1218293506467 -923.485603270287
0 315.716146811894 274.509509131915 229.521145813073 330.078840616177 240.433189405608 149.716565219872 206.108389121601
0 -516.302264014443 497.935223049537 474.326506460211 424.528389314584 487.329971352256 441.444765669764 479.716265095681
0 -282.926181482275 -244.783255015661 -226.254854695631 -230.112842762767 -335.987816852348 -97.0150206706812 -709.215047784827
0 -548.463704512723 -221.618873874949 -237.669533792531 -517.534729616323 -209.851833480357 73.7583475059648 -402.799207289333
0 96.0874000803138 130.642938208475 119.705947888887 101.255126173131 128.144612011238 149.863870064958 90.6592441747382
0 -463.495907415018 12.7654273561502 -2240.67506604301 -320.551670573354 -1179.68904346985 -4123.2485781274 -5728.29881093039
0 -1000.96959879099 598.924554670731 606.939662824028 499.201586574423 600.867182203068 652.011541337229 655.091568494126
0 188.123105552683 228.12937878128 124.144956497989 244.876110800099 254.100660950446 44.5784217121151 40.881839886751
0 146.948270677525 86.1333130324943 101.326998277168 -73.6145401925421 -464.398695515869 50.2069186855225 -1328.1171637147
0 -265.204911242987 -528.668242493712 -32.1410901496915 -58.3169982336407 27.235570503933 -116.977432749382 -151.131885386046
0 -108.74291981619 156.066853674379 75.7076528922003 -103.37442119118 -180.465699385398 262.523713441528 -947.206007414313
0 382.882521629568 407.624753642353 300.058658902039 411.854499126557 345.464583677333 272.776067565839 232.557767931877
0 310.251501086337 289.448274385069 298.093398115967 302.440000826053 46.6474163806603 248.460790965851 -553.549178577805
0 -782.579540825749 -251.836894099751 163.360797476532 -525.627053480957 97.1624573044013 30.4940364680747 46.2581353781978
0 201.506318112344 251.535933577363 176.227224981996 222.716650416327 227.522085404737 52.6618475555841 0.917897874546441
0 338.043932929871 77.6749809576603 272.069345093 337.776826295918 186.328144971921 126.887397885267 -18.5166291814388
0 67.2878425246623 164.62809423472 141.54716927612 97.2307740760796 120.389009220955 -17.2281026320906 -81.4540101817121
0 -23.5672051292709 -206.331692329913 -1026.29026769842 -174.084487215368 -255.710358366405 -3198.63458607658 -6231.24432015372
0 158.729842419422 170.2216479392 137.033218952438 154.446784438111 75.7550453830615 124.444530206066 -161.789050088676
0 -13.2573319614158 39.6337917489668 40.2974322635544 -63.0871177870566 -65.4870354146629 58.9972861125125 -440.474584229341
0 56.4225380095478 153.078524873634 133.418518722442 77.0865717803192 41.5581515295469 147.920737950575 -339.72720533345
0 2.95223419238486 -46.527132305187 6.49065784333524 6.36951821668622 23.9307511782319 -9.28081118829824 9.11297116241715
0 -57.5438643755438 30.2205696718975 27.1385648993246 3.28468528564675 20.2239272097731 42.9464235104425 48.2442852347745
0 -1537.78597215371 709.258586174139 630.616750876977 590.002538084843 713.628117583921 816.728002740092 775.914226224368
0 415.393167262941 421.008261387283 460.226655089761 416.721478411609 439.956152972394 339.828522680835 202.953125087577
0 -61.2911357133137 78.2423892529154 149.88086012358 -64.5389500066697 158.933537005254 181.317850231496 202.465585043224
0 92.7112185704165 -238.256642236301 6.31501119345319 202.889864397183 162.964419659321 -10.3651845160686 -166.317800391433
0 242.589748915199 261.613444903193 194.901405820413 251.369708192225 250.533455406888 192.319050497896 -140.819049829093
0 31.1443205851487 37.2783830956577 41.6766712490614 -83.1257766486668 -41.5366889259288 -213.165782841706 -956.711671318956
0 243.785449878056 -262.70253879369 -75.7704823069907 320.411450626721 -183.962702830404 -678.193174338414 -1451.97871637371
0 71.7811411226493 104.907144441245 5.52826184878268 -249.251564600204 47.7795230634531 -1314.95760684079 -3153.79289530193
0 329.32461466511 337.788990757376 294.016331658458 316.292022045545 267.708472778759 302.376334029342 -210.330437816357
0 -344.753876913016 61.0526968736993 -1282.12058430149 -192.447952326993 -959.28478506559 -3073.18318394028 -5166.73547955166
0 -1837.97202152998 1679.93756191254 1837.87088621881 1641.84463367615 1744.86105883035 1840.36322192004 1757.16508173318
0 -99.5267695073398 -252.357135915212 -0.110755383969398 -167.954992181486 7.30063751885802 5.16564953927629 29.627875246342
0 -9.48404692560541 130.954678354679 107.937026417963 185.764787085725 148.633031868279 143.223358909365 154.263132453446
0 -33.7907452385804 49.4564745135957 38.4209687240145 48.3889589127778 59.2011221865205 53.5970168997415 34.0103532839875
0 191.409612398251 -112.798100968601 -743.688329899536 52.6513221455974 -1004.12467582465 -2254.37423268764 -4358.73563761436
0 -8.44300506697462 0.831437463919519 3.40892181390418 -23.7935572069433 -275.165879438696 -505.429118610813 -1578.20606298283
0 410.091917047201 402.783205229893 350.205856003587 475.959408611828 509.145203136324 303.932626923138 101.567235660891
0 29.2021002364868 29.0358208158544 22.9580702663426 26.3434504420253 27.063125558223 16.2168119862788 -36.4601435277554
0 -12.4930691041021 -37.858920051187 -88.3296058886644 -84.6289336040445 -21.7999834596585 -291.651144535356 -839.358978940564
0 0.547638701534648 0.790112610340281 -0.611691636908807 -4.59014216433557 -10.2901362612934 -0.548069051279041 -81.5652575366059
0 59.3459675885175 80.2825880825455 -33.6015511244136 -18.1907340261958 47.2648507117302 -759.471148693233 -1862.22915347135
0 -216.405932014751 171.319282818735 224.606270667942 181.740144128519 227.519927625016 218.272146054384 225.344315132941
0 -12.0933272970492 -101.026827651485 58.3872561849369 -55.8681275527393 -221.975953601362 28.1656724202257 -738.612288576599
0 4.17127202831698 -16.5862522756063 -146.144825209301 -139.179684286127 15.4665630742888 -702.619351462577 -2097.14413365402
0 29.193628930532 -8.50575087197565 -61.6576849478759 28.6554814473577 -48.0689508254709 -63.4206493343873 -777.568546773571
0 105.189533482944 159.986313628183 142.967788236221 150.404086675036 146.117183735739 26.7242575332766 -172.317444490809
0 27.6714928522288 22.1973913963762 25.9826303412512 -315.20027734805 -214.811108851382 -710.532796175884 -2220.03547074996
0 39.7311128887397 -110.886339194488 -233.039668633125 -98.8360501421656 -189.791157938129 -390.558004159419 -1222.16336176817
0 14.9668580266864 69.7572662260704 -76.5189473684756 -91.1685528812774 44.1355984304233 -976.373389836913 -2059.50290313665
0 -23.8326783325937 -205.160866932889 -635.243447098095 -148.038146496878 -228.812968102235 -1813.38609678069 -3434.48243193928
0 125.00252405141 147.481029129938 157.964345321215 152.468654287401 150.661851764774 50.2196140949446 128.599278549944
0 0 0 0 0 0 0 0
0 -0.764706203953301 -25.6732504903427 -20.4601255807557 -23.1666544213184 -109.316355376963 -10.5559764723006 -561.659783498632
0 -65.5448221332148 -101.56250982756 4.88439288755886 -15.075537788442 5.56132084898001 -25.4274773464478 -7.66005340863849
0 64.8914711059606 -18.6424216842202 -201.53550519649 -27.2349581713349 18.553245108697 -669.760158245062 -1439.59705143101
0 -399.315495424495 641.239438513123 819.034150281175 798.417170551053 956.707938124484 902.760597955603 943.423417153298
0 -129.644318536604 200.81723306269 362.87630054979 379.013178806446 329.736018281953 327.999766253958 398.105823972803
0 -593.615724544858 677.105349999043 796.991642585152 846.351306844702 738.462711140912 719.048004739263 804.361314389802
0 -41.5801830014866 100.515864821749 71.3127012298964 -10.1123005670424 131.320129996204 326.278529238363 159.994667326167
0 14.9316901017864 -11.7645685805237 43.8349227756 -36.4923843253881 -117.621286256661 59.6771326243464 -587.490465419655
0 -4.2874839140146 -54.1405040239184 -1.09205612903005 -10.8091795727504 0.100038539625018 -6.39607483074254 -4.02011774347961
0 357.673832561756 462.268913040021 384.474711265223 433.548302774166 438.774711372129 279.25039227055 131.817134262785
0 322.69433595994 456.187216389565 472.34181356111 420.267302695668 381.847155406416 377.115731840556 273.042819460275
0 301.410983266161 302.827834060989 329.942810836879 335.72854000422 300.831354954474 116.55825466662 328.258842684431
0 362.876383513892 372.006099913864 347.862402964826 374.461544998352 354.448416365104 222.91331490444 330.834814652554
0 94.8636925352536 33.00525416262 104.064476346869 -151.194304940494 6.52873862573404 -440.205376654366 -1689.45356802991
0 -392.303987993344 -104.536620373922 -0.112795870034716 60.0236507513956 50.4047550025962 77.7046261085817 81.9311673726995
0 -77.5377296766324 393.222271985554 583.555205932551 622.879434295501 688.748412815432 690.934453741626 686.311146970925
0 50.2896957480679 75.9876617099293 70.1951188827173 44.9223075849963 74.2339458443175 88.8455688649174 -31.7761261333761
0 -60.9320852428957 -25.7894200433442 15.0640309576048 -53.4336191682587 1.3412148230543 -4.82703876917662 12.7165198971479
0 270.456844885134 270.537964146019 215.850821203571 281.015742023314 324.035978960126 260.73315751074 146.424963127295
0 0.364332995341776 -9.00348003869678 -6.54675233422154 0.246207120659668 -67.9192660170682 -6.08249391222216 -179.683976458818
0 18.8914901045762 -23.813715237794 -122.015012176519 -68.3732757603182 -3.98002437539381 -524.390500377867 -1115.33681355594
0 -35.1869654765671 -72.9728731978967 -25.8446946136011 -98.5464177378167 -230.58536885816 -23.3380974819945 -475.620635241435
0 174.297453839216 175.374410087951 180.975041108303 176.080612887901 196.259090005214 105.305227352735 157.90072332352
0 114.912359622921 114.283502208108 100.513430866525 112.056655947217 55.1604243334189 102.296235625389 -122.924308905922
0 -1284.77830176155 -235.305315082868 -22.6745970538021 20.2103561021692 62.3786657189408 80.3794393897273 79.8244290893261
0 9.27610236787553 -12.2624416501381 -57.9306516233137 -31.1800981559141 -13.7611270354695 -134.353688247614 -694.03651915468
0 -1842.14742418654 1408.15527994084 1869.65615245301 1493.77325517832 1819.37611091728 1810.84695666776 1783.50473291947
0 -14.063710067897 5.96044770217449 -98.3155030704309 2.56037470054175 -72.3404722100404 -171.404159266904 -1051.77669178528
0 -1.28519668748821 -14.5258525823854 -143.645134936723 11.8479494402369 -221.037905206624 -909.447468025461 -2248.49095465765
0 91.502284262322 111.298921219124 114.908678061789 112.995893418633 89.1444034317239 89.7878208109865 -119.346612327757
0 -198.2694370668 -11.3858552487521 -1062.4472319623 -104.317767305322 -659.666939846523 -2428.57986025204 -3726.93822451222
0 222.528472368629 107.004421965707 243.0605585311 300.044760720272 302.550740671274 -13.3112001869533 305.237055593115
0 -1306.26436609566 -9.2983170877782 -3307.10593513801 -1028.67026217606 -2929.45750312436 -7219.44527623551 -11196.8178080101
0 103.010258909154 44.6686310895358 26.4800760418847 89.1723707212013 -133.159157412324 -20.9344761640621 -597.575899296175
0 44.2138439653269 -32.4914180518137 -34.9168438839292 59.497822875114 -50.1203226492447 -64.0183378804838 -742.727787785328
0 106.193550404505 228.140097767681 205.908920960659 154.553585802887 226.600309647641 177.411161230869 130.796942448005
0 13.7381872927804 -9.22226745593412 -58.315137339945 6.41583287856341 -26.2730058671711 -107.943689266035 -522.805004069076
0 -5.37403613571153 -15.9114585147553 -49.4949491431659 -88.290423733823 -7.74492952508446 -180.671021631526 -916.898549117492
0 -261.919705330326 -288.244469599326 -196.515497955743 -379.637481655662 -1530.11283951515 -2591.97309650865 -5719.87966385937
0 -70.5768871793106 -12.6507836125338 -18.4774314225061 -60.1900303266679 -53.1998973575056 72.140883494098 -120.618128572511
0 89.6612715628292 37.4234949585593 -170.464763811363 19.4050999364979 -47.6097065914404 -1747.18929133636 -4075.00885640117
0 40.0746984092049 19.8867269764388 -20.6032397790192 33.5831922829416 -45.8364471363481 16.3890023762646 -281.912068861377
0 -309.813462390376 -92.5768787338359 71.5262866981305 -321.769661901881 24.1732334895311 238.027425246821 151.514068499706
0 20.1147611895556 -2.29451479564372 -2.24297295996033 -56.0970252349949 -126.696627225631 -0.638570816803124 -439.085619182249
0 -101.492669912541 -137.077376552595 -118.773608650754 -302.957997842381 -484.807260853037 -77.0857590559459 -1035.57441334444
0 -0.283421208880164 -10.8482265240013 -9.62515980088837 0.314285808772153 -62.857818415883 -8.99590555801946 -182.948868704594
0 339.118783289033 341.208429634622 285.182521043161 369.069473919768 321.660842001285 284.211668382487 114.011061977412
0 -7.20007402600766 -328.869145672279 -578.17258089815 -31.1553826362758 -245.740703484332 -683.663180007397 -1345.3184399673
0 15.0342183262725 22.9223122561598 24.5524220462995 30.7041704618768 -59.4739317745873 -53.0696089402892 -81.4774342874463
0 141.88274020674 67.0311210134578 -52.6040957396841 68.328135346714 -430.847816210624 -965.711392411042 -2839.08046449115
0 21.2238464162867 -97.2514782807992 -222.571236833313 -140.40019378962 -82.1538294434078 -437.776540745137 -2066.20150810784
0 106.438448221022 42.1001188186464 -60.5079492752085 68.2230556432781 -243.238208246003 -539.449743513719 -1537.10898891301
0 49.1366852885957 43.2835059923199 -201.605384975175 -52.2953734861244 36.4641300691304 -1015.53873388814 -1611.65392814835
0 217.272966013673 230.186539810236 192.623663792792 177.364756617901 0.852754230201924 184.067495124766 -526.747806793895
0 149.281275245599 150.772728250534 125.282794457826 143.433736568542 143.054645656777 69.8820961084007 117.560999386857
0 40.9312095729001 58.6986699572566 71.4629640930233 68.0854442039122 -22.5339002132568 -10.2997373905077 -8.80358466909379
0 -1364.44684327055 -91.0600341002708 27.4837282388329 -38.6978306628538 -0.214044003064906 -64.204690825394 27.2573681656345
0 -178.519139573499 6.67886246248548 -1356.38246531369 -85.0541541314273 -838.402343182753 -2416.22423426702 -3286.93437343615
0 -49.5267265431396 -202.776640628788 -671.112534496847 10.911552202835 -594.673907502443 -2657.72548381288 -5098.15332076289
0 -9.99081042362903 -119.633645168874 -335.794797441317 -138.302141047042 -138.557945676514 -1178.53340459788 -2529.5606981291
0 -907.996192606023 -176.812936595049 -22.4813817768944 36.4229596656927 111.098242005885 154.309198321047 122.074641433985
0 -199.391658449959 -187.221738588894 -15.6601372872631 -267.638870255139 13.5040581488818 50.7594758708271 75.3334674975168
0 -381.538735178435 -699.710406120037 -11.9952783612891 -108.959642188862 -5.94504082358677 -66.1787439930265 -83.7277607652987
0 0.265653580941782 -39.7525435928801 -15.1658857911209 -30.1882328088495 -135.751580657973 -19.4007143830024 -503.305867948358
0 -279.745995307521 306.799247174972 299.866019984214 290.515083081136 310.780760824485 271.560264067021 316.182922212255
0 -756.29621582731 -146.204629403124 -1484.91457792011 -632.696263655987 -1412.78810946838 -2991.75722131721 -4426.59084192478
0 -50.6723374888897 19.0019997897481 24.3035009274277 -12.0440365858473 6.89617996914561 24.7743477665545 37.6866224296925
0 -0.0324846711350801 -8.93680875151207 -53.5074785411773 -29.2255546533181 -170.055052299178 -55.8897496550499 -549.789843920519
0 218.891308806145 220.152894265528 178.076962945499 214.843409875233 -23.9970161071942 172.00115632574 -78.1220786466928
0 14.9168450950336 -66.70089874698 -175.397094252711 -100.289509244129 -28.9554719066518 -411.833938519845 -1862.12926242256
0 49.4344779574433 -306.836028750855 39.291993083657 54.0713714773324 63.5549654412731 30.3350533136368 -268.564781085582
0 86.495646112247 99.5175233506213 76.8262220687335 80.4883501813396 -60.9290626755153 73.1714522278782 -413.168969634232
0 -129.589268254825 -14.6638009449239 28.8334292527295 -26.9231174949642 6.80036425127679 29.7502088882497 35.014106465029
0 -19.7432104372087 -42.4149093358834 -76.5376942960351 -30.9632265589746 -121.839348352289 -77.9693804021456 -789.116110430358
0 7.28373361899638 7.92972227794268 -5.89562096774531 -23.7328973775506 7.64496842515265 -184.036277026617 -361.249915642957
0 186.654517186988 389.655273626204 403.274151817589 227.995748152753 269.586569037957 469.701888800671 -28.7346331810325
0 -502.68509813868 804.061877021706 856.143179049506 732.74299375212 741.633393144371 936.730768199673 960.119633721948
0 -22.3227590463171 -112.013100905845 21.9693448317225 -66.5877512095176 11.8700664024273 48.5122731444276 72.2243402193295
0 7.5969177414643 -125.487641964366 5.10238429857277 27.0982616324546 21.0897654582059 -2.19891519617911 -55.18146834623
0 -19.9820875123678 -74.2018878690392 -106.130037515259 -14.6923576676661 -149.522474218015 -1122.22237244403 -3209.02911002076
0 -1.91449251810311 -4.96687423347781 -8.81134282137104 -17.7593243946385 -21.831789798676 -177.198586282782 -544.265507009545
0 -22.1085189910786 1.72562606474214 -52.9715665759084 -65.6375271018466 -31.3711402739723 -103.815398589051 -802.113704400987
0 -2108.32513757104 -532.680286144225 -4564.28372264906 -1944.90319203766 -4432.33804598545 -7663.26400885833 -11347.3370288298
0 -25.6536774171976 -6.36286776986819 -11.4379964930171 -37.297773045843 -255.494065375802 -535.72067579623 -1356.81432513131
0 -48.076365905902 73.3169412850035 63.0871194054608 94.5842970098624 88.192187169603 65.2648418510233 65.3507842241862
0 308.158875969219 309.304059987734 249.456615025738 323.75717548204 302.993705624922 249.36091516888 171.914121682347
0 8.39748077844158 -4.47856765440309 -26.9153014716711 13.4924846732789 16.6399338828493 -82.7379487138014 -670.515107503587
0 -33.5497750998039 275.576555547411 251.316104442515 71.5439898735185 60.8065414070894 342.179077436408 -527.728079298065
0 28.6620800899378 56.1784533990261 36.3490706821033 51.8952409500264 25.7294200226299 -37.0857935577253 4.8537657153958
0 556.12997986075 530.86486229656 626.304437644432 666.991030759399 1348.18452490389 897.655613598093 1194.29126513327
0 964.008275325658 966.282640425197 891.974389274802 886.93155495813 1010.31295504617 637.815450122641 844.449477346088
0 165.800566115057 93.7676593082801 183.815089973129 165.554009609519 168.053650584751 186.679970836667 149.103350532554
0 15.5381259140523 92.7932257824849 -486.222487745556 -43.7377358713152 -1655.34450768733 -2532.09613495089 -5349.76735072813
0 -18.03186725878 -4.88092784045149 -17.9450200946056 -16.198376567833 -317.893411762739 -608.974732071641 -1523.84519133314
0 377.198785302633 376.041712896156 403.687673625381 403.642515665563 383.75966296615 191.717610629762 399.22019539959
0 -39.1122148144312 -52.1357691176628 -72.8099775411218 -91.7310141132425 -134.451600782473 -13.7419483573877 -711.187563846156
0 0.14395057586469 -96.8105122102615 3.31626524782608 -38.5137526035718 -0.310038516276139 -1.62273675344393 -21.908362018241
0 -58.1065548056846 399.127835353489 343.662656980301 209.882212784979 416.442161402898 354.69816528245 380.213196103135
0 160.143199798204 128.410584853397 -24.662554908087 105.572075907321 -77.0220959382092 -1140.33667690203 -3021.50787989783
0 -18.1182817940065 -52.9503776226525 -55.0789132748471 -62.4506849793755 -135.463868548672 -47.5700858654007 -269.174694999353
0 -56.36978904906 -70.054482823509 -33.7086296588052 -77.510895452615 -496.318217977664 -686.626340301572 -2116.07712358848
0 42.0231698518515 -97.9600338298243 24.4074825417895 -27.4140449307865 111.552461481602 123.445815598146 102.367812432668
0 106.614461898485 37.4624455803092 118.294906465217 105.231156558048 111.876024707813 142.603476365645 108.046698552294
0 -2787.06045865454 -690.26550792071 -123.134720717249 233.14601216879 629.127782895659 663.589138242103 627.578440801946
0 151.658321432658 193.491213775791 202.153443388032 160.908644098787 197.629950548454 142.018886651839 93.4217546024764
0 -1.13724277976436 -50.6445522927491 0.78623984727338 -15.781563527749 0.495840475218634 -2.72682958751248 -0.529794113394006
0 -94.42444080033 -64.3733595091495 21.5971229774684 -71.0115813462002 3.69691308233085 -6.55523468173145 17.4204946770886
0 106.095183701237 -40.7005864389953 38.7389951853759 89.3599120321205 6.33471135359815 46.2944955537993 114.063201403479
0 -17.0172219585877 -69.0101602679258 1.7066454958354 -2.12861140955975 4.32762232352961 -24.0523392732409 -6.77086924362115
0 -29.6267005600337 -29.6710725601098 -81.1297602330468 -76.050482107766 -36.1124414528843 8.41276882169596 -709.807774464094
0 -45.0236175926282 -170.350594992284 -230.509853429615 -20.2472688629157 -248.506938551338 -1177.92374483027 -2777.48258862042
0 74.497865733131 81.4814494512446 83.3987682158306 81.7579036860921 77.0456848332134 49.2166899888591 79.0224929250483
0 32.662041414371 38.9606499622942 46.8338175257114 26.7766998043463 36.3128583280685 53.2233509645841 -553.657699673413
0 38.058941024147 -114.643591310328 32.2523414017634 27.2037885169868 11.0239257157088 13.5376524281152 -11.1802474241454
0 48.7106205761413 54.3960075487527 53.8677108331778 44.0191763752925 56.9159331517554 48.9769463773915 50.2943063831942
0 96.6916369277336 163.715761825811 174.430217873876 91.6647233476126 155.315540726515 245.878161450439 155.219697888113
0 -29.6088479129366 -27.1085248976007 -33.0159509441237 -17.2745060267032 -43.6593924531082 -15.6574374533229 -277.216508416324
0 14.8812443781319 7.44730900607372 3.68084929529338 2.53313343024085 -102.994630136266 19.1541767273625 -519.087846674885
0 -45.0843944354846 400.295876058279 632.899310884331 691.195643387097 768.159145282236 771.170871586817 772.975138349873
0 105.219872069381 107.340559505813 111.265585204254 117.003667511403 75.920377355575 71.4937275640333 25.6121983337102
0 -2.19506910154247 -53.4969852053792 -0.494613313245368 -17.4959795585239 0.237087631287028 -5.23705443158429 -4.9409479845519
0 33.9074006107454 -135.639376906001 18.1756681052641 6.82345556361911 14.2981845336693 28.18981026469 -29.9047256442253
0 -78.1268539617941 90.561420029983 -362.972607133535 -26.8041020338669 -403.48585766905 -1312.27581159882 -2613.93137255551
0 -57.1521297608107 36.2607326758745 29.2631629498526 92.333516130687 70.0713779595426 71.4614587169005 61.4546108517818
0 -10.9251074356282 -11.1737404008484 -48.2822863931605 -19.3089156996342 -56.8118040247744 -422.591438955303 -1172.58290374051
0 53.768947709126 49.743610055235 40.2542257755713 77.3265562639848 -55.8851162091056 42.9797286225229 -335.62033418209
0 52.932832211859 48.9727543296698 42.4387881907477 72.4458407236185 -66.7413085503721 46.2655188902551 -352.182424316807
0 -0.967171504672901 -17.7514966640198 -33.007986805371 -21.6653349059599 -52.1323297274955 9.9742622369918 -618.634178830641
0 398.992955121651 399.65305943015 368.364285001155 401.861519143298 392.96309838197 304.764249050017 256.395490017097
0 205.01707594331 203.167175545327 198.740433124665 196.444194919715 170.104884728366 192.568889129907 -196.446850781156
0 34.3866619484973 32.1351122545514 30.9866106897244 34.9364876572059 13.7817302175222 30.4745466540343 -108.18265427158
0 18.2183061331344 1.12186758448202 -86.3517698679543 20.95569769571 -49.989112529948 -104.757669476735 -716.510638875801
0 -1448.98267118189 -747.935915383256 103.543941864398 267.682332239629 742.799862253279 518.68492280036 660.962198334238
0 69.2572149558151 24.157726868698 45.307611223191 97.1838532006431 -133.941467885663 47.2507875709681 -844.117897082537
0 -14.0634452343689 1.08167418813655 -3.32046590530673 -1.10874980425929 -89.2355335277347 -30.7503445696427 -235.655585474787
0 20.7062802438544 -30.3055996255759 -30.8982896452368 -70.9526305103673 -16.5724667069749 -21.8879702068134 -887.208060981126
0 203.803230556052 122.057523712096 208.341125424132 205.881140741004 192.508862374595 209.235045655215 193.847593088824
0 -31.9862668388415 96.3378038337268 199.223564936431 198.753221796918 175.893054956419 187.877847046033 189.953898750366
0 -11.5723366954309 -4.11358269699496 -3.97412086753035 -23.9365153512248 -30.0192277639685 -272.046614435593 -1507.3278558721
0 -190.641892179894 350.955576584982 774.624997630587 735.355916961552 884.848795626711 867.987095185563 901.591703310736
0 -284.532179789848 305.527544174709 500.679597850519 384.521192977641 575.167568710316 613.364529553059 593.675533722851
0 0 0 0 0 0 0 0
0 25.6837085031898 -81.4365180212807 -3.22719914519737 -0.147014255136355 14.1061083685947 -18.8435545613313 40.4462958593505
