0 2.6317366626726 -2.0505794456447 -32.4557659795786 -1.76929086025807 -22.0254862469798 -46.6632853340159 -59.3226173821095
0 1.84750060950461 6.19551857047242 7.23199334200294 7.05960844562214 6.17809581049601 5.60023852856596 -1.70333137595865
0 8.96078296135881 18.9640599552198 16.4130403597808 20.1702263958242 9.82351603825569 8.82442827475406 -9.45208145652171
0 13.8091888724214 17.2485682409588 28.788949705891 26.0716582273899 33.2035791104719 32.3088830844859 31.9547547772803
0 -9.7333373051687 4.67526640454269 10.7259784153274 9.72598384299587 10.0659659999455 8.96038638884291 0.76761766298582
0 0.849316695629668 2.14795390435859 1.70501892172746 -51.6896846861513 -5.3426532734148 -34.4278403572919 -17.0781143409378
0 -28.6855871928022 -43.5734579287 -101.781264305867 -52.4839769010145 -112.544701401602 -136.830480467257 -169.652566286165
0 0.32964475486345 -2.0648751260521 -7.47296844761848 -18.1850427504227 -13.7981042220302 -25.7374342928775 -44.4842293128083
0 7.2539853084524 49.5989684834842 80.6210462332346 80.3785905085142 53.6954298105238 82.3097555122776 50.9070850397395
0 -14.4415293953359 17.2981077755109 58.3027851719838 61.4287695599114 73.4394898664979 73.532096797412 101.917148860029
0 7.54524212487005 7.1939705600638 7.01280030314093 3.3163815865639 2.44585628344357 -10.245405750006 -16.2787856643581
0 -0.90837758003164 1.7350428749161 1.01974541217123 -69.4493219883941 -17.228818545931 -14.5045145937447 -29.5215616623214
0 0 0 0 0 0 0 0
0 8.82778227814929 24.9185833038383 14.5801989167032 16.4116747984773 6.11499433723234 -3.84392835538398 -41.2033653958834
0 0.349449721554313 -0.846346797836151 -2.8897106477438 -5.70569740240035 -10.69515267319 -3.09347708342348 -27.3670502361693
0 1.46296308496885 7.00546359175939 7.20668558226183 -35.0233221606699 2.96804376646065 -19.2928778791266 -3.71828576880793
0 4.00434056234337 11.3792603462976 29.9010252551756 25.5138832984036 24.9478700385498 31.2541130307202 22.6166211306022
0 -2.06990434084349 -1.11398437775143 -2.30222409506472 -89.4859419436309 -27.4186328321568 24.7930676329002 -42.5555460219311
0 6.02287811010716 9.63861898030683 -3.73488510371217 5.31560779736676 -5.71079381693731 -15.2939184691454 -35.9210061876706
0 1.92961727160809 0.905124093435738 -11.7988389581341 -1.21025161223614 -19.6531082052819 -30.5517651785154 -47.737421437282
0 23.7968928775618 19.5011842643497 14.8777926438812 23.0113029400436 11.9860942227161 4.95689608399452 -4.10115217946904
0 72.1639892452736 42.4473817528034 26.7652540247281 75.709927779704 80.3989154435641 26.3842564476434 89.0486235153939
0 1.35069851060848 4.51571248532152 5.04026468165179 4.83012295104874 3.52706799995752 0.616187344403781 -6.4119120101472
0 -2.07375041672713 -8.13153726401855 -10.3757413274883 -18.5819045894378 -23.7311549353904 -8.06190064305311 -46.5441843129402
0 0.951877982542769 6.46628396461356 6.54116080169944 -19.88402186471 -0.402406647230841 41.0356798446794 -8.15274271103134
0 -1.86952633353615 -7.9894441184269 -9.96195005626208 -58.3984519195492 -30.0421651576169 -61.54082820015 -52.843102688661
0 0.358586578865342 9.00171613958495 9.30465184922728 -65.38989850138 -3.41834921564248 -25.2106671840781 -7.59097613785884
0 0 0 0 0 0 0 0
0 10.9002886538065 2.21925457437055 -10.5691115335044 20.8038399415979 10.9565466714007 -15.0069859453206 -14.4253635384975
0 4.28408946950018 29.1770937194208 38.2829897411081 41.1001005189984 23.334637767259 33.0226798675857 8.06220907028403
0 4.89841369515707 24.0000175782669 26.7282430396334 10.4763086667917 39.507817276813 36.6293416735412 50.9670016692378
0 0.215072699028767 -24.1158844315604 -115.202376228447 -8.43175796734374 -45.5494676300917 -141.970415346174 -81.5048152838911
0 17.1442271466829 17.3580264728439 11.6619327073126 21.4080579085329 18.9253413772536 7.33318633606813 -1.61185913556987
0 19.1779313313861 17.9616565819387 23.1476896204931 21.8719398312641 23.8276893330659 21.0320541906553 17.5768883847648
0 4.38295700490458 21.0501286362625 23.2633376770578 -2.3590819635842 33.8645886155636 26.2412226546659 42.5013041768466
0 4.96183398923091 31.8659354472618 35.4157775468096 -11.9586046629052 45.19534342223 45.0499282187986 65.3935375968277
0 2.16398369425447 9.6982147156803 12.1301553511625 9.51272524829472 13.1148103322118 12.6032387764978 9.55204694621478
0 -0.653665551758072 -2.51678128908874 -8.73383645101306 -7.37362652532495 -19.8524276995165 -16.6200113708728 -41.5411066540484
0 4.93645112283991 35.4049140177966 39.3719789410345 -27.6128573248924 47.054257891276 80.0510458702565 71.2768319879839
0 26.2812328750305 25.1000020791011 31.0590803570411 6.75345399535213 32.699106811056 20.3870106904583 25.3338144139471
0 23.9723698675171 22.0075276740346 27.0480230699661 14.230100836388 30.8849803120177 22.5383478665174 21.2648403307253
0 0.713596649081977 1.12284230502916 0.540766178741706 -4.04542689207009 -4.34991971022876 -11.0533148168889 -17.6308150559227
0 4.3350622252595 5.12524326227331 4.43085392874207 4.18113850679759 2.09034880354094 4.19550843847781 -7.89689533584633
0 0.667736692497466 0.724244131637986 0.392585649313942 1.20559853468607 -1.54588915797321 -7.06106661633813 -16.7314688015208
0 2.22137775089355 -19.1435666073619 -126.556338872693 -4.14887191044613 -34.0254256759545 -154.600928419135 -69.5506492645547
0 24.9575003353603 15.1559648552018 -27.8488753804452 32.3604496259944 31.3477015607306 -36.3671720305355 22.1516670367452
0 13.7235926207871 12.9001347743072 14.6398360296788 2.88101195688893 13.0591806487103 1.48369629237756 -1.99157906632148
0 4.96725763410644 5.8302900274151 5.375301799986 5.54301122979576 3.62163362256914 5.00403661811332 -5.56271095733644
0 -16.3205352564748 -15.5906593438617 -36.2980542510587 -30.5118118816137 -53.6349022663116 -66.4764072809104 -87.5461931449663
0 1.06624472172325 0.550771638167769 0.595250620593598 2.18488075290692 -3.15657920901414 -7.96156438653431 -17.529989397184
0 46.5483236198704 36.8223382528483 39.6470726919128 48.0700679175686 48.7227415140895 36.0831270383299 37.5848505688857
0 0 0 0 0 0 0 0
0 -1.98375271936447 -6.16786929819742 -7.9412774718922 -63.4244731189478 -29.6618960741544 -12.1254984005676 -50.5385623314535
0 1.89251662251639 0.315135019122931 -15.9489711513013 -1.9323496878777 -22.2340991373911 -35.7607526094733 -54.7351977141962
0 23.3787453647894 21.0720042156105 -12.6700667310408 31.4688908049458 35.5073269436888 -20.1040454003691 23.1663853791389
0 12.5330582607616 18.9799180350908 -1.44378006169201 11.2060922942779 0.359865050952568 -20.1574419093365 -31.1676252973631
0 4.0726105753082 15.0599786996899 19.4496517145221 8.41941430082019 27.4949502803907 25.4034143257183 29.3397290234571
0 -2.57419773376125 -7.47994608903289 -9.48346612332489 -71.7393234347078 -35.3453703520182 39.9616164259006 -57.988846908496
0 1.91287827982828 10.3297906924263 10.9780449397332 -29.713142853325 8.62110306069152 -11.6001148689431 5.53465793960788
0 -1.40933307942851 -6.15224960735736 -7.85493308615435 -49.1164206475565 -25.9463935212062 -40.7761294037349 -47.1699298837758
0 1.58239782446367 5.69210777904052 5.75323023017852 -21.7838654201254 3.5709435746464 -11.8099158965435 -4.5194375311444
0 31.557925616075 32.0531831309437 58.011074312814 51.6531128001508 76.1830320083082 71.2341846346451 90.2273159198033
0 3.76972849692491 17.4809331332606 19.1947526016331 -0.554395623366553 26.9637156840096 19.7596984096552 31.3796544531139
0 -15.3359725619855 9.68812082150033 14.8770798487736 -96.9502223844169 -5.36664627281073 112.636202179457 -4.71043526865409
0 -10.1369810817151 6.2141129459863 21.9798173639496 21.9321863977606 16.7768520191171 20.3544035050911 10.008590429877
0 -0.236162400497185 -2.43980094332714 -4.7809634042824 -8.48908540340838 -13.9927499491035 -4.88616531266255 -32.3185742840342
0 8.30026727217057 17.0809656380953 22.6760833959852 32.2943808426973 33.7631446781524 20.6481764945312 14.3458283459291
0 30.1973872054432 29.2430641073295 36.5569226565934 -8.99697775265528 37.4519629366633 17.4062467415949 32.9815364415989
0 61.444902150878 55.0795426598486 90.9603114031797 89.7574320659943 98.0542793955849 102.759258382632 98.5499319087132
0 8.35390018319793 7.29708111776766 9.97083975892468 10.3246498655759 5.84831932862698 -1.24879300614759 -12.7423320360295
0 33.1032358261907 24.6017339075314 34.8189024653935 34.8325620984896 35.3651618620568 34.1388138060256 26.5140519593348
0 0.37879011246489 -0.727019076561623 -2.61656800763277 -5.66274242741205 -10.2588702202932 -2.51967436948122 -26.6796985883867
0 26.3424629870033 27.1547995790131 11.1829706589774 36.314365692348 44.8049460013662 8.01091530507226 35.5113794947371
0 17.7876753329747 9.3517277739054 -41.9740657670567 21.7876097510934 15.4276158099005 -54.85100061442 -2.17939550670004
0 2.69412162444544 -3.52344928422807 -11.4612352404976 -57.0463526658412 -24.7888677174975 -53.417502321825 -60.7180504970866
0 -1.01661542625881 -4.83796913453926 -6.99625286617551 -12.9195032409669 -17.9100179969279 -5.81381989175109 -38.0207628875834
0 0.569973225713084 0.342881334960404 -1.21858085947969 0.67678156477372 -5.92889532082022 -11.1354420036885 -21.3970492395172
0 3.61321877322382 4.3473175684617 3.47324585002203 2.58262318764598 0.440502114214387 3.34829109892043 -10.4001578444043
0 0 0 0 0 0 0 0
0 6.9254517821761 13.4308137913476 20.0069226202955 17.9771605984948 21.4769282344291 21.4064965547696 20.3473399190295
0 7.96543260110511 -6.80518458956772 -19.3245706659964 -57.0534851189317 -39.4840781068192 0.541138256295667 -87.4161504297556
0 4.33193645860234 23.8888617180645 26.423223285911 -6.27630353377728 35.078729091249 24.1419658301576 46.4380706624414
0 3.63203307061593 8.06623114140319 21.4097215088068 15.5108319667731 19.3823993295753 21.1774056142117 13.5144567534417
0 -0.0555853361986181 6.81955549262857 6.80937128498128 -51.7753125745011 -6.96377316971521 64.8712295099408 -13.733431334258
0 0.584143057925177 -0.233346252493138 -7.56895364480977 -2.4486742454807 -17.1303098369576 -23.0652927419452 -38.0761969196631
0 14.5550149453034 15.4014929225655 23.5567907160611 22.30585607506 24.6492328487558 25.055212996606 24.5359407599732
0 21.7042307148934 27.9976171475776 21.8047553866813 26.4590003354017 17.2117352195588 9.70458680255271 -11.849130088795
0 20.6751349256406 33.1651742593527 51.8116239107127 49.465143676702 56.7114983450033 56.5657393481141 50.8128722216143
0 36.1364812171216 -15.5707183026163 -116.469270773525 35.0147779331642 4.67063581208943 -141.156269317498 1.87210236382744
0 42.1885113702589 30.1587055783279 45.0113512271486 44.5775080865912 47.3367573525864 48.0763676987003 39.9533327508754
0 -8.05532237185946 -15.9726366432471 -52.2611712688932 -19.1922289792049 -53.2287501099271 -71.1932919643808 -95.4854593545816
0 -1.08680773246215 -8.82249829620777 -10.8008032490783 -21.8314865482633 -23.9236447718755 -37.602926737668 -47.8597735928573
0 2.42446597965491 -20.3290939868901 -82.069482396556 -5.60684329511881 -41.500519051531 -102.213020037075 -75.8925678447215
0 0 0 0 0 0 0 0
0 0.290682419127222 2.27937078267558 1.76935217491513 -22.4928603306502 -7.03139424712532 5.26344736317509 -19.0983358023006
0 3.11054817276749 9.53321070520632 19.689599127642 17.049649502143 17.352359616327 18.9950216645609 12.9231918829904
0 25.4843983836259 21.1256856222519 46.2726114059524 47.3459288054742 47.5229471334599 51.3206239787693 45.0056203961398
0 18.8919927744515 34.0932572749689 37.7125996019203 40.5661720559604 41.065524904489 35.7350960264367 19.5254609832824
0 0 0 0 0 0 0 0
0 0 0 0 0 0 0 0
0 9.27090313162113 9.88006831944146 11.7783470099043 12.3080977371874 11.6033430272258 9.41118979239117 6.54717417655947
0 21.8736488593446 20.4036319729166 24.1132971560577 25.3037006108078 19.8502167685058 16.4924395587503 5.1525122738347
0 1.06153812742864 3.4940537549141 3.23365939519963 -16.0583874784587 -1.25498478125031 -14.3439066048291 -11.9000038274928
0 -8.42727678237065 3.83677101211296 10.1370781560629 9.42486772367533 7.96653612163348 6.56491496952984 -4.06199730485909
0 -2.22801588703148 -4.88205863399524 -6.53527403244234 -72.1823545985497 -30.5458920424488 32.0600969180823 -49.9829952385814
0 39.3324111693367 18.8442343390526 -20.1268668190999 39.7100913257047 27.9162086150849 -33.5565758005866 18.8250487714181
0 7.19359734255347 -0.330149760653473 -27.2969391546461 4.56383182175977 -14.1406770181413 -39.2087257333314 -45.3686130231443
0 0.0241277510023261 1.59797939578098 -0.212394774471973 -6.64268210712386 -4.38147510093819 0.161090534345409 -24.8779485307597
0 23.2409457142403 19.1604135344715 25.1118382495554 25.5555957513909 23.5590394261468 19.6324593930179 10.8570172921826
0 3.20971896636512 11.6467930042221 21.8325046575643 20.3151062903005 19.352021432418 21.7919403131421 17.0673981267613
0 3.95147125268085 24.1142115095525 26.6303248732731 -18.5164350924656 32.448624425309 15.7987180338811 44.2221504535917
0 0 0 0 0 0 0 0
0 4.38126340271547 5.1301253123729 4.38895445062626 3.95561665524495 2.01608856122466 4.05597272520372 -8.0101355435247
0 -17.6506574917177 10.6263756495598 49.9543212168592 52.5364461591591 46.4475117186692 55.4469135196517 46.8724790322531
0 8.99870124508817 11.7462357524519 18.4529118272972 14.2317934198123 19.2918286049815 11.9813325056066 3.76116511658903
0 -1.31929156078691 -0.76447993219813 -5.30017478127134 -26.5014917178822 -14.3353466135061 -24.2036049662627 -41.808062570832
0 8.02047803347765 10.2326326014724 7.28483238362326 7.51717122197906 3.01813260102881 -8.17258115320526 -15.7960433381559
0 0 0 0 0 0 0 0
0 22.8616462719518 36.5747672800804 65.0157972435216 54.9294527692886 84.0913730323007 82.7349512057201 108.494777450359
0 3.47789930958039 22.3439293598556 35.5002864533157 37.9664855891132 15.9150856736716 29.5692071390982 4.51014638531078
0 11.9608073988836 14.7603058708723 22.951742866637 21.1719864260071 24.5121751463575 24.6929328279722 24.1553332413085
0 3.48978467864829 16.8726200319246 23.8816586375545 19.0311460821793 27.2410313342115 29.5976386417802 30.7876386065731
0 0 0 0 0 0 0 0
0 4.22087252477485 5.32008464163414 4.92208635321755 5.19671818194309 2.89888200419112 4.72913284794511 -6.64041549165554
0 2.23667778505212 5.99298218132354 12.9265383571992 12.8037085490195 9.16027910905175 9.34416224349051 0.882319899608319
0 17.7318748838773 4.4186841180764 -35.7153532266204 20.1317287488507 7.43342820352689 -46.8656781237675 -9.14031719224174
0 2.98051285451878 8.9082214757446 12.6380633485439 6.61577386964698 15.7082785862624 12.9154106888442 10.8069807333059
0 14.4071076265283 16.2802748961534 18.7582443923418 -41.4760944571568 6.92916887330462 25.2102324139524 -4.95738958555418
0 43.053122861355 38.3160840064999 54.2942786057599 42.5810280683781 66.2066086123865 69.9220382210592 66.3332466595438
0 -8.26445931321079 -12.2855456102418 -45.1649407613256 -18.6580655176499 -49.285369131661 -63.5395613099302 -88.6200973316824
0 -22.6325223505113 15.9553646669413 24.3848008932111 -190.074117761275 -19.0357047318824 394.438573547141 -5.80187025017472
0 1.86784269679303 13.3842138810008 15.1743908116615 19.3297853808589 0.841337247001142 5.23864775075724 -16.119101475009
0 17.8313022103517 17.6040169362729 20.8850395868286 -8.1410954177258 17.5731229565147 -0.588010636302439 5.84792353682059
0 0.21859248026675 4.74448630364609 4.52451812189624 -36.1866710552017 -6.32377586072747 30.1671694165218 -15.5232901753307
0 1.38494585157644 5.01958167216783 4.97893802918201 -2.91414400126581 1.83460663149542 -0.80364342585076 -7.63299596019027
0 42.1013540884302 -22.3126630806826 -143.2538049901 40.9242494994463 -1.77995601573599 -169.466212237618 11.1041353155685
0 0.441887815741111 2.59457333671163 0.362480557089384 -59.9616575664257 -15.6114869110309 -56.0067743962863 -36.0466080310421
0 10.2378264583758 21.2496782842376 12.2437118550308 18.345626162181 14.8643502633793 4.53795809364507 -15.641217241603
0 -1.35340232924887 -4.30914653325278 -10.0559220737068 -10.8763202866885 -22.3622456208336 -17.8862927843467 -45.4577855730524
0 5.20976195912399 15.803435452104 42.8580168289376 36.6962434869506 36.2792922571677 47.4378766484035 38.7272044874732
0 9.31456571944939 9.92722670364451 10.4914437306948 -10.7309396659273 2.68377090370491 16.0895058117574 -13.9971436528683
0 2.51313560509546 14.0257812955479 15.1787274057339 -25.8600529389954 15.4941138408734 -3.07221949580889 16.4013871812979
0 -6.21146320665711 8.64024713910834 -8.52449141163366 -3.43485915445601 -19.8641733947124 -31.9887097140865 -46.4889658814191
0 89.8367724331769 57.8985511542758 101.908249173338 97.4669700618718 126.433081878022 127.542368096104 147.957933623455
0 25.7220449532063 15.7666083506805 -32.6576155823138 33.8115271781291 34.0501599583219 -42.1080751636742 26.8199160242422
0 38.6812265685826 2.69660688302307 -64.8761100582011 48.1714443794866 37.443404664181 -72.8404390676405 49.8815424512534
0 -1.30459670804236 2.71263935323578 -10.974631564277 -4.81223142214598 -19.9478756745425 -23.6445396083784 -40.2456627588144
0 11.0279903671922 17.2032869819291 10.1499601719579 14.8664024884972 10.500233328156 3.33873714060547 -16.6668258704956
0 -13.3252528073506 8.3136621285318 11.8910654099276 -87.2879433603217 -8.79552673650372 163.586740903857 -12.7795365349055
0 21.6568091839275 18.1631659165877 34.6188860893191 31.7256302327197 31.1212372272649 32.1398549316349 18.8273411343588
0 0.445289127629402 -0.527621243018929 -5.95691057004986 -3.04994723759649 -14.9517270892986 -16.1190656019741 -34.3225163143963
0 -16.1471855889904 9.11358315566928 23.3647222965615 23.6468581368152 25.6500462911352 28.1764134211412 29.3640521497401
0 10.8385723138254 -5.40628455592106 -77.4916165608249 9.48773504676399 -9.63569004228327 -95.8934456374387 -35.6659846989669
0 3.97127539111086 24.2974705451398 39.4065437006889 41.2168999493248 20.4278755729574 34.6228748880009 11.2920150973724
0 -13.196592333609 8.24830426816369 11.5661950594855 -103.683715024176 -10.739318312928 99.5877002632894 -14.5959584898493
0 -3.74847129322826 14.9243238588804 7.83649107671216 9.61925589385458 -4.876538015885 -2.61738286533765 -35.9567360329769
0 1.73736875767247 18.87625558953 20.5047722811302 -85.60228026316 12.3358469930786 -33.6996441436654 19.3156187015783
0 60.5249081987103 40.9302992155338 68.7730033377685 65.8938830310786 80.4710847097032 81.8690744046581 85.9177030432423
0 21.4100480765121 18.5708109387882 2.7063937074098 20.5510242296428 8.66123091121733 -11.2580173665386 -15.1362647937591
0 2.44502266923102 4.06291700942009 3.69684322707229 4.16143031404988 0.988922275394129 2.5207444613354 -9.53193332879154
0 3.56140085215003 12.1695878833623 12.5981949454116 14.9548304413239 5.27523332412019 6.15899986184931 -6.08585710057588
0 -3.72662648426842 15.757342730381 16.3442876755788 -203.37704095023 -29.7197476119018 289.251075188735 -25.7973649309155
0 -20.5465468436608 12.8793795044211 23.2591873645139 -46.7160683230211 15.2567288878079 128.548306683067 27.4583909999556
0 3.2459641257715 3.96014067821299 3.02960797410092 1.90425965633293 -0.337901828982118 2.99813032006162 -11.5803528942265
0 5.70897152700916 5.82154745085355 -13.118299746931 3.99646661857882 -9.91087979700888 -25.1383799739991 -42.9495483262753
0 3.09248156083274 -16.8445336288356 -91.0843914213663 -3.3727981525625 -34.3854254350421 -113.370212678042 -67.8059436443729
0 -0.867090868230012 -8.41659577916528 -13.2565809299971 -10.9445346585739 -23.9948260099919 -32.4299296930154 -50.4925608975933
0 6.87418732226877 24.3748341089464 43.4343721763142 36.7328972923501 57.750301162305 53.8615520445138 75.1215346332255
0 -11.1099878357317 14.7946228343914 48.4179453015316 50.7450739689577 59.5526888718942 60.1069693550646 75.8676486972439
0 -8.8509459253761 -18.701645761902 -25.2157140625551 -33.0780335719321 -45.5344290227493 -27.3803273502515 -77.3889857020183
0 61.8105635401283 20.6981661035954 -22.8138735041259 88.8153438559585 80.4747144516942 -27.6759023459199 97.7354445157896
0 10.9377460201368 20.5612249349086 14.1949983500224 19.2160929073456 14.2988069391118 6.6401398869183 -14.2932923747517
0 0.47136038331142 0.0199501189978903 -1.59657611529574 0.497938742253247 -5.85277159547341 -11.5740129601744 -22.2452335853556
0 0 0 0 0 0 0 0
0 5.18215867410881 7.82658263763572 9.48393273133368 -25.7295564878459 3.19417135346302 -20.8620582749522 -17.7632085207516
0 -0.651185935439196 -5.22114329897199 -6.71919950877669 -20.6016593838789 -19.3704116138002 -7.01356005748778 -39.8499466631355
0 19.3806742091314 -19.0348242167542 -114.163825166371 30.4616959589127 6.19526870795305 -131.363364654199 -1.06566443910039
0 4.21570818336905 18.5368174009129 22.5070898308511 13.0148307417147 30.8957310236664 29.3661648341874 36.2489899191132
0 2.65508766679727 3.36191267397055 22.0630885524966 23.6126028087642 7.79874801048572 14.627054124632 -6.65531691324946
0 1.90155490668546 2.29128354838317 0.966446194510975 0.785521847138002 -3.66780047324629 -0.211676826531685 -16.7010751559025
0 9.17849769929296 -3.2265295722836 -44.1163828567018 12.6567758699301 -1.39821182171133 -56.2467693529432 -31.153815170355
0 0 0 0 0 0 0 0
0 0 0 0 0 0 0 0
0 -11.3508389937583 6.59692124569658 9.14322432650089 -71.4119082542284 -6.04595426540656 43.8729629877197 -13.3195813441752
0 -17.6087350686888 9.75350046323175 22.6667743116435 15.796397021052 31.0600164772201 31.2781977802094 39.0875258331463
0 1.30581701221272 11.0452024837391 11.6950075958841 -31.2790482568975 5.42624281836748 34.2381713474605 2.94418230916745
0 12.8869466927447 13.7331483492703 20.0744405121041 19.359772123727 20.2836218546816 20.3752260971609 19.2635683284704
0 -2.16777318752875 -8.39868436717523 -10.6688412247898 -19.0146903013656 -24.2217187721123 -8.309387686748 -47.2627934488266
0 -3.54419976705123 -16.77475442327 -23.3575398415925 -32.577240463358 -45.8184326612593 -43.8297003906728 -81.5133608168246
0 1.4945578611584 18.6559504249047 20.2262147542281 -59.8779252657075 11.1279770182585 85.3934393860251 17.1486160165374
0 21.5221492556618 5.16058127323791 -40.1092864995603 25.4818706618119 14.0553457705916 -50.9397309449831 2.70748810635564
0 2.08305148819525 17.9710200034664 19.536874929935 -35.5338366414331 15.6970356844521 66.1472653228124 21.0311654538552
0 26.2065267028248 -15.5078511779458 -93.5464174658561 27.5645664925484 -0.887245505767709 -107.96227500964 -2.26197988142803
0 -0.270165618102441 -2.53509515149419 -4.89649247298846 -8.64972955042485 -14.1906705352981 -5.00267743100041 -32.6146211678709
0 0 0 0 0 0 0 0
0 3.10669699043716 20.5111614455896 22.4986315884667 -12.3385669386932 24.5021016323353 76.0112439988595 32.1075280585247
0 0.31482950595134 0.0542291232509502 -5.96080402278665 -0.625135930902528 -12.4985284267424 -20.0667286790764 -33.3580030643882
0 2.58485214888719 -16.6509177571291 -81.6611495780438 -4.28798984711843 -36.4819374740274 -102.994982151389 -70.3656404662881
0 65.6163600302655 32.1764500487981 -9.83207623154942 68.3415829030352 66.5187504781167 -16.3364294654934 73.01489177845
0 -8.08654115139948 3.76071509687546 4.90615560086525 -8.81578991689141 1.97805780596611 -1.15849679503759 -10.9286000980088
0 6.78805905368918 1.00885934926767 -26.4614968689062 4.395430351793 -12.9762733737282 -38.731225107713 -44.8350310645266
0 15.1383910144941 -37.7837553486514 -154.84442126556 8.78925053844193 -39.6362624757258 -181.742671438246 -51.0168989219989
0 2.99890049748738 11.3688685885382 12.4099365570926 2.78814179446255 17.6815121163037 12.7714411399211 15.5656367383806
0 0.990967834992603 -0.121466948309504 -0.818882344194961 -13.7308876808644 -4.57014620052803 -16.0608547114513 -19.2675693276116
0 8.73204328556372 23.7955792972662 21.1432920475285 25.9082253497789 14.6056807299959 13.0990408286377 -11.5829065157663
0 0 0 0 0 0 0 0
0 36.0961956635077 31.7600684414662 40.6199646624297 24.0584716368727 54.1253105216339 50.4740866708439 50.4441698438132
0 -11.6185565883509 6.35732363541678 14.6928808782884 14.761929569184 15.4948133112353 15.411850003192 10.9037518693955
0 7.03032752836721 7.83781294792219 8.26232959042208 8.90978832738333 7.66008126027479 6.8772252772632 0.57407183157526
0 21.4581958196638 1.99913522585287 -41.0085885701867 24.6277699183913 9.73383475267578 -51.7362091475008 -0.275293653395693
0 37.7593792063561 27.4158898274151 66.8942658895525 70.8329198828278 76.8472001130162 80.1635105099861 84.8943271217733
0 -4.61691159879454 -11.5253948257167 -31.5754874607298 -45.2895698252465 -46.1566851418395 -54.1724354827817 -92.015777340241
0 1.62938181595035 10.1383439258782 30.3470820421983 31.7924185290361 33.7833157930189 34.2492567978201 35.9159789506044
0 17.4502365778845 23.7986066952885 16.4444861181632 23.5411841503723 27.4618282080533 11.80319883461 5.91074816748633
0 -3.93920175806329 -29.3904762723216 -34.1354003225153 -48.6466214620771 -59.3151595411354 -83.6349094984387 -105.607516575265
0 -3.84819062735323 0.53304593315579 -0.917661853551408 -7.5189100657883 -1.33134784375511 -8.71071531615689 -22.9479309487278
0 7.12798687741636 17.9226660684007 32.2620288702673 28.7255531399971 31.8780395329065 36.4332873165807 35.5206975382826
0 2.75844991764052 11.5144185291547 12.4031500087229 -1.19080411417713 15.914400589902 8.72430734255018 13.7251019544562
0 12.0995300713943 12.4134308079956 12.4306481233194 12.565249256414 9.8927911947468 0.415098519962726 -6.72569706662081
0 0 0 0 0 0 0 0
0 2.81804373089551 -10.9277335403362 -71.0653780144262 -2.71870878794357 -29.508394476134 -91.3235018376989 -64.2060116101194
0 0 0 0 0 0 0 0
0 5.29286119420456 6.54966793812599 6.69309778599927 7.24962963691613 5.52340309624129 6.26289881420741 -2.63222263909781
0 0 0 0 0 0 0 0
0 11.1134694994779 20.8889670081082 8.12548182318611 15.7553495784097 15.4748866837927 -0.688575373573222 -13.3668223539932
0 28.897640668348 27.1647312969372 33.8870378968056 3.86133770591002 37.6378290760083 24.6113466612334 31.5830753697496
0 5.06230821803475 7.99711400853516 9.75800004385608 9.95554056604254 9.26161941612359 9.1363335308551 3.13565745370521
0 1.61094598574928 -2.74723971227013 -9.66991372226406 -39.5706534409409 -21.2861806283289 -42.6988109321273 -54.985227447934
0 -6.6602031288476 8.55604820983176 -3.82836825631694 4.0673145327588 -21.509433495091 -19.6927307293741 -47.0804790173749
0 16.8966269848141 -32.3047670740383 -124.435580998781 11.4712417636034 -32.597255565786 -144.202429329074 -44.8964628674436
0 19.7908187712693 26.6933910392376 49.3761437483808 51.7140966937519 44.0091371289737 46.190763783166 22.8405761911628
0 6.68695918556034 22.4581926472405 -18.2520891428778 44.6038815681336 56.3452590808427 -27.017350405333 43.2398915500529
0 0.668110211558538 0.675181648871661 -0.559283919245122 0.996536247150423 -5.07486665616684 -9.79578271704388 -19.774273924473
0 4.78143087788607 19.1938554731818 -7.70206932473201 6.41892999722216 7.50604251223058 -19.9224239402181 -31.4768736533368
0 29.6906665299846 12.2808658577669 -18.5651013686401 37.5567968604495 32.1927026425368 -23.7645044985977 30.9403406580614
0 1.98023650635881 7.78651239474411 3.69319172925066 3.09179390931174 -0.886390217163086 -3.98594054617365 -20.7000305106261
0 3.54895537996041 11.8082670482406 25.6926144652661 22.4283954405946 22.4169598989487 26.8950531001126 20.6439191690481
0 0.658684688141477 9.19250292533597 9.54906038589246 -42.8385339254122 -1.16078182199627 63.5786383138765 -5.82833346768341
0 31.098938280552 25.8169405234295 24.8302862156481 31.1368000295752 24.1388230565761 17.1966217951168 5.82549027655193
0 0 0 0 0 0 0 0
0 0.553243538426281 0.19350191186421 -0.642199037160384 0.771475949600364 -3.67443951884013 -9.34545915249856 -19.7586748956962
0 -7.62495669701416 3.81892646242079 3.98079976617399 -41.773434977663 -7.14305341497595 51.4809656901233 -22.2400866882102
0 48.1595925720454 -72.3411360308519 -307.526031094424 47.5748878250422 -22.6548937551913 -343.311628814926 18.3637407514924
0 -8.75092209437527 3.98458945548404 6.79017512501208 2.62031240865178 8.08834761166687 3.55374885213553 -3.38261867526722
0 3.19321307991093 14.7124125046492 16.5507903403761 9.51503431961531 21.8418792864455 19.5522250977821 23.1469209515946
0 1.3814559489777 11.6633220635766 12.3965728503533 -35.6690323812135 6.12713073405419 15.1589730837071 4.36812259867608
0 0.625832646342772 -0.211271605910368 -3.95542054648062 -2.50468212738589 -11.777557208109 -10.5369729673704 -29.3110096900333
0 32.9339704135938 29.599700814429 42.0610665225551 35.6848618023516 48.0444434404074 49.0991881502694 42.9146971273758
0 2.60486584091692 3.21001151261835 2.15267282814711 0.824522820054131 -1.86391436596495 2.26826265383637 -13.9080848875445
0 1.04322127415934 0.92825933201933 -1.14384808084195 -0.0331720836090197 -6.92727286803941 -6.31439657267719 -21.8011214180363
0 -15.4386723575649 -19.5389626449938 -39.2312808566312 -29.6541473502649 -60.4179659643669 -64.0650079886742 -96.4031110685168
0 -8.50673693274371 3.95298677276152 6.69357478267137 5.94086503060465 6.58139501556718 4.24490121709225 -5.0531029953849
0 0.442142588541614 2.15897340207451 1.66485509648528 -16.8717515210257 -7.0172887749669 31.9445469457328 -19.6110185374528
0 -2.08978351071989 -7.49553738402278 -10.2689758363854 -16.9572377484629 -23.2194565545843 -9.42262877471563 -45.8245708986709
0 1.70598430392147 5.51273193581136 5.56611335961728 -18.3059709672407 4.3312608474232 -9.34562646096453 -4.01594698371866
0 19.2692035560114 18.2314560842983 -0.000506590007869789 25.0341912939381 23.8244934451233 -7.46455434333575 8.39889562701506
0 -0.0266527409943085 -1.6538417832119 -6.05710073205201 -5.9442656124809 -15.6562454472053 -11.1249755356389 -35.1656388741031
0 0 0 0 0 0 0 0
0 -10.8691713056261 6.29364376236636 8.43096533335486 -74.4889492942158 -7.53906410235771 42.419186143444 -15.9053545867532
0 101.733662232005 55.8746722488442 24.9339425395229 107.868822138475 123.925158695774 31.7487629205367 148.712349856906
0 19.4290053881827 19.4940694349213 24.3638851581226 27.3472545223136 30.6609046787027 24.0838435496539 19.4277349714183
0 26.2348110940016 24.31511711399 30.2903678422396 23.1302303757693 35.2398662160262 32.5879272462363 27.2456750956552
0 0 0 0 0 0 0 0
0 21.6631146130128 9.813880733858 -28.9260673942081 26.6144282971803 19.4530261382004 -38.2930655819969 7.3477006822948
0 6.95654224184796 31.8662966200663 50.4395209080509 35.7094524568417 59.3660747668131 67.4326734067353 79.2273517763452
0 9.42798094156288 26.7326411186061 22.5735060497317 28.2641417576451 19.5449846166025 14.8995958101411 -12.8763420902694
0 1.89985192869676 7.47528220087891 7.78771360481435 -11.9971288467504 7.27256297164975 -4.11150271442059 1.0220620380769
0 2.56533855273921 0.95459531984514 -23.7351291562983 -1.27243970588173 -19.1650611806982 -37.1208639700095 -56.8493668810017
0 -4.0342160704611 15.9098000072233 8.71554828538811 10.5485578066191 -3.69750880448805 -2.30099317494034 -37.3788788308518
0 -16.1593113771266 8.66946694578277 25.4493734689578 19.2862942913456 30.1453362211652 32.0279864006849 35.1519306635901
0 -0.324011228908532 1.43079016537988 0.75635600783815 -40.7672283477493 -12.9441145328023 24.3206710786075 -25.9273335498996
0 1.42326646314242 3.12248237737259 3.00516399820697 1.09090101869797 1.07054958974663 -4.69841345598867 -10.3212238365256
0 -4.36571208423666 -14.2255280020951 -17.2393834468412 -101.337386529187 -52.5994536618587 23.3933657129191 -82.1207755238076
0 0 0 0 0 0 0 0
0 15.4693701713995 -12.6941736191511 -78.8604526338795 13.7215776489713 -13.8174961241385 -95.5427796638441 -30.5037160436929
0 6.42068382834711 8.71184406083908 -11.6005556384848 5.58374869458081 -4.90911287660436 -22.9162874815027 -38.7101866753211
0 -9.55581797067391 4.68472586985455 7.21980802826123 0.68162361937325 6.94993760836039 1.95333423533807 -2.7022241897007
0 5.030276033307 31.1899301579877 53.4532494229397 53.8852325024808 33.302183329366 52.2510518763216 27.1094477196953
0 1.13006216921994 7.44478530684556 7.65486775575944 -34.553680422522 1.42800672188045 -20.7134429694289 -4.79209285518337
0 7.0522657678042 10.1636893355903 13.7817313063116 13.4004414968127 13.7565011623166 12.849741263466 9.8897756911949
0 -1.65196177198422 -12.1802365169703 -14.6232958303155 -23.4222207787259 -30.4073398909287 -45.0796038725676 -58.1517909050913
0 -0.641164916532752 -0.410159578327628 -12.3542971873601 -19.3603164715192 -20.1976577776692 -31.8177685207635 -53.5931188215484
0 20.5275220285992 -11.9748678965241 -98.9035522422616 18.4023544736351 -15.7986038728473 -126.135942862201 -26.0450656021238
0 15.1689200347561 -40.39398897094 -165.913686457453 8.38400842047466 -41.6211946388433 -193.883085522009 -53.2351011849889
0 35.2313332362482 -61.8985567764215 -248.562001899286 31.5177413020906 -26.9087331790046 -278.754072245016 -13.7247265666974
0 0.143754804781198 -2.31962288783737 -3.37706709841781 -13.9344322644017 -11.8539362090712 -24.35612299904 -29.1411392411701
0 5.5206458121479 -2.04518497792424 -0.0227040719432807 -3.77142871923411 -13.3327203641359 -15.9526637188303 -53.862999161978
0 3.84897554249679 1.98772559802393 -9.02534364641788 0.243265175242506 -14.964486880427 -20.9866405059016 -31.9337783975352
0 3.64291902428243 11.6575473929068 33.4055063642772 33.9222769677177 17.8677052992338 28.9881381287941 8.34064358913767
0 13.1587154301292 3.70062307216843 -57.0049736190665 39.7376870510788 34.2605942163847 -68.9229467347973 26.3227236655438
0 2.28550891617059 10.7220479613251 11.7802951773496 7.40996122550482 13.5220594198003 19.3657051067953 10.6887249477559
0 2.69217787278017 4.01410512389987 1.86864378963277 -14.7843435245224 -5.58114871246462 8.53607202031001 -32.6027318382723
0 0.807546557016242 1.50588628325447 1.29411253589927 1.84081986555684 -0.935155326988573 -5.76543054941745 -15.0332196887059
0 3.6792508158064 -24.7964828067081 -110.585320445066 -4.27359544046638 -42.3589728726029 -134.775550035116 -74.0376475018884
0 3.33133396919783 11.1796812613641 23.1093381816754 20.6006781425135 20.2034184400649 23.3765942095852 17.4973287371284
0 16.4393813783544 57.4928431212946 76.6100601855707 79.0222894478049 65.5889860614748 77.2487164451543 39.0923289268528
0 24.8054911712111 18.3539979943327 0.771171072683906 32.1508061587767 31.85750713896 -3.22687413196661 22.0415433990725
0 1.82234752721605 7.31261636136039 7.59488471233936 -21.1794439418706 6.09169123164038 -9.68742491333851 -0.343999710935414
0 15.1117618306446 -19.0126723676098 -86.7468020179734 11.7181284527533 -21.7832551459941 -103.464231347789 -38.0468663332089
0 3.40244126835607 13.7576065181585 22.6447322587112 20.0135473253552 22.3725282208082 24.2035807666562 22.4218203335394
0 38.2621449436884 29.715518006526 17.0457146169658 52.7824797419096 63.3191614016474 17.5335839800895 72.5345567794701
0 -1.33551502140774 -5.95095201507124 -7.97986798344957 -15.0212973442712 -19.6897517084055 -6.04613735811809 -40.6024035930772
0 3.0921289988421 13.7836589413276 14.9867688090022 1.13448246267405 20.2648475922379 14.6181180172129 20.7660739622117
0 -3.3758414101221 0.978113273559821 -2.69059612320085 -72.4413818366217 -19.4570253200579 -44.2637209781182 -43.255034992289
0 14.5377466995585 7.14485443877692 -12.8980643355485 16.0741102498159 3.58025182796136 -22.4542002091407 -16.5571252726908
0 9.43041444883417 9.28651265908414 -1.6709257685875 9.38274903372864 -1.03147479232953 -9.76614571484665 -25.1251628131437
0 12.1043813075303 4.92466092724049 -21.2523456089532 12.3968110019162 -1.20403940239475 -31.7820265796361 -25.6978296290578
0 0.0132558598172556 -1.3076642510216 -13.4851427036372 -5.63903593906019 -20.2924816472977 -27.3348296304122 -38.6643571715339
0 7.28067449807698 -6.33517618109428 -18.7315167664479 -83.7345643760162 -41.4006584061585 -81.3534184072609 -87.6795218465701
0 19.2352878618726 10.8126977207861 -18.6931611165293 17.9085543764442 0.221391668289495 -35.6975943640267 -21.6592497388934
0 1.80673382631318 5.49372836348638 13.401869826278 16.6812193546382 0.131414480526715 3.67831907115718 -17.2214327984726
0 11.12019919085 22.5991224019712 37.2535648246735 31.7545573501719 45.3957509395742 45.3537569970949 50.234683120863
0 -2.48805310201482 -5.97555597802784 -7.79020016388355 -69.373466744412 -33.1624528072265 74.9463229637962 -53.9979513942464
0 15.6208192082439 14.6422952466885 17.1545352881206 15.2899974623109 16.0456181753686 16.4528434765151 1.70191606268881
0 -5.04330689115488 -11.2236809419334 -13.9694266843927 -123.33568618536 -55.7213389483442 149.447134940978 -82.0304468040779
0 0 0 0 0 0 0 0
0 3.58992842010735 5.12021292317849 1.26004935401924 2.91257755703928 -2.46108292755884 -8.03607039067642 -15.7622352058084
0 0.329691493552129 -7.62007220987423 -9.21487620833239 -11.3996179918031 -14.4945351534086 -23.9662817986348 -37.3681246382862
0 39.5033470657083 36.6228779293105 47.0327875949594 38.5714508925924 56.9583829078597 73.7898269938113 56.2273550856206
0 -8.08253305297609 3.36272210128362 7.28786242027172 2.09159646954578 9.17228820116435 5.00869076006495 -3.32953288281584
0 -0.322638386823842 -5.51135798077185 -7.00573898260101 -12.5827589775383 -16.1793239573682 -25.794343821506 -36.5500674775182
0 32.54270060262 -54.3491359995148 -222.667948155053 31.2058673638967 -20.9306533068296 -249.722447929487 -11.8515832145176
0 2.24946524000268 1.71187904966794 6.42002341309743 1.99604595461065 5.55950826229326 2.15563151520205 -7.03618362775792
0 0 0 0 0 0 0 0
0 16.4914619078091 35.8103232952253 33.1870604539179 38.9283045568656 40.6976854389617 28.8817335695107 15.9808489043121
0 16.9274264140216 16.8886500769484 20.8935951523001 22.9379019323964 23.0582358029266 19.9257233795505 15.1497336937449
0 36.8143929266565 30.0088105578755 26.2592981189474 50.6531662014058 60.5004924017879 27.7844864980757 67.6337810797627
0 5.04916617412405 22.7559730541604 37.8185447637102 31.8259047946186 39.7225862756068 45.7910910561762 49.4212830617542
0 14.849991950765 19.0841445967513 0.417310908008943 19.2415771089939 19.4711158922221 -7.43427756047721 -4.38315828922735
0 21.8202259511908 19.7746444027461 26.5571188784825 25.6073926874503 27.3707847892486 25.9051097084135 18.3052832145941
0 29.6486391883583 -1.22334696434915 -70.7114154945904 35.4698404753584 19.959848827534 -83.4970412850056 21.9751617616638
0 -8.43581513557182 -5.77670761827413 -43.8164830011423 -17.1106362438208 -40.7450123146516 -63.2873457772003 -93.4426229101031
0 45.8025611038303 45.4287439279985 63.8993454631676 64.761249330588 63.5659547288156 65.2047298009329 50.4574494769396
0 0.170403295206523 -5.51735979301275 -6.94828997988222 -17.0816907032183 -14.0260506617349 -26.5521962241293 -34.5661168110393
0 -18.967735023246 10.908924193496 21.637955743177 8.32923446030468 30.0661883146581 25.8577183168035 40.5922359441512
0 5.29603088804553 23.7729906981268 38.6712088404602 29.4209811355809 42.8093509873117 49.1105246464261 53.9393520377435
0 0 0 0 0 0 0 0
0 0 0 0 0 0 0 0
0 1.55165829312393 5.96881535846183 6.06183653316635 -0.625842439304979 3.82440194138494 4.50327603466427 -4.58124766209328
0 4.85017666956878 0.144294708521556 -27.7332821587581 1.61231205328783 -16.5373771836185 -40.5753981989154 -51.2424622866724
0 3.32190027405795 10.4405844457571 14.3104124691069 6.52147863273608 19.0125683610956 16.1731463843977 15.7689613161873
0 3.57617563492566 19.9652325531422 21.9508022763128 5.47562959945823 27.6590930767637 62.8016841991003 34.5450837551465
0 -6.11634916727488 16.5499724147071 26.6636932356699 27.7807545232833 13.7366373690588 21.1134023609697 -2.80023799137177
0 18.9289067529207 19.8623653855448 28.7754977122343 29.3737571915697 23.7684853732455 22.6700733334852 10.1407045253728
0 -1.26091222955029 7.40090161176315 -2.39584017843006 5.42461379976473 -19.0661452598194 -19.5437528984998 -46.6513086853909
0 -9.6447546017075 4.45231990425868 17.9368013887897 17.5569659954824 13.3665619534914 16.2304484736065 4.48332216318513
0 0.0447191736515391 -1.24779234327912 -2.19190807877102 -19.6256932167399 -11.8328297181778 -21.9208411637049 -27.8997585007769
0 0 0 0 0 0 0 0
0 8.35830857276027 7.82604048347635 7.27736244990982 7.22018358539582 2.35793292425055 0.921884118217827 -15.8988822180623
0 1.19065230034883 1.99391996587599 1.62176605253895 -0.623636536791113 -1.44748286039893 -8.15790675383404 -14.1214742177365
0 0.571496470548642 -0.232002806777433 -4.57471855947406 -2.26299750475957 -12.6484834387138 -13.2739083541798 -30.7264575720965
0 -2.0171771693775 -9.71902238171364 -61.2296845534613 -9.13885729888516 -35.4369211130171 -81.1869965109239 -77.8524806663606
0 -3.47789517518822 -5.56913642774589 -7.46244963784557 -100.249935275591 -40.7982648021875 135.601349678755 -61.2795122426242
0 -7.40581713031429 9.07059038578561 -11.9080244955371 -1.27546705699947 -23.0737842999067 -28.2060296136968 -66.4695890827794
0 -16.3495198602837 9.41075790568888 54.6043808441794 56.2241039896409 39.7013290543186 58.9742389463997 45.8984613584766
0 2.57793007751928 -3.291161769133 -11.4404724348813 -71.5429216730922 -28.1821060568773 -63.9373600471754 -64.3653137726232
0 5.47483481892891 16.7804780060213 27.1820895247482 26.9579351478654 20.5191541493896 25.8409939556466 16.0418422274572
0 38.6796033562184 28.0223228550841 41.0663662640609 40.8019236282785 42.338075749179 42.6589915588115 34.6335744539812
0 4.45272687810311 25.957061908874 28.7496055800096 -8.78316494427847 37.4023139094657 25.1050777413342 51.0666385473526
0 8.2196885501977 14.9014798124327 21.3410694838421 21.6348171016558 18.5454933027025 19.1620167724144 10.151506229078
0 -1.16778145491581 -1.98433564882565 -3.16312635889512 -59.252511615415 -21.439115408412 -17.7825662241868 -37.861982405339
0 13.1465882066034 12.2329652067155 12.8909428876468 12.3269766098625 10.2400312646692 11.4222923162136 -5.71324413528391
0 19.9679446208765 16.5854692295831 5.78741485247373 25.1722530563045 22.1812567793652 0.998646835633284 6.5231950774605
0 13.7313568780451 13.2070467673572 13.7131785565708 12.8279377775309 11.3700672396034 12.6985606935395 -4.2815630851674
0 -10.3709302241784 4.80488670809301 23.0472412584347 22.0160998698995 17.4256493737007 21.81677170723 9.99435448978295
0 25.4819749135243 20.0478585447524 27.2550980893151 27.3028753307698 27.5826354720482 26.0970464385108 16.7195898911445
0 -3.03780647379881 9.31759963871485 9.22918041529573 -147.40883396583 -28.175813990137 252.530818712956 -31.8684700489345
0 -0.574275039223707 -7.25397407374835 -9.11841549678536 -13.8377714591252 -20.3937552639053 -32.5231743382004 -43.3607220525755
0 6.38100570964227 8.14426342811686 9.36501598929029 9.88425399247182 8.55986271112399 5.40205935036007 1.55590211974415
0 0 0 0 0 0 0 0
0 37.725008911798 29.0873423169304 72.5679519719971 76.4073076844867 80.7908293728239 87.4190117546234 88.8914974990255
0 11.4493434874458 10.4705776533856 0.271647996510517 12.4050424224796 2.72251233555754 -7.73332393023468 -22.0878503480851
0 9.65006244844987 23.8080601802034 44.4145087656636 44.8753474943489 26.3610847891174 35.6371218952223 6.35880300577791
0 21.5321052938049 19.6768259244888 16.6191136636061 27.6767925404892 27.1503284252181 14.0731589997583 12.388892217704
0 3.67816234925882 16.6650124711087 20.2564240794777 13.2048904228802 26.3656320609812 25.2766135305253 29.8055560660216
0 35.4004620834883 38.8019540056161 31.2442724359274 38.3285316000543 40.3873775678269 20.9207506059242 18.5963587553366
0 -15.9539196949125 -5.021897954686 -33.0411549060635 -21.2820336254165 -51.5851210230251 -54.4361679324117 -87.7871641481404
0 -16.9207115016216 9.05806268359862 41.176879594017 40.3308489936555 35.3122580042581 47.1325467775891 42.3105544382331
0 3.38940482815475 16.2888922041994 18.0780927111329 10.3168534808862 23.988802223485 21.1306052140735 26.9235062225818
0 11.4929927806864 -20.8781257964314 -103.437410242503 6.97688289119907 -27.0431728549285 -124.19265275044 -47.9085289372194
0 0.264019819312463 1.78134623040602 1.21830305500614 -22.4864152386812 -7.80304940028437 2.41699154971274 -20.3704734326014
0 2.76978187591518 7.1872250181636 18.9543122635067 18.9781683191794 12.8447676789182 15.3351169293383 5.11178358368738
0 18.5298741555999 12.5094652635083 2.44875258509513 22.1144954843945 15.4385730021247 -1.73271373783304 -2.88772898775971
0 4.50759024187614 20.0290203779912 40.8456619183417 39.0621488647474 31.4055955688314 42.4783450904585 30.3010235024806
0 2.66088642266407 -3.56209063917383 -11.3696516807797 -27.7834681686643 -21.6833100444753 -36.3795364229021 -57.3129455466268
0 15.658706973828 13.6851315685329 25.2102940394575 25.5687820614138 19.4513091454085 17.4901151138348 4.08899621560533
0 -0.887225226547642 -10.3437189071458 -12.4731734552353 -26.4796955165769 -24.8519044743364 -41.553933651487 -50.6709847479325
0 -22.0903252026912 15.8216457045431 23.2874059645451 -214.53935057049 -25.89021554332 414.634129872101 -14.2596137191134
0 -19.3920190593628 -9.25580058404076 -45.2201882621363 -30.8274561882986 -60.605322388179 -69.0643260701746 -108.963077015271
0 3.35287804754539 12.076612875679 18.9663673066512 12.8531181592112 21.2147553251891 21.620974942978 19.930014703952
0 -0.542758077658931 0.218967190854329 -0.63095692775822 -48.5937264496198 -15.2193821735365 -24.3936888228086 -29.3552585779176
0 18.3364310571215 16.1283329927705 20.4803680467241 20.568483421744 19.7066790574775 13.8429192362657 6.19572697813905
0 26.7092929765193 20.7505958139621 27.3924204462163 27.8412184485778 27.6393141438225 25.3276713291993 16.7240244156419
0 -13.6964782469888 -18.4289790877662 -41.6573797193251 -26.9229482286774 -62.2520181074004 -74.3685475209307 -98.6889814532302
0 72.3423163151464 48.9572398542639 84.7529889007317 80.1876302810006 102.316984823301 104.670101473886 116.918006083977
0 3.90562724263474 11.6746611492808 15.927602043432 14.4477090752617 16.7255835160483 15.4296737150942 14.3583881304622
0 11.5082040703722 10.555400237422 12.0910297287039 10.3537381901167 10.4381819393907 3.00895080938348 -6.13295325608252
0 -22.3522905532838 13.0792448915003 38.2615467698504 37.0161128161016 41.1825846261142 49.3324677566217 58.9198072050845
0 22.438067991712 18.3993261467328 -3.34902037305904 21.7275762636934 8.40476215248692 -21.8735986265008 -11.6098365324471
0 83.6960121183148 39.5678596369127 20.4429196045923 87.7290736123184 90.003260375811 25.8264249705713 107.852771924609
0 31.4184904192911 23.9542392787393 19.6492723160934 31.3728669541074 22.5093120536746 10.9102562516244 4.96355442858981
0 4.04811385792197 5.81796678364835 5.51730455777648 -28.7319319292283 -0.617774891411756 -25.1814927961647 -24.4084984346793
0 14.1794198923148 13.6384190023055 -11.9127599381551 17.2282417919287 12.3788107946115 -21.5289781022315 -11.2667271252143
0 16.8687863648453 3.07182891411439 -45.1611927114338 18.9913205165137 5.211060125526 -58.8702831512176 -11.4302003632517
0 32.5210795362264 -6.05254461613299 -96.4933706961644 38.6817966991571 20.8339957196843 -111.436653260818 27.065261191917
0 7.35549431411908 22.6281890910993 36.4271845025691 30.5440211501036 44.0891433916666 44.8579890343991 50.4194034073767
0 19.1251564280147 19.2752977383015 23.0220293211026 -26.3409332236149 17.9970449724663 -8.43385844954438 7.57923505684957
0 -4.50317985203912 -12.1975657086672 -61.5491713491832 -13.1171194981154 -42.3892263307607 -82.1861598389344 -87.854842139304
0 0.978169049831402 3.11892606239645 2.80469209049004 -14.9286702420464 -2.33519868401226 -15.5281295711529 -13.5612684212142
0 4.50958919008265 23.5665807665766 32.4583343814633 23.8122532098618 38.6026488444898 47.325379686927 51.1182215783978
0 6.75956412668539 9.6921133991121 -11.5292559641859 4.57027725591801 -13.9369424757134 -31.3728908286581 -45.3654454439065
0 -4.87595990854892 1.52543541999653 0.470556048115689 1.41038326044019 -1.74825526818189 -7.13483059532962 -21.4733425919539
0 8.63684759435314 -13.5384083242217 -73.6296075011863 4.32849369955679 -25.0927834703094 -92.0141646507921 -50.8521834948937
0 20.1079578635495 26.6754620942459 27.8985027959551 30.04548295067 33.4588491080219 25.608180152753 15.315692368769
0 42.2484914545243 38.5630089268837 51.373578107539 59.194450124772 77.3933887649428 59.8372641428352 87.9809555801567
0 41.3259333817574 37.3883105733171 53.3778825664229 44.5893718832826 62.545945663737 67.9015742031282 62.2839616250013
0 19.6172656822404 21.5728662301802 36.9227417266236 33.1676343824246 44.6003884814469 43.2757504869082 45.2882664683859
0 -15.550759798286 29.8436600596769 30.6232020087982 -586.959635096956 -108.414619245762 1086.40074241696 -86.3890090663772
0 10.9981813617304 13.3269976113657 14.732496737292 -43.3551628452786 0.770622846804649 49.3932390084316 -12.9769334233611
0 -7.54930466930166 3.33412344139279 5.0041906329523 4.91743978872366 4.19187523731439 1.38770924955156 -9.56511709360908
0 0 0 0 0 0 0 0
0 26.8692194434879 14.703727125264 -36.0721245771339 26.4056434779171 12.8913079961551 -56.3010872803489 -4.30239446588153
0 20.1367360111343 10.8593718017175 -14.7926544600699 24.4343502696495 16.9016372122824 -22.4293120241155 2.48939946992275
0 1.34784458720033 6.29723292862808 6.40049847592673 -24.3368895628946 1.9977869196545 -15.7866051784543 -5.69115664353583
0 1.98711744118264 1.46731976859567 5.46816831371581 2.52998475909113 3.80536122096988 0.495304985438224 -9.05796860420196
0 0.62375847203522 -5.89589101930822 -3.72769472043252 -0.709100713371868 -10.8270772714588 -15.6268039716155 -31.9306938527996
0 35.3882185986547 -4.64838952638834 -89.5500613639756 42.6341166838657 25.6202850133396 -102.596803231934 35.6869557484409
0 -15.5051787105404 -12.6415501538929 -39.676665062698 -28.2156903556325 -55.1253562465276 -64.5077353282159 -89.6371834957375
0 0 0 0 0 0 0 0
0 3.66288075699124 11.9764005585648 30.6303748955588 28.6556706815814 23.7837324419547 31.606025493517 21.8662080709197
0 -1.23009276653621 -4.45734736580501 -5.93829765481752 -52.2997987446383 -23.5821676282947 -43.4174684395967 -42.8803995448379
0 0.448327551082566 0.0521953687330226 -2.55959177948354 0.125864452710809 -8.08820784904212 -13.8017512889374 -24.8082482146968
0 3.04209620275171 18.7050599892398 20.4767515747594 -17.3300093862962 23.1711626921897 8.40139372106806 29.3179947264005
0 -18.7172672748793 -21.3437808088456 -38.5175335913335 -34.9527665011568 -57.3304235947523 -67.5771281459869 -90.263131043109
0 9.81403366033648 4.57468803697726 -17.7701129433512 9.26435571757671 -5.70734505838677 -29.3717441454866 -32.1450980460595
0 13.4175077052587 15.9565872020152 24.9219304488758 23.5853277972645 25.3999670533022 25.7854999293083 22.6206733706049
0 -0.80176706263805 -8.0177728526155 -9.86444004636779 -20.0787098150111 -21.6964037083762 -35.0175631247612 -44.8391447580131
0 -3.64623826299573 3.06264964575918 -12.950814654805 -5.65756782561369 -24.9184048521775 -27.7864697270579 -49.0939842382385
0 -10.4281086332059 4.86322920728006 17.261350161498 13.7715701030985 16.3352058509192 17.1764663146154 9.01378188711716
0 29.66931317183 -8.72967901404988 -79.5618285286989 33.6299885438654 11.2627176122909 -91.7394234992399 13.990641945632
0 5.34155197747999 24.3972725186343 42.1858455798243 34.7710297621351 43.8178157661901 52.239138035582 55.5515661051706
0 0.0770310118320126 0.0171006749914646 -0.776632189915812 -29.8952579637685 -11.1114499703964 -31.1919553060941 -25.7383553205728
0 10.6898095056742 -17.9820293411008 -107.294164901255 6.84083606204172 -23.7443505883707 -129.698326623628 -46.3493997110323
0 -2.38385759327983 11.6576767204196 16.881612536741 17.3097703745275 9.62108811905809 11.4072574669375 -6.92967120909594
0 0.414930948459269 -5.52655109237968 -14.1583188612555 -31.0390258810798 -26.1078988854372 -13.0276071182971 -62.558110413384
0 2.08556558781737 8.88238302874938 9.3762762928896 -6.0397093974276 9.46869224089961 0.10488564984988 4.40828560933479
0 17.9670187079951 25.7748409841193 31.4875675418723 76.2039180763698 85.3748848620056 35.6412887065878 105.303370187915
0 1.91520513789922 0.0169173461891923 6.02960383786181 4.16894374199037 2.18612888760525 -0.28199346042701 -12.3643410917057
0 33.1747227747029 17.7704141485062 -10.7667808528628 43.4483610579261 44.0902613451109 -13.6279585399432 46.4601102787653
0 4.64799833978213 -15.5306995812074 -81.4565113400261 -15.4398046197662 -39.9115369517103 -102.798972973355 -90.1673250493259
0 -3.66392946998764 9.36110413941734 9.20372405043597 -182.248294940191 -33.4361526022507 187.15247376705 -36.6428265961789
0 8.09525357122206 5.17334521489607 -11.219000610754 17.4614086413068 9.59375008012174 -18.5106273982207 -19.2025071523579
0 0.0848251587369937 -1.1306610108591 -6.72030060877499 -16.4947400667772 -14.7519133044553 -7.33514161801266 -43.554096306376
0 -0.38099099260022 -2.86545653663852 -4.61646359699245 -9.83014256555978 -13.8885471104731 -3.33487456270757 -32.0066631760479
0 -0.0297246016194239 -1.75218073115199 -5.45434853783023 -6.36724815263139 -14.7862568500853 -8.86836331444784 -33.76044089182
0 18.0310840807754 10.8056926151624 -6.33300425696538 21.3052786391696 13.056368764451 -12.7277003110737 -4.9891066090054
0 -1.45188480935823 0.768547307447681 -2.21629981230316 -5.57893328113204 -7.24800855618523 -5.01555422814722 -30.3041431233306
0 2.51981805017704 7.56202555630566 16.8067339059737 16.6071422755917 12.1976443911644 14.1034781320335 5.43675513233537
0 3.0963658660375 6.75973339877682 9.06255354635768 -0.964271201575521 14.7330740091672 9.82017977176861 7.7843996851145
0 3.46011066891923 13.8005433906771 15.045845508719 -10.4171752879541 21.8679145574276 11.0661175992186 22.5251652867995
0 2.42988475573272 16.361904283874 17.7802590587718 -25.5979805144787 16.6053921072117 6.47230974881743 19.9149273798493
0 31.2674964177756 29.3936178041554 36.9642927359324 26.1346881346894 42.2184794105783 66.3043171792289 37.2043091804439
0 0.0844569001234845 1.25092355221202 -5.16379136377042 -4.25541033867445 -12.498161096256 -20.3025020256325 -31.34385604104
0 0 0 0 0 0 0 0
0 -2.90181378311705 -2.64724615658437 -4.12239000789378 -108.04939735397 -34.6098874894224 46.5511905334175 -51.3718330735427
0 -15.9300197374806 9.07471749909335 16.8953953797747 0.799854343974175 19.5975124807342 12.1212369486388 23.0579639431647
0 1.10529520982078 2.65529583976626 2.30199915771381 -6.03939568028703 -1.57435738091488 -10.6853830759936 -13.4283693141904
0 24.4579645188357 1.58266650636452 -36.1737741718409 28.1534208542188 13.1818275308172 -43.5205784526082 5.62956704855972
0 24.4059102188632 14.4234083164377 -3.71441133457073 30.6862029264861 26.6094938743866 -7.83220812642732 17.0858314810105
0 1.77761327436102 9.22318134831486 11.5245846649781 14.1838121046632 2.64431573181295 4.09122979483776 -10.7681511973477
0 -12.650066945566 6.45336052173287 13.5125178043569 7.16001737968877 19.0790964212466 16.3486087971904 16.3736465412475
0 -0.827531967352674 -4.24899845113376 -6.40102654016162 -11.891666085046 -16.8793638439396 -5.42660355048686 -36.5105497874331
0 -0.356406678587859 -2.08277749249403 -3.17622058672918 -22.9888173233252 -15.0493226659268 15.2206743153246 -32.0255478063337
0 0.0857520084515215 -0.787801110983814 -1.67751476384531 -20.9626343404522 -11.0823589088665 -26.5067830811136 -26.614110800286
0 26.1477412541919 19.506834470493 -10.5464345666846 34.661965365718 36.6878150749598 -16.6079709370929 29.0504404995375
0 5.06337458685677 20.7319035012308 28.8544207810595 15.8243576397748 38.3223846480102 38.9040002725882 46.3381333271932
0 -0.244065170982246 -1.57608917109678 -2.59664684953348 -21.0386967982964 -13.77009834302 16.1008089733176 -30.1671943815222
0 -15.5083032405781 11.4453364754736 13.1927443241511 -241.851724117935 -43.2968844313776 365.606918722011 -45.7322840057063
0 1.91826137013054 9.90771349962955 10.5054917833682 -4.02704654818757 9.15200796833767 32.3941869970605 5.12391431357688
0 -5.69239904066191 -12.1516631695148 -47.3117701426846 -14.9894012132465 -46.032864103531 -66.6347087047961 -91.4154400120466
0 59.4656766065735 38.6658409045108 19.956169474696 62.0177502662508 65.3821303016738 16.9329812850395 63.0769788743026
0 10.8548570815532 11.8234138224469 16.2321090579876 16.057215110435 16.1706127660727 15.2509895734562 13.4529154976583
0 4.65505969687511 -0.344039574968999 -46.1102081669623 1.72678859082874 -15.057397190842 -61.9347031659762 -50.7907398332106
0 35.0869242187705 20.8417569938857 -24.4605322173598 47.2208496232066 52.6916978572666 -29.5278887858732 56.6437448847999
0 -4.55546996974419 8.45847360378531 8.08358090001479 -198.401628096547 -40.4459164526176 257.990934972869 -44.6196748141594
0 18.1684082707728 6.75826484656066 -33.0979550263347 16.6135149799617 -4.24770410447408 -52.9459424103538 -24.9844487004922
0 1.78143801766205 2.7799325574569 5.37368540408471 4.84865667674887 3.22477568234359 -0.258840548552485 -8.61639735570014
0 32.093953768146 18.0119515219041 -21.5371522033454 42.3697580160887 44.1690063620518 -26.7782713455425 44.4095359909185
0 5.35682578150719 4.61605718809247 3.08619776741905 4.79693859054036 -2.99763146031531 -12.8678235477608 -22.7812410134729
0 48.2839436837295 20.4044629184161 -28.4890076511128 49.3791458721566 38.8838969716629 -41.6024266029335 36.9503690152095
0 2.96802421601066 3.74130915238367 2.83683139262301 2.54476955022791 -0.553889081960754 2.62575906516965 -11.9207187738759
0 -0.984518820936842 -7.05843528009012 -8.82093697789264 -27.3957708394127 -22.9626235758521 -40.5380732685385 -45.3998394230746
0 1.37698681042756 4.81608656044692 4.75042924511925 -11.4380899022077 1.79000135656174 -9.54908785085297 -7.51154765142906
0 0.322957032266167 5.85996543618913 -17.3937442182578 -17.2426309316237 -26.0538960812194 -40.6138531909513 -62.2493948151457
0 -0.250871271147332 5.38651980108958 5.18206586779968 -51.3466873931829 -10.0441160008596 82.0285353678827 -18.8024598629327
0 30.8200775038184 22.4520557113746 18.7963689005159 40.5598339061598 43.6634782289552 20.2848406715282 40.4598535909221
0 4.07540491867643 18.1182760647186 21.0385666298116 11.4535231511433 29.6081661731679 27.2719597513987 34.5317858162659
0 30.6271977587209 43.5456213798689 58.308764038605 57.3330582767479 67.4200781124029 62.5037714328486 60.9156429543275
0 0.350258627245125 8.30631263438499 8.5203215022209 -60.6186296192645 -4.079492481839 -13.1798233207481 -9.29933277907469
0 9.44168343157227 11.7669650685307 12.6191107520598 -54.5639545070061 -2.02286604230881 -28.763919235573 -16.6083031464049
0 37.7915526922969 19.1359434223543 -7.28618881456899 49.8028540556124 51.8052718652115 -8.01480968552518 60.3160630898767
0 20.1496714024799 -1.75008632374221 -66.9624229061126 22.6494855575476 5.94234259165701 -82.304439200328 -5.48481566548364
0 5.2574597682369 -18.8133134435101 -85.1086639389564 -1.15373719853287 -35.5651695130278 -106.265226788122 -64.2191433952303
0 -9.20004804588666 16.1938395736586 16.1577652232711 -340.164054121467 -69.3273933108608 697.370172191847 -64.1053821251123
0 -1.59273669478564 -12.4785378014301 -14.9491370632196 -32.1479325037293 -30.7977496967816 -49.4661408775334 -58.82551018093
0 14.0228010015635 3.60877151395525 -17.9361094235799 14.2659302898759 -0.679406582869532 -25.9720927588281 -24.1094691321555
0 -4.62150301891679 -22.7530559107989 -107.26510912186 -14.7027522500263 -51.1893074758214 -134.489809077797 -94.3614275792126
0 5.95824041777662 23.1987847939559 52.2810232040006 46.7660586772908 49.5159284726263 60.6429924336338 56.568628586174
0 2.37327756250825 14.3640339961753 15.5376314368561 -18.0283164585924 15.0753889129968 -0.496732995984303 16.1171416680263
0 37.42809511053 24.4895374613055 13.8113626197872 50.0198136552193 56.1456771964198 16.4681166106976 61.8813268717012
0 37.2723293162436 27.3520132731467 41.6162140138061 40.5128294201132 43.8805200415064 44.2958405108909 36.8747307349357
0 11.7541688753437 -30.341374901687 -140.167722282781 -8.0159283931296 -41.6203333297737 -165.548776597666 -81.1178929858907
0 5.92673898268528 -6.12810632454105 -15.7949428781704 -23.5829376986214 -22.2028695489346 -33.9868344072659 -64.0093780301352
0 21.5856994731961 5.13706945903758 -38.1100954563568 25.4866553120537 13.85927014406 -48.5036097705626 2.52550736738488
0 0 0 0 0 0 0 0
0 0.710961510716631 -0.112648959855012 -2.49419923399667 -3.64826473075478 -9.77535295611678 -4.21257663677812 -26.0673887012287
0 0.382188190471612 -0.2334063861112 -2.15519557949003 0.286565491469343 -6.21985023093616 -12.390361939714 -23.581085637307
0 -3.3730906180175 -11.3340531785108 -14.0484021776609 -23.4624816947228 -29.6596019629514 -11.7097779233156 -55.1699362101808
0 33.4248493090389 31.03559024864 42.7827347654441 37.9321816734457 48.2004702222868 53.1680156967231 53.4746559032932
0 6.01850823604866 4.6034850576446 -12.5717324452324 3.82797742556455 -10.7219981569573 -22.6823900062156 -41.7541765897329
0 1.88091966828898 -3.03368889692858 -33.3689693178302 -3.03565003995089 -24.5236857552734 -48.0008550705217 -62.8504013615933
0 7.18043272531212 -4.60886239855796 -39.484458158938 3.72300845485578 -18.4589291512706 -52.7087754361135 -49.0925769237815
0 1.35017843666212 3.59061219814425 3.42501543196298 1.31380445786864 0.754537885433577 -5.53736912818333 -10.2752003975271
0 -5.22673842173097 0.37892903619027 -26.4175143763561 -27.1681869817984 -37.6471447785066 -43.7202621569185 -78.9937022545429
0 21.6779016225385 -48.8240597069199 -196.516269731851 1.84339997816932 -46.4036617492909 -225.275578188861 -67.9549060826598
0 -1.09802329556753 -11.4622037421762 -13.9333809384353 -14.829593554215 -26.0228547698068 -36.2444231759339 -53.1056916564972
0 8.14604349569852 -23.7644462712741 -107.637740981727 1.89915847384711 -35.4665429420256 -130.410608339162 -60.1452577345123
0 1.83623344926961 6.74312671523514 8.09297771037818 7.64107085263534 7.3898203461819 6.50417768980358 0.0449477318503728
0 0 0 0 0 0 0 0
0 0.434600464534027 0.21472309197303 -0.508831167386364 -15.8927940871836 -8.09556938247324 -21.6768700277959 -22.5631884503428
0 4.18764454546623 17.045598750264 31.2665061271643 27.5700734988319 30.0750844223055 35.1862361220109 33.6742797632732
0 7.46046244429353 -4.19385069370096 -60.6835228273508 5.03667713830048 -15.1080035697373 -78.7460403565166 -43.8838576568224
0 6.86961403886305 28.2759542132266 55.3398741860844 42.9966384052421 56.877458043759 69.8493357135246 73.1452789188347
0 73.3080421428511 42.2749557153006 37.5545008886135 76.7996912452828 81.0922341124234 41.561606284405 89.7977273779308
0 5.46507112045258 24.3150252876491 38.6861560229031 29.0755051860295 43.809283714348 49.1467582495835 55.3060878509744
0 -1.26374494206709 15.0171699706933 15.8199552357514 -120.525250987714 -11.3708568860598 208.656258633077 -8.87711534225343
0 5.22962529224043 8.2167145230488 -13.399048141732 3.87009149020566 -6.70742601817738 -24.8356828267311 -42.8169873292271
0 5.67507592179071 14.4918066754028 21.7449621131678 19.0831519655182 24.0208650399784 24.1184931228088 23.6073768608256
0 23.917284487104 9.72629691061918 -48.452444895061 30.1231049612505 25.0819619625879 -60.0885848709261 15.3698045398718
0 2.02595608993276 7.60244352955222 9.46818430112614 7.85641767032603 9.26015298430134 7.39688386247579 2.87576097493922
0 18.687058283964 21.758708836549 14.5278326921636 24.6345862148534 26.6657277286301 10.1881606775369 7.95739777612277
0 8.49006232210269 8.67265693704979 8.85551235866356 -20.096139303982 1.95252203999329 -20.9418845862444 -15.3917014129106
0 -3.15469377732205 -5.81840408087936 -7.69658204046542 -88.4807797063952 -38.0979841949346 116.394210789145 -58.6747960458775
0 -14.906167458397 13.0620440702928 40.4377385253646 42.0511928650699 48.3055856174989 49.9161004998068 59.0123649868393
0 11.5481018190409 29.0907435467613 48.6733288956504 40.7254187535683 57.378651949256 61.1370512792189 68.6144722915856
0 1.70499543342131 6.61932973849944 7.96633104350826 7.10273550547218 7.5575592811606 5.54270784408812 -0.0943040022754484
0 3.03293588914056 16.8745528463361 18.4314128112605 -11.6556929756969 21.5733836784024 9.0366301628351 25.5296461843188
0 15.0707082939345 22.5017901273306 18.4147200346943 22.368359911805 22.4016254578448 13.5438148035385 -1.81375813122992
0 1.01847296441933 0.868402185046512 -1.27047461755515 -0.115461376401631 -7.13461485449523 -6.59752217124626 -22.1250690313409
0 0.983107365836787 0.573994583226819 -1.91397217749559 -1.15107454752998 -8.37747116569318 -6.35411669799414 -24.0142536952012
0 0.506286537008129 -2.01437632015823 -2.96451443792189 -4.63021552132892 -8.41773830277881 -15.4630037841609 -25.1956432299302
0 18.7953459192759 16.0504821639401 7.68033965672798 23.3712708300062 19.7512696488771 3.24537397608904 2.06469995537076
0 11.1714059942215 11.6759877256151 -9.99960504647898 12.7141853891247 5.48384152356647 -20.0854352981509 -21.4429243251659
0 -21.2756630635824 12.8141220373474 24.7017569871653 -22.1695002167777 26.9186391417852 7.79501258647196 41.6550478588361
0 3.18522818412188 2.30486937949264 -24.4404662627426 0.0399094490061085 -16.7007585026231 -38.7411923811143 -52.704907545489
0 37.0361472318492 32.2545815058831 44.4849721849818 31.0571005780118 56.7882897415371 56.7367333526143 53.339674370378
0 0.99135218312284 -4.0494630690616 -1.2288767570523 -0.283292131798209 -6.79270381454174 -10.9398122858231 -25.7157091469693
0 -12.5543924349407 -12.7553930705226 -53.1126967035311 -24.1372531769054 -54.8600326059117 -74.8215687675231 -110.695913774298
0 1.5736581796636 3.10051894881326 2.8900399580283 -3.3762647887652 2.21253659901175 -4.52443745181877 -8.96706673345321
0 -4.58582767488743 -9.96050880630493 -15.757702665861 -19.5466668190426 -30.8574937843076 -19.2753469310539 -56.7151549014044
0 4.3817536536985 20.7873510510412 28.7296716111262 32.0523189600583 30.8619423652696 25.8488516715744 4.49780038891956
0 -16.5583979156117 -44.2863299770661 -166.045504697484 -34.606687600377 -89.7774709934426 -204.577305589912 -145.693011123069
0 0.40110039772745 -2.77448616307291 -3.81079805007434 -4.10421462744543 -9.69394535171586 -16.5138701071151 -27.3420545933142
0 4.25265774290501 5.08042618594098 -0.277741607139319 2.14188233557957 -4.44066183599863 -10.2977726988874 -18.4490471726989
0 1.29920321910731 10.356511265659 10.9311169167889 -52.1420899401473 3.95392043444676 -26.5846378216897 1.10732628436463
0 1.00256243920369 0.521999038984642 -1.85601095703846 -1.78409884751004 -8.44144974490494 -4.94387342562039 -24.0755734440367
0 1.01289983483454 -1.12009857419895 -24.7349679119147 -3.86826277115229 -24.0809674957457 -38.5715813695099 -61.0403057287171
0 11.5885162442479 -9.26311386006032 -24.9321369309099 -70.9619536945362 -48.485193604763 -43.3129582948833 -103.979424212873
0 -4.68593825061248 1.52587475585768 0.32754150816444 0.46162460812534 -2.76134454357213 -5.24027708269548 -22.1321997423357
0 -1.04676013435516 -9.83246007636578 -11.9239171094209 -21.8740505464525 -25.4395584170708 -40.7067523423775 -50.9322089353169
0 -3.29476969065951 16.4538790133385 10.161781137758 15.3761714433592 -9.44426010829319 -12.772155239333 -36.6044300023325
0 1.01814883627497 16.526359057084 17.7865236978391 -61.6224276238256 6.38138827089338 108.803308176279 10.0225107362468
0 0.727090281301575 0.0022749487387439 -3.30439291159047 -2.11800107921224 -10.699879003274 -9.13551287188506 -27.6290477592908
0 11.474024361085 -22.7431633537012 -110.852705086365 6.62580110236323 -28.8377224888654 -132.632869548171 -49.7149600598929
0 0.876747321024348 0.591978548759415 -1.88524004120069 -0.365764712198284 -8.09136177132691 -8.44568006022975 -23.6400305172729
0 1.00233619874729 8.85083432226705 9.20833433343203 -28.6067874893075 1.42061800829821 57.094523604061 -3.70834242400733
0 17.7766931553102 -0.0727189282284755 -41.3935579848959 19.1024266856703 1.95230733123277 -52.7395874383594 -13.8007551198015
0 -0.79891752719427 -0.0777978066330078 -2.98176039303821 -17.3221311300385 -12.5201226803264 -31.5622763171008 -35.2941291188836
0 -0.636974329359198 -5.26917278620298 -52.499724016428 -20.0189204941816 -35.1013496044196 -71.215325690477 -96.2415290848358
0 -0.879699084936476 2.67552896069461 -21.6733275849601 -12.9938687142847 -22.4746003219053 -35.6586559823309 -70.6494280339105
0 -0.381803931928889 -1.44518074032866 -6.42872725261292 -19.5008489010365 -14.5906634231211 -4.7375159744994 -42.9887167070852
0 0 0 0 0 0 0 0
0 11.8739396157375 1.51982774779451 -48.4995530651935 11.9395765763946 -2.69996463540566 -63.171334535629 -27.6451323725379
0 1.36818168741599 6.56562841869296 6.69949953062316 -3.91751764474394 3.7733823507234 23.5727402941889 -3.66073196508249
0 0.979246640416594 4.51732917724623 7.02285393478162 5.94406672649543 6.7736099380534 5.86024256132234 -4.53648098405736
0 -16.3769531201809 8.5613831598104 47.3185775697741 47.8511410768735 36.7357667772399 52.1905557761725 42.7036306311004
0 -42.8910268813848 -25.7993831105481 -55.5583892178433 -49.7953741773389 -82.4623830272804 -96.4195043742674 -122.500067390395
0 -5.86458091794549 -26.4796794495573 -96.9821896777538 -17.7135020134033 -59.6492755768577 -122.426947859315 -103.645144707709
0 -0.0688570063352234 -3.85776575526114 -5.17046810852561 -9.71135022014029 -14.1782523497936 -24.5038693889313 -33.2475825945421
0 -23.9691456927213 14.9576146913913 28.5569590851523 -30.2980003729319 27.2906080567744 62.0377280161231 47.3863018217581
0 9.78463383448272 9.60586606328735 10.1794832550694 -19.0800216294003 4.81515792398015 -16.9994884185641 -11.819102740334
0 19.3327055979082 19.3057967194491 23.0579019935559 -1.10702176738798 20.1516544532747 33.4917449555957 9.43681120123798
0 0.621010588583414 -0.266166602055264 -1.0218651214058 -16.9017468308917 -7.10832150293726 -20.3958172025109 -21.9008355604055
0 10.4226013079882 22.4157296520189 45.9805339150673 41.8738907363995 48.8321802338654 52.3789823974191 47.8050171723135
0 -25.6200640967962 -31.0469790130647 -53.172258045383 -46.4874168499342 -80.5191259447963 -76.7595334752963 -123.77600105731
0 3.0376077088311 18.9606755673663 20.7572809482338 -5.54860273813998 22.9279423662237 84.7474806307437 28.6585030503229
0 -1.40768557227054 -1.20440807124047 -2.32730824907445 -54.8049565352582 -21.5240043777087 67.4142655489923 -37.0037813782253
0 3.16751225337441 3.99950058974679 9.04964318695704 11.1880590227903 -1.12844055386873 -8.25075150237478 -23.8867526548538
0 3.18937234793422 -1.65406552032246 -42.4890723353311 -0.636216927806771 -19.6441573270556 -58.5274318571293 -56.4898491610772
0 24.5384421537024 32.7379476550431 6.52609234094729 35.6771847348954 50.6888313995725 0.662574238356754 38.0666625610632
0 1.88163800908515 10.1386272811306 13.6831468960279 16.5912048250979 2.88889361789923 5.8029147499328 -11.3331860430533
0 3.34922793508974 15.9314187392979 22.6330433767769 18.3392732649912 25.6900551658389 27.3846209129829 27.8751877311101
0 -0.0208527758470858 -2.03668002502675 -3.08705452129904 -19.3847851782065 -12.4662542837829 -26.689132476775 -29.2925316380792
0 0 0 0 0 0 0 0
0 0.974518274267185 3.58923967901231 3.32498597561725 -18.535457283509 -1.84250457985773 -16.0764808475796 -12.4477957028503
0 -0.176947918609017 30.0986617837574 32.8082663345174 -157.54578860428 5.70094485521179 255.143568833414 25.076572484154
0 1.71004364675585 14.5803751028333 15.6985722625376 -44.8897444804011 9.90585946700159 -8.22138535621306 11.396940260647
0 9.19413171910136 15.2158945224783 28.5509970673315 26.227466324403 33.2212163860761 31.1183659267892 28.3471216188824
0 -8.06505998375538 -7.89914692055508 -58.3885684270701 -16.7218611738825 -41.4857262106869 -80.3183744912559 -92.9395786040649
0 0.649679374160408 0.0109048518821431 -7.66345756258379 -1.80498877055755 -16.7127088737011 -24.1831719705326 -38.0901977439532
0 -0.368526680220666 -3.05690787140287 -4.26497510199412 -26.0902866096212 -15.9078034047571 -33.3131856017777 -33.8125677088032
0 -68.0702602778818 -63.2715696658779 -192.130787907894 -78.0670730032509 -148.305960888102 -254.747242806874 -208.465584785417
0 -0.954286126649392 -5.99037672040171 -23.2523753895456 -26.4107653754329 -35.9121054073609 -38.3231447126459 -77.5126422795979
0 53.0510345809109 37.7248336482791 44.4956262378492 54.9777924663202 56.3341945225716 45.3008009278286 49.6173773808453
0 13.2527759792495 15.1802133966769 -11.692914944819 16.4250169794528 13.4885215917552 -21.5743184333703 -11.9390047493315
0 -1.62970414271057 -0.610695307998681 -4.8248547513937 -18.4088817955409 -12.349361362319 -16.2667174722521 -39.039820514008
0 3.71212277983409 8.89431206010204 0.20014848455191 4.82902649362313 -8.78801237347365 -9.48919225800637 -24.9802818576591
0 -9.28310288003036 4.42271112039879 6.99624405125536 -5.8266232849553 7.49778582456416 -1.12675922087845 -2.84801607040787
0 0 0 0 0 0 0 0
0 34.0889685127854 -23.522753504293 -153.297723289127 37.6050834453667 6.20635152920363 -174.380837335682 17.0875641181195
0 -3.07229676624249 9.63040385360436 24.4515988717462 26.4567030766965 28.8986452032211 23.6082784310039 14.1828943455909
0 5.55931168941829 -5.31777182368765 -15.7896606411063 -53.3240090147937 -32.6247564929209 -55.4502502780372 -75.1830127245644
0 -1.34015568264298 -6.97841818879562 -24.7420292061694 -29.1820135705461 -38.0076304773013 -38.9722752799145 -80.7182934025055
0 20.6460642990596 17.658794124882 3.08605315506455 26.5092047202526 24.7764828942124 -2.55073503274526 10.4670617555683
0 -0.550947901376304 0.128046421143399 -0.726936369852591 -45.4222240234323 -15.5051857626349 1.98310732045227 -29.8200046725385
0 4.18716923607011 13.3894958713778 35.8666198590921 33.6957787484216 27.3688010964437 37.034821770486 26.3608467381989
0 -14.9471385357775 8.41496677163371 15.1297110183185 -46.6065726625264 13.2602418537293 -15.032054347157 14.8433667313908
0 -23.7568235891606 -16.6134410102728 -26.1978863759689 -118.444590796054 -64.026359575533 -25.7416628297828 -95.3692531029128
0 -11.2346196686753 -3.6071251683538 -18.2679891679856 -15.0186996691821 -34.3953156182948 -43.9758046623406 -63.8614471114216
0 4.72441038197818 -4.48172272646128 -14.7941304888566 -75.5298828283812 -36.7103436839107 -18.5872184817322 -77.7383968329229
0 14.5559925943979 15.2225571342592 17.5027597737909 -44.4592528064222 9.23925968820166 -25.0304851249807 -3.48748732042702
0 5.68498060951174 9.11718967269428 11.9563775790612 -16.4676148783447 4.33947510905142 57.6241659171894 -15.3138638848834
0 -24.4472608896854 14.5119614427147 34.4328069641432 29.2064808911877 44.9634861521015 48.8599083555479 67.1943136641264
0 5.36274613446252 6.68442072408032 5.98621570440079 -19.3824836374617 -4.41121201686286 8.27168748971858 -22.7282950742566
0 5.52827017805581 13.9417221627095 20.7407767546044 18.2974689982062 22.6918194374288 22.7165867594293 21.916075214868
0 26.6297711608969 25.0384495762461 21.7087215428867 35.7555841557234 41.2252144136682 21.3797701384246 32.5318507511495
0 29.7888271815606 14.3565105335048 -35.2850110380928 38.8239158466651 37.5713039161693 -43.732905730008 36.0965098708822
0 9.83101997173864 16.5048586577612 30.9513595168208 28.5881651595683 32.9620479429794 33.6336317055842 29.3451979700828
0 0.0871898715405948 -0.721199397149086 -1.59764225624281 -16.098120691109 -11.48410226386 19.1943461980051 -27.2559311804593
0 -4.05568140830449 -20.9295298697152 -95.2132009047099 -13.827082625568 -49.558271960072 -120.504921987858 -92.1549942491234
0 2.335072322056 7.70113491885597 9.55013692239175 9.10112100800702 9.12526685470656 8.88896381809803 2.82340974550356
0 -3.31988813406289 0.610610263481465 -2.09271530449463 -21.1618278903075 -9.41467247465766 -7.72606155952088 -32.8235397692948
0 33.0634176404442 26.824498951153 23.5140456332173 33.243896637883 26.8693793283275 15.8256144792982 8.50457836492312
0 10.7103185977869 11.2662108649439 14.5350237825611 14.7478188181808 14.4136722729462 12.831505796068 10.8003582497594
0 9.31147598191737 11.9474742631517 12.8374167058701 -43.8349802240871 -2.43552034165313 74.7496074930063 -17.0674917559764
0 5.90300580351046 2.58338196545755 -14.5225476494029 6.96179717276279 -3.90236605612307 -24.1149671565522 -40.4159962940922
0 0.617750106633579 1.08881187421254 0.490121321878844 -10.0818941767236 -6.18263910736297 -9.72482979039948 -19.8444139911376
0 26.0235491119157 30.0735302540802 56.0109181288117 49.0997973096272 71.033328795429 68.3983059934828 82.7089922248155
0 11.7851331926564 17.5047893865193 4.61510661291875 10.626619337322 -2.47911911626271 -13.003279704179 -30.3429726033364
0 7.66324229698935 14.5352334611946 22.12123855996 19.6929058774782 24.2368280726143 24.2895195562167 23.7690417774967
0 17.6268980780644 15.644116297971 21.2964888754476 19.3751795825346 21.3642445230025 15.4769301011408 7.52649471770089
0 -4.01721547446336 -37.8077081376482 -125.930848637579 -17.4663930286317 -69.0812758114036 -154.063978174818 -107.86560452926
0 35.5654741200256 29.7309737851671 25.8490278434834 48.7804348016381 58.8167683650144 27.9128179440997 62.5329813558733
0 -23.0774779058857 -9.82783326131389 -29.9017623628118 -28.8414870259437 -48.5512814123834 -73.2774243722386 -81.344682797151
0 10.8150670314148 0.359065598192423 -31.7283062028786 9.72993826246807 -7.86621324356717 -43.6410830780781 -33.5665300514272
0 12.1470141373814 -2.38875071265055 -33.8691303691178 10.7215903774919 -9.4067529011686 -44.6994421153376 -33.4318165669124
0 0.454802653758456 0.0217312362334798 -0.722508561868173 -8.7233439066802 -8.16068334933881 3.03913401799177 -23.1049797106483
0 17.685134545733 8.81762029773721 -11.7591928510431 20.4351894908524 10.6570223567744 -18.6389918442364 -7.86468802558021
0 1.77320361351762 4.96308606132609 6.90293302460594 8.19221937006123 3.98562562437492 1.01806851158883 -6.59456562950387
0 6.28963881300716 6.08555387273145 2.59338272714834 8.73026976188325 1.37965414259307 -4.56540892350351 -13.8809655395427
0 7.48756727103942 -0.852302398785017 -32.5765991366481 5.10045454336668 -14.2709650796257 -46.3115062917065 -43.539366119464
0 48.5676905861027 31.527693819144 81.4962220332496 87.3926155911697 96.4625064337104 98.5438496270136 111.080588581879
0 10.3841807436477 -1.38912608325953 -34.7950251343148 8.66555113638414 -10.5714350409486 -46.8091612705268 -37.5039580249619
0 2.97047773588326 6.01299061169104 4.43080119047875 4.33008852753417 2.49643015477673 -1.83124508924174 -13.647035445828
0 1.78039716270465 -3.19825213641909 -21.4615903181459 -14.6316725378842 -26.6815978793326 -35.3477416763933 -54.9875287083017
0 -7.45835996247886 6.22981870135517 12.9279510070291 11.7253130310629 14.0747479183353 12.1621780573701 9.00077927819318
0 52.3552222149307 36.1260137068868 56.867155059356 55.7457591476167 63.72381673512 64.5551617651491 61.1955072268685
0 -4.37625206520697 -8.02158532408851 -26.9013100699247 -12.8232659833923 -36.8413734375149 -45.2200730000025 -60.1046590169309
0 84.5892737170854 57.4289515776494 75.9313365934858 89.4316533391022 104.90822200308 87.9600944591211 115.502908659532
0 46.6003631043375 42.7452720718556 64.0109043124045 57.3597105733056 71.7826659904589 82.8548185326308 87.3780652987661
0 0 0 0 0 0 0 0
0 32.3389102095694 13.5221427564272 -8.75977428322417 40.9773278025582 37.1061542424275 -9.9763859865065 37.8798452950273
