0 1.9457625841095 2.93370253498487 2.94438068071922 0.645250807854095 -3.18211256287773 0.225043567581196 -27.6767390277734
0 0 0 0 0 0 0 0
0 2.53653507391346 4.01479945773761 4.12408236848867 2.39624474567793 -2.10953195419075 0.315575033222431 -27.223792847055
0 5.88509213886904 11.9048827467851 17.0811539307246 16.7492490779501 18.0039980459402 20.145038914693 5.48483968121652
0 31.3294706000472 43.330187059222 54.7310011806025 64.3374142314317 68.7574064130638 68.5902192382623 73.1513782385127
0 25.0166992856932 26.0184709858128 33.9218292633127 18.9589714735067 29.461707213815 42.2857360590335 14.8928521905704
0 2.75964059387831 0.9474416800164 0.779780352745753 13.74064308642 1.03094319571552 -4.74818058633276 -13.7276432806922
0 -1.51006632091871 -3.21617057985668 -7.73077084015157 -27.5831534843633 -28.4018958285549 -22.0870259530421 -52.4228214780779
0 2.83616039107115 -2.4298774827251 -3.72560836297413 14.0626760363037 3.2288421760269 -10.5056575917225 -9.20657013620733
0 23.6453270091318 31.6287970934532 38.7233191794919 44.6794969629468 45.639212715637 45.130272374532 44.5031275960271
0 22.7936930246094 29.6030867425483 38.2683024825932 39.0586223173804 42.0156542572349 40.6574631438911 34.8146236024041
0 29.392418122818 30.3209463596227 36.5428638787863 20.2906033366622 31.2062516331783 38.946559743011 13.8046664982903
0 0 0 0 0 0 0 0
0 23.6760418583438 24.8150398676242 26.7217190926712 25.3092134586257 23.5117431147135 26.1033799939953 17.2150722748312
0 1.16123069244393 1.14292963637976 -0.0960586477026868 -4.47302462478611 -10.3117329758108 -6.26597965701198 -40.9779656748622
0 7.34819642068882 9.3290893602214 10.7677052340978 5.32823610603951 4.07913876297524 5.36101896811489 -21.7891483466087
0 23.8207087057103 32.4993572347416 49.0151029771086 45.8202177762784 61.727015728067 64.510612071071 71.0209084754472
0 0.0745447945643072 -1.09612034438064 -6.4665132513932 -16.4041387893582 -25.0602053899378 -18.2881269330605 -66.9581329626193
0 0.89813843732446 0.058631185261667 -3.59114295056545 -7.76803429846311 -17.2111934409912 -15.2604319505129 -52.6318396203344
0 0 0 0 0 0 0 0
0 20.9683553728787 23.5457863715007 31.637379058427 35.4259190919592 36.3011312285951 34.6049377993552 29.556558735174
0 31.9961062900268 36.0640843488341 50.6506424305832 66.7212003825275 70.6711526568452 62.4507221924565 80.3063166262491
0 0 0 0 0 0 0 0
0 0.313418944767467 -0.64501683569264 -5.19178365615077 -15.3357369183173 -22.8945503126849 -15.4975616792926 -63.026041268439
0 21.8522376093714 21.637631301626 23.8529904448698 6.65773244375092 11.9683964953368 23.9356134702775 -14.4594457286389
0 0.507445703709565 -0.222444763140932 -3.16339852255023 -9.43692222792174 -17.0253461174561 -12.4184555556843 -52.9920575619874
0 5.20246508929551 9.54942122123376 15.1178367623505 17.4667015385717 17.7062689188553 17.6131252322547 8.96424852437003
0 0 0 0 0 0 0 0
0 9.28647145366487 11.3477627207557 12.4178148660642 6.39531888676849 6.89856045087433 11.1291991212387 -4.3065198630334
0 0.222077258845943 -0.660943062082606 -4.43534440104166 -12.4390929625081 -20.2298448445083 -14.4376079748342 -58.4463017702297
0 2.30373607535808 3.29746294176823 3.46394770123523 -1.14159034753664 -5.31452841196202 -0.566786868050656 -33.5578169520906
0 7.32884420706957 12.1547023248888 15.5120772315737 13.1693705431825 13.5689610252684 13.4846537876719 -4.92211491149007
0 2.78024804160713 4.6669660148875 5.60311536749448 4.74575819369004 1.83839680413404 4.27045173312993 -18.8798825752528
0 0 0 0 0 0 0 0
0 12.2421612957093 25.277081855731 44.7475100255177 55.697295582153 67.8485866031574 65.1604996262452 83.1455648677822
0 29.5320758020736 31.3525796853643 40.719748197983 28.4667222223378 40.8085927533038 45.9908093657042 30.1132675831567
0 0 0 0 0 0 0 0
0 2.98102315742383 4.43196511560171 4.08433340770056 2.60121339890324 -3.25429185483466 -1.93801361783216 -29.1311164966352
0 4.27045879718508 6.46908109827811 7.68031879893042 10.3977987848109 6.71145304560491 3.34846921949084 -15.4582849925404
0 17.4758932237047 21.2498982288175 26.2197578563467 26.8410702723674 25.6282193781233 24.5323282589553 12.4366642417874
0 24.5172040212671 29.7368435125362 39.449039816968 42.2423708463774 46.1347218335484 43.6876250798344 39.6404251902415
0 0 0 0 0 0 0 0
0 0.867509503691181 0.710488873141156 -0.495731639693702 -5.61355566480703 -11.1078937843003 -6.3125577460714 -41.9686249317806
0 0 0 0 0 0 0 0
0 -1.74025520834148 -12.0837558194382 -22.0855611069581 -6.67141974780659 -30.203920831169 -40.5506778244633 -57.0605090336986
0 3.59805306479819 -0.14129388426062 1.2917472910471 30.1781057829494 10.4383003728603 -1.76360116434489 12.0584499690122
0 26.1457486981428 31.0692886657253 40.8837387017218 40.9723659273704 45.8190963793339 48.2257217395189 39.5240507161978
0 0.481091393559046 -0.0692107952212688 -2.32306807810495 -8.95366169953041 -15.459166626964 -10.0483779059876 -49.8328292546988
0 7.92679478584358 16.0762969749154 26.253365668849 31.2960381056492 35.1887399618986 34.0872845642515 33.4804421316182
0 2.04901891503178 3.09435799836844 3.02859298405375 0.739702449449503 -3.49245969678815 -0.323170668725174 -28.746457589919
0 14.3091079870979 13.49200183826 15.4248595538143 20.4861839633582 13.4395176182218 8.9760714788771 -1.74973299511829
0 0 0 0 0 0 0 0
0 -1.02595401621891 -2.63399141194744 -9.86270471190449 -20.2230584457935 -30.8232686288389 -24.6335406519409 -76.7324940338725
0 0 0 0 0 0 0 0
0 9.1301680608032 9.03775106065533 8.47895649603704 -2.51176701415949 -4.37605791530392 2.70691793784331 -36.4794611835085
0 14.0074484760175 14.269098773601 15.5225829307698 18.5275190245362 11.9508286774893 7.80600610923743 -8.65013289028855
0 10.2518503525343 19.5262332785516 27.9720563819458 26.8949341817268 32.1117686632819 32.4135617520582 25.6042307199254
0 1.13109958528341 -0.435324755192221 -3.70541219311465 -3.08249110519433 -11.49113229367 -13.4977473749385 -40.6799711647298
0 39.2840213715106 40.0387559799131 51.8392249063224 29.0588379653321 48.3612898097554 70.3571229976638 41.8928247019658
0 0.245501913332276 -1.02099295166576 -5.20557392996214 -8.41807522995466 -17.0373959556333 -17.4692563389251 -52.7989892699364
0 0.463391912607767 0.0114213060621609 -1.84602252538504 -8.53429698949592 -14.45029791938 -8.72281339217735 -47.8186055919417
0 10.586983336548 21.54627945448 37.7430843177821 47.367701327738 56.0754920048184 53.8698484348147 65.7765069914341
0 0.789477554543758 -5.24109914242265 -10.8270721913269 -0.441165766490158 -14.1028187537595 -23.7574283665477 -37.0621156722091
0 18.8536036347643 23.6042684645306 28.7121024172735 32.927323401214 33.0216724454044 32.6748957401823 31.0294727104718
0 13.5327463803813 8.33657653303191 7.57048565185755 37.6049754290021 14.9865674313709 2.34303699894907 24.4866217088411
0 0.428504948452997 -0.278082277602402 -3.14291991921516 -9.90276198659583 -17.1669682715599 -12.0305338158856 -53.0670055057149
0 26.6725022724583 35.6716427118519 44.0322058903446 51.4314965555709 54.8031096899184 52.7269834805175 53.3771256174321
0 41.9860334465016 42.4247453182493 53.9552707109763 42.9746518918837 55.9355271387931 62.3408753007044 48.6076044264217
0 22.8318882342948 28.681289041628 37.6342272362524 38.2964065690573 42.0128750312939 42.4740522307308 35.3447562865113
0 15.6380468809334 18.1803253667388 21.9971439643795 22.5860572383338 19.5739825185251 21.0677049491607 4.26378838639181
0 14.8199299527203 16.3450648839823 19.9324123791462 21.0916759020724 18.1837035705633 18.4529387091261 3.94959921409933
0 5.03677480807265 9.47655874955378 14.2903546719137 15.9551623797745 15.7191903161498 16.0199655975394 4.60209754294205
0 7.45119543584168 14.6217200180706 23.2483651782387 26.1587104496001 30.7079748431279 28.9124589338252 24.9984480771341
0 1.44662579686053 -2.09671166063158 -6.87913097162263 -2.65070184479812 -12.0393970286381 -18.9640977666442 -45.4301002597369
0 3.96597527425637 4.12952490357731 -0.825067532981981 -7.97674296561995 -12.9201895638395 -17.4454509346609 -33.4939019480618
0 0.404015451094604 -0.180737722076742 -2.58736754894429 -9.6448239916333 -16.1620685328872 -10.4503466224756 -51.0257580489902
0 0 0 0 0 0 0 0
0 6.26370675477635 11.694037583739 19.4288211100319 24.0374287219796 25.3131070792725 24.5267409900693 20.5540714170862
0 0 0 0 0 0 0 0
0 4.24504491479479 7.87253952052214 10.2213596805866 10.3963035339055 7.87679059460259 9.02934586646637 -10.8850068986027
0 7.95914030682351 8.42089304189606 8.93012903899911 -2.04146652991915 -1.1872039303703 3.61616856237447 -16.2568627835858
0 3.95097606946359 -12.6512864029135 -9.90148145269887 89.1189567739527 29.6277621004459 -9.26883167512329 93.1411113274113
0 3.38274971187604 5.5228972858119 4.88445943866127 5.74200012528799 -0.374608095753075 -2.07840815032714 -24.8245918789166
0 19.7196301246929 20.5419162103416 27.6146777445887 16.8608321063499 23.1632469123701 34.7912355394016 7.04199832675644
0 0 0 0 0 0 0 0
0 8.59202615783462 18.3246477703338 28.8936046930901 28.8262709388993 36.132585298444 40.0122780499877 36.5338446893086
0 18.8015855154231 24.2584636298188 30.7114176319771 30.2710321904785 32.1447263952755 31.2374011806776 21.7083763675165
0 59.6906843290459 57.5250371455345 68.5195530324858 17.2609133991955 52.6542091603578 95.4255826946079 43.0757322344989
0 35.5973548441411 38.4260635128824 44.3489744915182 48.3510752036825 48.0808506733274 48.3233671470262 46.0994623219248
0 -0.432726624040588 -0.323774143354709 -5.16254801565089 -15.2779127899142 -26.7098297315374 -18.0261244427439 -60.7212720306381
0 -1.01656548895529 -15.4069277339556 -23.0505577588263 25.1860454821788 -17.2634265053376 -37.4680304743435 -12.3173838056486
0 -1.80919592657294 -4.33755701858966 -12.827510852896 -18.9004594601113 -33.357641862753 -32.0373786804978 -74.843425088457
0 11.3547098938557 9.72131477460314 5.73674633037792 -14.6359926519138 -14.915535163584 -2.21510925975084 -54.713544224836
0 0 0 0 0 0 0 0
0 1.6772101951343 1.64598325293286 -0.953784181542716 -4.52221804439635 -12.5978428605059 -11.3683996064074 -47.1211494887984
0 4.85007654955699 9.70400685302812 13.5560146128232 13.0164847064649 13.0131927384364 15.3576320456682 -2.18573166458564
0 11.8337636960089 11.8039800478731 10.8568000812162 1.69401446091391 -2.23534576788207 1.51828866140267 -14.663614454621
0 5.14447290592413 6.13413492483705 7.73452007182036 0.715189098349647 -1.01261956693084 5.71363728753715 -27.6989588877444
0 0 0 0 0 0 0 0
0 0 0 0 0 0 0 0
0 2.88140216408436 4.85085538745659 6.04664778281152 5.47163537382639 2.95727446402784 5.23538774099648 -16.4656247844883
0 8.91819542134684 9.91699304518502 7.84497017819065 1.47697529963319 -6.69697927857938 -6.24736891524738 -36.208099033605
0 0.362638771380444 -0.397879752132123 -3.50306864742649 -10.575317215028 -17.9998208768571 -12.7110621636579 -54.5333624755459
0 16.1263670790977 21.3306341597547 24.0906176607724 23.2646871810503 22.9388343426028 22.6128448691848 15.3835859178447
0 0.503192152599127 -0.308632489484474 -3.54749791172488 -9.63366477424441 -17.6921544308315 -13.4728486085168 -54.3228002497527
0 4.73361618373666 -11.5534454264651 -20.4055823040963 24.7873109684747 -17.7353995004516 -40.6065790632071 -11.7487765005398
0 8.82666718854365 7.28206033795258 1.99840128257323 -17.5459453619338 -18.758248000992 -11.0180543330448 -60.9371211520796
0 6.18611966962569 6.58085246420273 6.0796157540238 -1.36684933373806 -2.41728341038734 0.833621124876839 -16.6981283860934
0 36.1905005442774 36.6211591726118 49.4468504006877 41.3226170454878 52.7883712335634 63.3492171233214 47.5959940703
0 4.79336518231432 8.93712805530434 13.3129673225608 14.7179462441602 14.2076702418754 14.678872982573 2.22816522963891
0 21.6479245338734 25.6357026935929 38.0288626064867 32.0013450929388 43.9818958241307 50.0757962739904 41.5887765774991
0 0 0 0 0 0 0 0
0 0.598657861954685 0.264984030055789 -1.21405259360653 -7.2564161168501 -12.8626056653335 -7.44995770920945 -44.9557436899381
0 88.4833348273911 89.1975087088945 108.816267725981 81.8370739129389 114.276741146026 150.982478053067 129.482011838308
0 29.781529832261 32.7004854906925 36.3831353211182 33.3515621808751 33.5887906755978 35.8518427363654 27.2877846866779
0 -3.23549859411346 -5.59317725213298 -11.9511871189473 -29.6081870591535 -34.1353907546631 -31.9582179954393 -61.2377798198866
0 3.20932119646682 -5.57188791160604 -12.752656330025 5.73971327814176 -22.3249470080062 -31.5693543136079 -37.1549621585098
0 0 0 0 0 0 0 0
0 13.5579567991373 29.8082765939224 51.0627076682504 56.4954535924678 74.4996054502828 73.3502279478635 93.5479199153894
0 7.21117630364287 14.3194214852166 21.4983863743321 24.0182153568991 26.972166669576 24.734259801013 16.5854760839554
0 2.34219986301677 3.68898770421999 3.82573236337912 1.97053093833023 -2.18791371113228 0.598264731645571 -26.7704784681142
0 0 0 0 0 0 0 0
0 0 0 0 0 0 0 0
0 1.05477857774268 0.877280222551355 -0.669475809742701 -5.34543189663322 -11.597515258382 -7.53691373325605 -43.3582007510219
0 3.09708422277319 4.86607975663883 3.92939484115011 4.54353330810597 -1.67115455717325 -3.72580186515947 -27.6794689987252
0 8.4286067874298 15.9670411705571 23.728169661504 23.3594150497209 27.3906873996419 29.9779233206529 20.037038118785
0 9.56839211857986 8.43564938656327 4.73425964732639 -11.0508864411053 -13.8026909466645 -4.19467624788804 -52.8353626884519
0 7.96580670197275 8.18257662018146 8.75087527039423 6.51866084783904 0.893771174260175 5.42165810474581 -20.1311880515664
0 22.7959843187665 24.4640052567005 31.4421875662689 27.6284464597967 29.7363119444698 34.9387507335361 16.0175369578592
0 -0.552478349243831 -6.4561879402812 -15.1287219173023 -12.1143610381587 -26.6196269354694 -32.3974799291832 -67.8536636801951
0 111.426154091105 110.380587934613 129.62468412436 81.7925385454369 127.120549667223 174.731578664455 141.855421653861
0 24.4129012830411 24.5775669827978 27.8275233981113 10.8959709047121 17.9398946775784 27.7844808799284 -6.05934318556665
0 11.0367082580785 11.956244647423 13.6608614619227 13.0282765120419 8.5493164632319 11.7080221838324 -9.66833293942807
0 0.228517191454355 -0.845698722361905 -5.05168804776583 -11.6241428210051 -20.6602569934851 -16.5610017649321 -59.6185686061186
0 2.6383641614119 2.89559489720384 1.78569241364937 3.42335426081343 -3.21680938821213 -5.45453302729454 -28.1583097721484
0 19.2913929374225 17.1732354193829 22.3294860921459 38.1523938406841 30.1458329352087 21.2090913356214 25.7945310235014
0 13.6839803766225 15.8587997699408 17.9505349003789 18.4878143656631 13.8436594428623 11.4263961637769 -3.85708760654286
0 0.987692400051067 1.00033790349081 0.12561751908954 -4.55633514578865 -9.55646442606552 -4.84227333716223 -39.028913598348
0 5.96229282560934 6.698995569368 7.53633399177852 2.24283177848133 -1.44457725786148 3.12898144303565 -29.7586364971335
0 9.55651496261284 20.1282244616068 31.8295314872856 34.9082947438119 43.0671275773383 41.2220321446552 42.2622403093178
0 18.7137837539876 18.5364908210074 15.1643689189861 -2.82351350111066 -6.50191616098348 3.61219057859411 -38.4517058578411
0 6.63530889392232 12.9283132798298 16.0293051979938 14.3270749949962 14.316360868054 13.1673413009152 -4.06698700947966
0 5.94237754323777 5.88301728554529 5.58665524277415 1.78354468268141 -5.48629586096591 -0.286126613226514 -29.8184897324136
0 10.7280018031162 11.4775301418591 13.1530665866612 12.5341191412679 8.34375854129571 11.6956699879228 -9.40694429139288
0 4.62247055938663 8.40726132554938 12.7525890878119 14.1933043746095 13.7367148572628 14.1271999187928 2.31330550469202
0 0.833965211060615 0.0847795908360922 -5.24911716362681 -13.0742438500233 -22.1546011582396 -20.1512552251819 -64.2091676319357
0 1.04095644877222 1.00523082674973 -0.0947525358003878 -4.72618789231501 -10.205844520542 -5.76986817577369 -40.4957116620906
0 3.04316364565299 5.11816603249564 5.76256015166511 4.69062511984643 0.634833837344624 2.5940315311693 -22.8049097727065
0 15.173723084636 13.1633547320632 10.5711086744059 -15.052572602391 -10.1567082905643 1.2696424575815 -31.386744203504
0 17.3665354356945 19.3002078926998 25.3091003480698 27.3841383876644 27.1176760165464 27.6554211983356 18.2115462797268
0 0 0 0 0 0 0 0
0 0 0 0 0 0 0 0
0 5.03957659842573 6.11473992183765 8.41124064574202 14.29022632127 13.7276404877973 5.77651191381536 -10.0909154438824
0 11.3849176128821 16.2166815270556 22.8671011184962 19.3821728164036 24.0198359739956 26.8832058600411 11.8058451832586
0 6.81499258152927 7.44387659571593 7.07670446178243 0.366459224654092 -0.659377070776234 2.43024504181598 -14.2725307934671
0 9.50425759500561 7.68127134988041 6.39103664764331 11.5788212915853 2.84823082378418 -1.43127711646747 -6.48298638784435
0 16.6488484700166 25.6203190358982 36.135263603343 33.3603348844732 42.1549286773843 42.7320915378429 38.6638363159587
0 20.8463373952409 23.8592253419785 32.1493207940015 35.6323231030297 36.9479146924625 36.3906297703646 31.1574504828686
0 16.4074696877259 18.1630156124202 23.4914331256333 25.1783474595694 24.4098719327545 25.3655669893598 14.3130550605641
0 1.96703257861338 2.35729887737875 0.953986052297778 -1.87915639217674 -8.69305352597421 -6.5611721122556 -39.3044097614842
0 1.29285033194003 1.58181255058973 0.958756228943408 -2.90228868622859 -7.64398807213027 -3.42337810154845 -35.7080684304541
0 4.94542933392127 7.56336978908555 10.3508795556802 5.8763645599887 5.31903278551727 10.4578777316663 -16.4882206648003
0 18.390402420434 23.0195069801471 27.859782854217 31.5890072977461 31.6094552799008 31.3930969234628 29.2669763832913
0 1.08206522852553 1.19719901245854 0.460596799127635 -3.92504094928108 -8.7233743243327 -4.13162525684722 -37.4926264016579
0 1.12554076062761 0.770753376114604 -1.45061579483508 -5.87924720317633 -13.2632084777917 -10.0326579291124 -46.8529756502137
0 0.451341685910288 -0.0114683273387923 -1.91121359847276 -8.66649332465294 -14.6145421863914 -8.85448957749602 -48.1147663451286
0 4.34760502018132 7.94653624186417 10.116347857388 10.1875208332157 7.3206404823712 8.34375118445373 -12.0807189778108
0 0 0 0 0 0 0 0
0 15.6107876618511 19.8855648893177 22.7308601429462 23.2665204282006 22.3601400686905 23.164323196576 15.7278268239576
0 -10.7557507981497 -13.6334014030145 -26.2275284279667 -41.6853950317077 -55.6485528340497 -47.3181992849655 -113.221695270018
0 8.94416964871345 5.17520645419923 -0.673440177029033 -5.08316191524137 -16.4212193487707 -22.2192439532919 -28.4717566640666
0 2.71600262838484 4.50888970523325 5.07909608528181 3.81719014576842 0.112615575181322 2.53958296776916 -22.8280196864394
0 0 0 0 0 0 0 0
0 -0.842967643480978 -4.01088267548729 -10.0884690466215 -13.5461819925783 -25.5205681251366 -25.7112416438271 -66.9938144868308
0 35.1165019829619 40.1193135195743 45.1019484999733 46.8912004800285 46.0113837194552 43.702671518756 41.6616081150317
0 1.21260751270876 0.327586341631055 -3.69889070276959 -3.92659810782077 -13.0282387794361 -15.6064083540484 -45.6666693917346
0 19.2513599737999 11.0516542485979 11.2584398223937 62.5043181514078 32.3751326697351 9.74369569797342 56.9656283533862
0 7.56357244568287 12.8526520138845 22.0556907021401 33.3987390588062 34.4024271912999 28.7978690325873 32.0994318186035
0 7.72841857519718 9.34669593236615 10.0356657761014 4.90125429751843 2.4825786059084 2.59218889306413 -25.3974316453252
0 0.0186757514894338 -1.21399540833492 -6.06670862534266 -13.0247368568706 -22.6523344491405 -18.5492620134135 -63.1153841178832
0 15.2790338375284 13.7754166515463 11.3628606385934 -10.4756879809079 -6.86281570101074 -0.651216128631415 -27.6526006794582
0 0 0 0 0 0 0 0
0 0 0 0 0 0 0 0
0 19.7310036591448 19.4787719849975 21.5972447415003 8.58399820253773 11.9848957932998 18.2472683400698 -1.38093706882866
0 11.4904732854007 14.2636511708634 14.7605268547012 11.838418760791 10.3230121303978 10.0162257465496 -0.802868183300308
0 5.22528679051988 10.0191910474774 13.9486592718076 15.1793060405394 14.1161791780925 13.1665432198076 -1.03142068871793
0 3.08194506289373 5.28846029166236 6.69890935261517 6.29760033118398 3.8343490451711 5.92226685833531 -15.2303544528029
0 -13.0879228913869 -16.503918258289 -30.3011350990383 -50.8150750962244 -63.284862364051 -50.8970723246434 -123.636062386669
0 1.91235708143949 2.0776157582136 0.181090335101416 -2.64000629739164 -10.2450314542503 -8.54355177314323 -41.0948940455219
0 10.5675476139985 22.2237724650883 37.1401336008092 40.8672846276424 52.9230714726924 51.1070005741713 59.2557985636116
0 2.36872734367522 1.18764027298014 -0.830421391031161 3.04687776525329 -4.95070552387353 -9.33415183800295 -27.9834130677801
0 5.64086156187609 11.0973206486448 16.5072949372477 18.2667639549003 18.4648328524657 18.6715928382805 7.47602460982664
0 6.00413756710237 11.4145961878007 18.3188906484448 21.6914576656423 22.702170570594 22.2541250345239 15.995986155144
0 2.22459144768582 3.45978793706467 3.5432505506407 1.55048342929125 -2.55711938742333 0.400499244772319 -27.2087401141291
0 0 0 0 0 0 0 0
0 8.92768091600396 16.255052180984 24.0541362131956 23.1556525194117 27.6690717897085 30.6749492323403 20.1611777771016
0 0 0 0 0 0 0 0
0 2.68658490856945 4.27792521242358 3.54592869112549 1.1719601113148 -4.17750245357763 -3.36771381135985 -32.6107247081775
0 9.47237415598518 9.59782445521244 9.71814256184636 9.09114196319549 2.10059240553205 4.27452529133975 -19.6968426231085
0 0 0 0 0 0 0 0
0 1.3538358631651 1.65572305871475 0.962777290974018 -2.81549877874385 -7.77562268732026 -3.73439964570793 -36.1458772840932
0 2.91444358598894 4.69977752542804 4.94626083069886 3.57703289814394 -1.11572389539549 0.779085127401637 -26.1583242937195
0 4.04887628629873 7.23763566972935 10.4568219608183 11.2348193716092 10.0895991156394 11.0416255100136 -3.92476568979971
0 23.2411363649498 25.9324411976141 35.592172701774 27.5817196660201 37.8482462465252 40.5694705925058 28.4603693523752
0 2.55479760258752 4.13942258608197 4.47121413681079 2.922598244063 -1.09168966479095 1.45879408242601 -25.0142251605705
0 0 0 0 0 0 0 0
0 41.8135534333887 42.1495735553211 54.9350453857036 44.8890328566556 58.2660524815867 66.748914498708 52.8971514378497
0 16.4618062011413 20.8060933192092 23.3941304475158 23.5834710624244 21.9411673828017 22.0912230568864 14.4866530117353
0 0.900333054471204 0.789665566823481 -0.319569631224767 -5.31804846405719 -10.6763208191589 -5.90246057430624 -41.1559482622278
0 2.04950561983626 2.75209546676855 1.93294512995754 -0.736320804890925 -6.59320473685531 -4.05872352975981 -35.3844467177133
0 30.3317006122437 32.6857270842648 36.5780244787044 37.8335827560527 36.5215082816567 37.9075892285794 32.1378028845089
0 3.84433560037759 3.16537346240823 1.46241132051424 -8.94859069628275 -11.2133060183444 -8.41883738056843 -29.4954478840381
0 26.5573265595454 34.0397059651786 43.3371847084977 55.6406727449774 56.3546816447544 54.9324118206315 58.5523838701476
0 6.93028618622309 11.9811532342738 18.1706674628966 22.8777712317358 25.9946353373248 20.4445705145285 11.1451924008284
0 -1.04565931124891 -2.61512794897799 -9.75243740185395 -22.439708889034 -31.6123353791268 -23.1615496376704 -77.4453407715432
0 5.62685980045243 6.44272183893751 3.78827000461395 -5.62154857398864 -7.83805841869384 -11.0663720886902 -26.9836625137239
0 29.6871852989205 27.6213735162046 28.9027922142148 -5.78859856815089 8.69063037621682 33.9567544126186 -20.7473948505832
0 19.9917071419899 23.9597827362017 35.9482802853059 30.4181327736839 41.3796633990032 48.2943678915798 38.267788274335
0 0.410461595487388 -0.706525555287822 -5.68202368280621 -10.8310528780214 -23.9614139836921 -22.0180686279579 -57.6442757903391
0 19.274478791498 19.3986648379009 19.8810730147686 5.07376698356089 8.49918761365958 12.5630417126344 -21.0054698310374
0 11.5586960490402 11.6388826188807 12.2899026636167 2.19629417703477 1.28699827730102 7.66549131701667 -28.1950692203106
0 0 0 0 0 0 0 0
0 0.543506464069758 -0.0983481892739366 -2.71689544747391 -8.96574881916497 -16.1394212801613 -11.3404226256414 -51.3170620606184
0 0 0 0 0 0 0 0
0 4.29003232588625 6.19492864838193 8.19033655190566 14.557256164658 8.51193361010096 4.85661859377612 -5.52590220208284
0 34.9608786555159 44.2624218076457 62.1247664354849 63.4952415695395 77.9104012454509 80.519992382505 86.5236704712602
0 3.30152656452031 5.71884739136467 6.73080198535809 5.99237950906169 2.31634761889045 4.1000882894623 -19.9480012759287
0 0.62029603060275 -0.562224526693296 -3.20359785165207 -18.6389767449369 -19.6312809901377 -14.4762785320494 -40.3507121859424
0 2.53536087347982 2.29087346257579 -1.54827717996691 -8.15290170975495 -16.0201425876092 -14.7004123207842 -54.4763741345286
0 -0.912085788551684 -6.41426397262896 -14.2397187481794 -12.4795870999082 -26.658207086398 -30.289074145935 -64.3015842399751
0 36.5872837537075 39.8200667798721 45.2346259199112 43.4118258745028 45.3040447863782 47.1238471348349 40.7959339733065
0 27.0684401523093 34.6658226210161 42.3096292191791 52.2297723342406 56.0085517626372 50.5738914564218 49.7670974052448
0 0 0 0 0 0 0 0
0 2.88496471994795 4.7858711133097 5.85240118123144 5.30474887185951 2.51673344657045 4.71715666958715 -17.7072650289355
0 10.07034177237 18.694464605095 32.8374446141741 52.388181004863 52.6112897440043 45.9611423718931 67.6749025261382
0 19.1360556844821 27.3815746826497 31.7705692169935 31.3555771341485 32.6819973567668 32.1295622264735 27.8275666143541
0 1.90998436585332 2.72498813209341 2.34540858173737 -0.344511298745146 -5.17536839738147 -1.99162094030212 -32.0463846761063
0 25.390274865019 25.4701124779567 27.7916744814853 6.18989893565157 16.2923332035538 24.6474271827983 -9.68739983591887
0 27.3620297397448 31.7916213087969 42.1354491042583 40.1592345808735 47.7064835355626 51.2812406259165 42.4926933662421
0 0 0 0 0 0 0 0
0 0 0 0 0 0 0 0
0 19.7965846187593 21.5761539101913 24.0105717750609 15.8650719539754 19.0443758137416 18.0542811859717 7.55379512681674
0 10.6866559355792 20.6308744587209 37.4255852246006 53.7565570861762 59.1191372915602 54.7337254819354 70.3041530991185
0 27.2868763817805 27.1835567086228 29.699342426028 13.4151505983709 20.5499335891396 25.2601490671987 7.96039875946243
0 2.23118958744259 -0.0581856198704287 -2.307422317019 10.5460281359871 -4.73733472034506 -11.1129721187623 -18.1055574552772
0 6.22063709460895 7.58079368313255 14.65163573847 43.8096709090888 28.3678742357548 18.8867241942135 39.6093791171271
0 0.593563600539534 -0.573979399326043 -5.08569885633077 -9.21068768670227 -19.807400901122 -18.3941156287122 -54.5832199886185
0 16.9687764416535 8.27367082528968 10.1950744747107 52.7566816895497 22.6580759149614 5.17630993408527 38.2452068426945
0 0.44185991819581 -0.109383251569221 -2.3683229434717 -9.20672212929665 -15.6245733391706 -10.0227399102563 -50.0671846884174
0 -6.82704648848581 -10.0819982292195 -21.5176257458387 -29.4435667398175 -46.3168501146752 -44.6601083149199 -94.1108633939421
0 0 0 0 0 0 0 0
0 0 0 0 0 0 0 0
0 3.86308424931951 6.50080163643227 8.72997297130271 9.79622740443144 7.14724999601437 6.44935968795039 -9.84272669659547
0 0.403327596142494 -0.243172227308031 -2.89336971309236 -9.90852874683945 -16.7707337733552 -11.2521820696942 -52.2153489491115
0 3.1756885095709 1.21196337536422 0.10062807570603 6.12991131746363 1.7029286515805 -6.99045073141862 -19.6938786156393
0 8.26608100328226 17.3684598621158 27.4863098783135 30.7274306707719 35.6579793940287 34.9478788277535 33.3104239044239
0 1.68740152484405 1.7333778056604 -0.150521136999586 -3.41019083843888 -10.7847990965255 -8.57194445660797 -42.8735280221313
0 12.7788944411654 14.228322647574 16.4855600087559 12.6771128807549 8.45770852899407 12.5130891139071 -12.8693884389084
0 26.8261964217909 25.0626127591167 24.3795635274078 -3.25818415997725 6.02029077126621 17.8397632838514 -11.903666469021
0 29.9054246458888 24.5778774885242 36.7217994215816 86.2632201074719 65.8271045745269 47.0445109079885 94.9814959146092
0 5.60708492313074 -0.252639706075399 5.47164551035729 67.9387323230494 31.2891894798018 8.68058878400834 70.8406921052906
0 20.3776601704361 24.4467816403159 30.896141588108 32.052410504589 31.9051045095193 32.4389221814056 22.1024250779533
0 21.0163608400175 27.746603299651 33.5509110161215 38.0614726785543 38.3191684880443 38.1385394471072 35.9154807923612
0 3.88941434944965 6.99959550572625 9.71658515867798 10.1849030246938 8.60573502453882 9.87547808454465 -7.1005040202812
0 7.7060737123438 6.9238530194524 4.49327072223819 -8.27724884718526 -11.9440862637023 -2.02899303746313 -48.3455051920963
0 4.07616516734878 7.32205702642966 7.77435387254321 6.0205418503955 2.33184960188889 1.73007152286972 -22.7613123048513
0 5.32821890949138 10.0135051673226 15.5357809531042 17.7307969130272 17.9417152826846 17.9415271197022 8.54222388183206
0 1.63681056299994 2.24224585233419 1.82613690754053 -1.28074409926266 -5.88345320211249 -2.19902190911455 -32.8135670438313
0 19.5604862809315 27.4915502672724 32.2944293022381 32.7572698084848 34.0106673626461 33.6741487102968 30.1337755035289
0 37.150410969632 41.5679414444066 50.2505468736393 46.607408731908 55.6371626569091 55.7348127112718 55.0639094165315
0 1.19010799149211 1.38239562229665 0.676796366947364 -3.44786602383684 -8.27959392860671 -3.90124622189748 -36.8111664553445
0 3.71649995338539 6.60715818311051 9.08684857965934 9.42525776506794 7.73326168437197 9.13152186032297 -8.3848973010602
0 0.454470726209644 -0.114858104911002 -2.44417446064339 -9.20925812257171 -15.7573998756177 -10.2697981995088 -50.3562608563177
0 41.3682104404938 26.653735516973 28.1446654538999 106.627784629194 56.550306585565 27.268335544645 102.668658644047
0 -0.348208249972146 -12.4627275094956 -18.8116811164944 26.3883382228875 -14.0746872429059 -31.8105967933258 -8.46160926376007
0 2.24759335029291 1.20570147709894 -1.24948679747308 1.32167957831188 -6.53067529436523 -10.3352528912954 -35.3882574508937
0 0 0 0 0 0 0 0
0 0.658789440559506 0.332365555656394 -1.17979224861231 -7.01668245971874 -12.7586133024778 -7.55700766631817 -44.8693810826146
0 2.3878737745114 3.84816486379286 4.3546886582525 2.95624776846023 -0.231526789416196 2.6502650180323 -22.2904406475936
0 0.494228590530824 -0.343169539259267 -3.67252705360122 -9.72746376312567 -17.9157903498521 -13.7884675529459 -54.7525207256786
0 2.21514253798354 2.74633259331825 1.35014499902192 -1.07924649994433 -8.10069415439478 -6.45725396781639 -37.6080207329303
0 6.91527925754039 1.06013382713375 -3.59832336108493 8.85411131353528 -6.47776252038972 -17.1581589338825 -9.90785586177131
0 11.896002506672 8.67222766381509 8.58593422973695 17.2815425347496 5.87624641709914 -0.376856831420479 -9.63376482934374
0 2.35166668260634 -3.42896745549929 -4.35944747118828 31.6936955419654 2.29633336192732 -10.5935792595753 8.75025558761251
0 12.3700738460397 7.59319045969659 5.57645960410833 20.8879285443955 10.7014789453856 -2.29062758171802 7.91936438095041
0 18.172425985912 17.9060778026838 17.417227127106 0.871962076742484 4.03018817441049 9.5761578031403 -27.6639151859228
0 31.2769571457818 30.7232087614358 32.7633990451284 10.8058022552952 20.9550961127565 28.6723330998951 7.57323866164941
0 -0.457098877624596 -2.94527789105854 -8.05453404376785 -11.676317928925 -22.3065073396063 -21.8120171091595 -61.6790030437299
0 3.09784461002614 -2.55197276560858 -2.00332982089468 32.0791538214963 8.5693370660173 -5.96753257409505 13.0072385918975
0 9.18881022102524 3.79221986230906 0.126171862575056 12.0702597195781 0.534480122856408 -11.2716811583772 -4.2279827177425
0 0 0 0 0 0 0 0
0 16.043222721762 16.6993173850093 17.875833899149 8.25082225842231 6.8252395132062 13.2937296829365 -3.58124822764242
0 0 0 0 0 0 0 0
0 0.478962242556625 -5.6201012862227 -12.2970026053304 -6.72594128797717 -17.5679299199021 -26.7636484190391 -48.2558835860574
0 41.3660642372128 40.0066606487639 46.2364660513872 12.9745061553228 31.826356133652 59.8009059133623 12.8543915731888
0 7.06183832256679 9.01048025205831 15.4957546323355 24.9983248228235 30.6992742358471 18.6725249231188 22.5302259047623
0 6.02327188658241 10.9941833444225 16.9611494161481 20.3370213597379 21.160483832944 19.1008281318688 10.104866140863
0 4.24954981104419 5.25385018370853 5.86664137700947 -0.186295296527765 -3.32060707762619 1.60429573071136 -31.7254023409554
0 0.362100826811158 -11.2174445125916 -16.5061655701201 29.4930718879558 -9.08598109524094 -28.1449454304774 -0.450177604910323
0 32.3322196103331 32.7793098173419 39.8162861591042 20.6386814668002 33.1608618735496 47.1092572657737 17.0144636675867
0 2.41520260765446 3.31799628209813 2.47507313679733 0.30199543708372 -5.9264741342377 -4.09917770807382 -34.5106588024396
0 2.72445818579701 4.53191096900119 5.49906975046626 4.69313771379919 1.98898071455331 4.45780347161808 -18.203067179277
0 6.09802232320171 11.903976810325 18.6014524524765 21.4139378657729 22.4742491303729 22.1902895562945 14.7113453783156
0 11.1643217365774 11.8494114234305 10.6530774082439 10.4165507907303 6.5252358289512 2.02852773562196 -9.03181801702586
0 7.95928884760415 15.9859852501266 23.9188208460628 25.4569203465172 28.6371316316284 28.5134522599102 22.3049707302817
0 36.2061643803522 36.2056365087995 42.446359036057 19.2625433130363 33.4802183539373 49.3615518035331 15.5616297348915
0 1.29449920145084 1.34214950878172 0.076607305626073 -4.00667978417088 -10.0114437925469 -6.29762744028722 -40.6592435694608
0 0.458963739248155 -3.39159451808541 -8.19729858634761 -3.36448401457112 -16.5870218629812 -20.0410892936595 -45.9608542156693
0 24.8294672778114 33.3638025218986 40.4062315224492 42.2014924001362 45.0977786200918 45.9174273844631 44.5835493493775
0 12.1874939721785 13.1718521392702 15.6848730315044 15.7975976493416 12.6102905097357 15.3670339942567 -2.96139217135248
0 2.23734808575334 3.55259599047309 1.37002337804798 0.339019742413077 -6.16964080560308 -8.28539539050591 -35.3485527974638
0 4.54658470166192 8.589462490137 11.4734721281238 11.9246577934041 9.90104728281894 10.8845978229293 -7.49201343804522
0 -0.848824672796507 -2.43776821094734 -9.46576625303453 -19.1968105304446 -29.9117284769191 -24.2343660487181 -75.3529769139976
0 10.4266533471861 11.5949877525038 13.1076823289646 11.6283812243936 7.15171901594596 10.6057310968076 -12.2300721824841
0 -4.90608991375148 -7.05541435338158 -16.402825192668 -31.366846371971 -41.8222120971203 -32.3561658859461 -92.4658295365869
0 0 0 0 0 0 0 0
0 9.43347150883539 7.55555965420885 2.76514383262622 -18.2488438166733 -19.3757142558017 -5.47142670744789 -61.001081267109
0 -0.923804237939589 -4.52478118349489 -14.0003012932109 -14.9919966044223 -29.2589859566244 -33.2892007602621 -73.8139234886786
0 24.3005345647413 28.1533485568821 38.1092149815504 41.778455141314 46.3113843894464 43.2449631529225 40.5818201303724
0 17.7553631405791 24.983492253072 28.3963837608426 28.4218127566363 28.0751467509621 27.2499138011182 21.6025337063718
0 0 0 0 0 0 0 0
0 10.6734629129479 6.78778799945987 5.21947031108584 24.4969387285406 6.11370131322489 -2.44507328993483 8.2412254160355
0 18.7019856872909 19.1131268992558 21.4585338222901 8.69734881835619 12.2653758967441 18.1090231441935 -13.6438745567991
0 34.3512293148841 42.208909223871 58.8929523592447 63.8552380080912 77.8774646842279 73.2981696635446 79.2488199076089
0 8.51099552940867 9.25457235185749 10.8188715419582 2.59851193006012 1.85432237827759 7.31727250699957 -25.2679103747767
0 3.78326553700045 6.64465860953208 8.13027785237369 8.67258632685853 5.38642428161613 4.53031654357853 -14.2750635277207
0 5.15132445471789 9.43971971238288 12.3653802061863 12.7318102946693 10.4707465830492 11.0710182003021 -6.15417466661521
0 -2.38421401547332 -21.9688545744486 -31.7574348596462 34.3881418699733 -22.1689045434528 -48.3750035791128 -6.25789501169629
0 2.20159113916544 1.18093775999138 -1.40250251385386 1.04861945141575 -7.02511946827167 -10.6399914043613 -36.3832125330899
0 0 0 0 0 0 0 0
0 2.00079162944316 1.60306984138626 -1.28237061438002 -0.074478232486987 -8.7408803445478 -11.4684075318346 -35.474708575904
0 1.253169670023 0.258682734496821 -2.47036196273263 -2.58025564527746 -9.98352500978223 -10.8893991808044 -38.531606497647
0 19.9099725095098 21.4447835396267 27.5431417033286 31.6165939039074 31.6303609155871 27.0898565117666 18.5758681063183
0 15.5264558438442 16.5391184982459 21.6538567146886 11.6625406976206 16.0235882613705 24.0638811337221 -3.86916842555153
0 17.5087317465921 16.9117287254861 18.3435672778675 2.59315262517868 6.52570315781745 15.1540098274759 -8.04370142116858
0 4.66267675739911 8.75818900299396 12.674171147 13.7771684596329 12.9028911072744 13.615657898165 -0.527653837374114
0 0 0 0 0 0 0 0
0 0 0 0 0 0 0 0
0 7.62300981471441 6.12472524822428 1.09358406048174 -15.4733018887465 -19.3299053050689 -9.71672130114091 -61.229244081717
0 1.47165799793784 1.97045885257103 1.58010209920809 -1.77509279600295 -6.11212203163638 -2.08351197805762 -32.8433630529646
0 38.3852591139797 39.3321017441636 50.5308375026751 29.4120205562873 47.6012787394078 65.8602673576796 39.9222562428623
0 16.4574405300967 22.0635941591586 33.2301563569259 30.1068824291379 39.4335658323744 45.1248437061063 37.0116577913053
0 11.2294542875302 11.6674881259615 10.9858447906844 11.9198917023169 7.15400914916125 3.31706617268725 -3.20399814614111
0 13.2479031611853 14.5138479987464 17.6024986526737 18.0636327912251 15.3181388360273 17.672720447452 0.724948319602031
0 4.63028858793756 8.71258033185181 12.1781630817382 12.9783056154815 11.7950516902366 11.2797234978368 -2.83312454694228
0 24.23872595295 32.5782056031668 40.1515016697145 46.7509306023399 48.0019453453697 47.5549175287418 47.7507483572965
0 0.219244113798859 -0.662174320422664 -4.62194724137406 -13.4038366074838 -21.0082212618891 -14.5754468607329 -59.7333498288137
0 4.16966566774203 7.66525555347749 10.7194453619281 11.3585939671997 9.910903049594 11.0150344665743 -5.38451791693215
0 11.252794274565 12.414420860086 13.4791584077661 12.463097186133 5.89360268041528 8.04715841738319 -15.3308163521414
0 4.81151677920485 8.14750219311764 9.83545256467877 12.2990692114711 9.05773530604534 5.94445984869383 -12.456032661482
0 0 0 0 0 0 0 0
0 0.686713431696623 -1.83853323597523 -6.55369064452072 -5.52508565411912 -15.8709327489662 -18.6751306660801 -48.4052629097616
0 3.91062854124641 -6.07392776354968 -4.42107514909827 52.901614936771 19.7178603422429 -6.32975658072269 46.1498419427712
0 6.73970508974351 12.8768931235339 18.5491412727363 21.4410677168431 22.8092761150564 19.9379724656436 9.22591117336562
0 15.2521114985576 17.3780110043779 18.8062997058919 21.2960330151924 19.4593397028311 15.2418177136142 8.5921693199541
0 11.527976329113 15.0665286704014 15.9927998958061 11.3191425964561 11.5407140511191 11.8074002261516 0.542888656701606
0 -1.11455013892704 -6.27987111753579 -15.2420281392359 -14.5912035296685 -29.4015580086387 -33.1555958737132 -71.3982045185526
0 19.0477785673079 21.3460757004994 28.5288496201793 31.3808058634489 31.8987750597211 31.7553583665487 24.8743309196364
0 14.4600709087598 26.7170064201768 40.9942755445463 40.5250406532968 51.3543313267166 53.1378039863789 57.4377328930853
0 20.5185579372194 18.5135499112819 17.5344224292436 -10.42441843757 -3.53575024901134 19.2743945920818 -37.5269252500217
0 0.327430073313619 -0.748069939349803 -5.84090660154859 -16.6114312274415 -24.4671718734135 -16.7684296240556 -65.8211623162474
0 0.985285871596922 0.91599740933408 -3.01171810177565 -10.8625406941911 -22.2480054604239 -15.4122635452392 -54.6579763397626
0 3.73627967003023 6.77331074180462 8.84405933217811 8.88020572196046 6.53505865644648 8.08327996915398 -11.7916830593713
0 14.4728950672345 15.8691385291197 19.8561077531262 20.8439296045692 19.0020855455879 20.7888209699722 6.44728721145596
0 22.3433373426401 26.8565692440427 32.4625041627134 41.5639364069378 42.1911895469547 37.2297377591974 38.1153773500143
0 1.67784259523165 1.4765362224094 -2.47794288875431 -9.22548096389432 -21.1808124008738 -15.5818559057112 -53.5903094982581
0 4.70422859586305 9.33157065366363 10.7130498254516 11.2168756480678 7.36290866215142 6.11870958615555 -13.5514592708358
0 6.4129632449562 14.1881527580102 19.1149105945576 18.7631371718846 19.5333848038747 19.1272564599515 6.2156152022752
0 2.4603473962636 3.91321709130668 4.08969438571234 2.35259556391912 -1.89056648083154 0.716500429198719 -26.4970713821446
0 0 0 0 0 0 0 0
0 32.231771452025 33.806568993631 37.8069427284847 40.8341624645598 38.747698587915 35.8560256820977 33.7361263359545
0 2.11805206955874 2.97122249226381 2.37397706542705 -0.140770929925901 -5.64212878708452 -3.04008036075338 -33.5873885960061
0 63.0301231866975 61.5883099417029 66.9612741954547 35.8440683276472 53.3000653262422 72.5864368689757 47.6777914513237
0 1.86179692206264 2.55996554019557 1.9930252411774 -0.863165551479542 -6.05204766150774 -2.93195713879631 -33.7929980386154
0 7.68845787703664 15.106682812894 25.2683626599999 31.5872983968621 34.6970173644004 33.3248385228879 33.4309320335109
0 10.8748169113761 13.160756376252 12.9763735701229 11.8638581157157 4.9090673801449 2.49391556333283 -18.4563635370358
0 0.126961802127677 -0.903198889653873 -5.2269585770178 -13.1004103993057 -21.6266321124338 -16.281415024948 -61.0476022882068
0 15.7318197643621 8.59551803709472 8.03184204085274 55.7265668384977 21.6274599437952 3.96400082472259 45.8182802850255
0 4.80262743752905 8.98684253516541 13.3241763343402 14.6947886717115 14.1465184628158 14.6484704516392 1.96688371598298
0 1.93544886800771 2.90737420559599 2.89007992661577 0.545984229281694 -3.35310485070272 0.0558922377864102 -28.0402819445452
0 1.156236792728 0.824204637005734 -1.36835497353611 -5.72631406687664 -13.0970339335018 -9.91926242864622 -46.5851202396321
0 2.26323525855702 1.31060214111189 -0.759663202822592 1.66954037841046 -5.94066806589262 -9.24709402529443 -33.7650205165633
0 3.0711000573345 1.97028752331308 2.13342750724381 11.5337195483257 2.410652360167 -3.05442578260352 -14.6907949047895
0 6.60179206600857 10.6055408889167 16.8887061347312 25.6016614790378 25.7653323341717 19.3814863756259 20.0142190869924
0 3.66626587980509 3.30658080846439 2.41197781044128 -8.18133459015854 -8.84281184921352 -4.51179729229089 -25.2614843948971
0 27.2994693380972 30.2827658297436 38.5345031517949 35.376143563739 40.3891315996076 41.349483427404 29.9228666043419
0 0.755064780438222 -0.507724954048792 -4.93656428837899 -5.81352376040542 -14.7601960400362 -17.2413289410755 -48.0595857231282
0 20.4304568329147 27.6515218164407 32.3774524205253 35.3151940492722 35.4158227587902 34.1387481294979 30.1445077713123
0 1.36450954212844 1.65984470708728 -1.95678428957195 -4.20927133441407 -12.2121133882706 -14.4682469514624 -46.1688581012091
0 8.66230911426162 17.7038852398467 29.3638100379422 35.5275840489691 40.5979973713144 39.1516839988557 41.5271178361295
0 2.3080615469037 3.12014072169238 1.95531017085032 1.54740233497606 -4.76267016862588 -4.74550226331279 -31.8986052594662
0 24.0008224792133 28.5206011542575 38.3371261952249 41.2156017779399 45.1816798133249 43.0521894391303 39.7751386947226
0 15.2640450533499 16.999915525873 21.3692825354286 22.5060938837225 20.8498430094327 22.4477336439734 8.59940801587728
0 0 0 0 0 0 0 0
0 25.6901542465943 30.0082612806151 41.7351182433565 47.875906057577 51.974499520746 49.9268551900686 50.6257507543034
0 5.92296837304767 7.36366345682597 13.9821733277363 36.1281003558264 25.8204390753143 17.7384429178169 28.0642989334817
0 25.4876312094631 31.4718777461631 41.9784290973103 44.1689586452097 48.9310072882805 48.5554890384459 44.7968265695638
0 30.1308916717047 41.8835004714684 52.7635906519125 60.5846201817653 65.4013835436449 65.6612706759563 69.5675195697828
0 7.25372239810698 7.35993472398208 5.36588103297404 2.90835525117416 -8.15906144052463 -6.50514226671639 -32.0580643854178
0 23.2922348352244 23.9696153548669 31.8139211365252 38.5558771659248 42.4892307213015 34.190446945136 31.5886490344081
0 17.0463359602607 12.9731764231325 16.1921307277812 41.7090577591581 22.6999518935993 12.3143107468274 25.8774738771676
0 8.82864497491317 -2.33488282417566 -10.0710352741824 16.3255427521384 -18.375579229494 -32.5694977281227 -7.2248056007097
0 4.96548001411472 10.0619849280763 13.6007155322872 13.5379801176161 12.8869802333688 12.9009785823335 -2.79690551332921
0 7.71034305967203 14.1540965236431 23.9204685154306 32.1175700089985 34.9149611561171 31.3838726651087 31.0956459607714
0 7.58973116445125 12.6752263960112 17.7395937776601 15.6283815002854 17.5801917823364 20.5140296040853 3.06435072297761
0 7.52509515677009 15.569728516652 23.6647074114769 25.675680551825 28.8127951584662 28.5609130301546 22.5235804411024
0 47.5625876355034 46.9068974439558 54.1095932172977 30.7157694822469 44.6678902449027 61.1148382200716 30.2756747461775
0 -0.635913727202122 -3.87249325279049 -9.1686351420881 -11.8295538354896 -22.4933094654868 -22.1753827169974 -60.6617157446111
0 3.38976991608459 5.88399144303259 7.91068496628851 7.98305527495774 6.07657826250317 7.74820475982061 -10.902524471326
0 5.25266330379409 10.2220301088772 14.8645051338481 16.240062671983 15.8235146218273 16.2897603762388 3.18791385460174
0 20.4784436209511 23.3417095982316 31.4025818039383 34.7639601342865 35.8972042825311 35.4231953907704 29.854691518934
0 0 0 0 0 0 0 0
0 3.69473321959181 6.15434983060993 6.29716661786949 7.34565210932159 2.15517238163561 0.134852307261616 -21.6301520775358
0 4.42756436750113 7.44563027735702 9.25117694646226 11.1480009824842 7.73972409776037 5.56428401484075 -12.4491870605513
0 7.35084789999242 12.1223918978883 20.7881250560149 34.4648428023907 33.0778134113145 26.7925133405788 33.220316078506
0 33.6352764305966 41.6965455349733 58.8214998863722 64.8026098676357 76.6996995385671 74.0521181489847 81.9642313989277
0 5.19400862933762 9.75908977142531 14.9696955570036 16.9235558007568 16.9446891320292 17.0691220406361 6.82548376487995
0 5.35173796305866 5.7214240457812 9.54778161239333 23.0291332122663 19.047432332221 9.17799878806578 12.1867093993096
0 18.0222805561742 20.0837714110994 26.5572394607787 28.9238087126449 28.9796587910863 29.2365263093611 20.8547771044339
0 0 0 0 0 0 0 0
0 0 0 0 0 0 0 0
0 5.96919681259759 5.91757979559917 5.54286598838777 1.74556685447969 -5.72454251502883 -0.640456963928106 -30.3169377814342
0 3.2134056666783 5.72118006211953 5.26998156060424 3.62305700744626 -1.12554147723646 -1.8858510689971 -27.8500622183428
0 5.25786170318727 6.86519998836548 9.01124342088589 3.12404773575796 1.88364389547603 7.58911690870381 -22.8263523979518
0 5.52698327922738 10.2687822001602 16.4144639814531 19.239385080527 19.7831156927863 19.5228235793704 12.0198143770494
0 1.01389693429651 -3.60021854352247 -8.09156538580629 -0.756425789846521 -12.5252661270565 -19.4628488507281 -37.8726208333594
0 5.26672817080467 9.16786133179804 12.4032488954457 14.9669966775109 13.5371238595873 10.4988650705168 -4.54807005705294
0 1.14335226803369 0.741629738016166 -1.66501821805028 -5.98906560704863 -13.6811810403991 -10.7097500285343 -47.7230193018766
0 7.05637941148208 13.6196924994853 21.1939858715585 24.0757798026851 27.4882867517055 25.396073435102 19.2408573003774
0 8.02900812778409 16.7708464871996 26.520112989436 29.8108349089709 34.2469919212878 33.5497893256559 31.2512638650416
0 0.406077324857167 -0.177306308252621 -3.86380104715708 -9.06268371779244 -17.044872695881 -15.9371426464033 -53.9435668779972
0 0 0 0 0 0 0 0
0 0.936535548885038 0.464458171485312 -1.88923659520943 -6.80018234491991 -14.1781160170776 -10.5409828421449 -48.2803616813699
0 -0.465723384558753 -6.00345056794588 -12.436797852685 -5.3446754609817 -22.395509560199 -26.3129198713569 -52.7233091372691
0 3.60179382816335 5.97343997171618 6.67680845620546 5.9055714550771 1.33504608263062 2.53947782454122 -21.8077602443589
0 8.75293649789701 8.36937289858838 6.49665721062627 -5.00573498879054 -8.04064221255526 -1.3938722917069 -42.9552084888338
0 -4.09765549862002 -6.33685643660913 -15.8203588261181 -25.4453232022498 -39.0643772552286 -34.8183148308412 -89.7132840296343
0 18.518597812771 17.4947805737798 16.4933607544086 -0.847721973419482 0.522741666732671 11.8943602618362 -32.8460261324355
0 46.6956945865924 49.4698888459948 62.9934177907246 59.8687863551398 72.0958089276384 82.1977275799324 78.0640022356056
0 3.5917736102715 6.43690132593984 8.39255581933068 8.36321501170383 6.03839658623217 7.69454800559107 -12.2725318595893
0 12.7591846302897 26.8943766501179 46.7475180528169 58.7108709280624 70.6317031089755 67.4247342814057 87.18647317469
0 4.29751070127937 2.93342563467082 -2.61048996775396 -16.810849023146 -23.030399865378 -14.0555072864811 -66.0282205364376
0 -1.1263764061417 -6.14954035886718 -15.9981708701978 -15.4021954928535 -31.2980873558602 -35.1618827716251 -75.6017969616549
0 18.8103584674724 24.5067608210323 28.4220453648541 26.9792755558841 28.5136176029296 29.1345433420133 22.5796498447053
0 8.57816164486533 9.86566265922974 9.91645718045286 5.0833747540264 4.07399688962935 6.68182117060061 -7.81229295255938
0 18.3288043483359 19.0743854413379 23.2894316516365 12.0956680501335 16.5060658006885 23.2915167712926 -5.48505173486771
0 22.1540339511548 29.156725926427 35.1434985366345 39.9051675909099 40.9452816326831 39.3346143129731 37.4926608223885
0 13.5932025600287 16.6462819023435 22.5552659257933 17.4235830301097 21.5023333757467 23.6921854235287 5.52086627810984
0 2.15049291739934 3.34848360249286 3.51758237462985 1.57005365403884 -2.15278693762472 0.986542875658159 -26.0001460730166
0 6.45363186622591 6.45899134041493 5.10832869695013 -2.39778249489079 -5.52033386215336 -4.28718051635775 -22.3666417957716
0 11.127319816993 11.6934998250935 13.4286299898763 3.6299846369819 4.08300742093388 10.0134310040224 -23.0945521041276
0 5.20733719815675 3.52047399322858 -0.161695447137216 -4.79933594719226 -9.93569883024324 -13.5213151953186 -27.49949055688
0 -1.7548041612792 -3.60027834827463 -8.53934418577982 -26.7163790228602 -29.1273219701112 -24.6839304473105 -53.8660619293824
0 5.17241394312911 9.51331069306576 14.9855155462837 17.2419341865547 17.4285256124921 17.3763293267651 8.42684683855683
0 4.16877368477957 7.72481925191727 10.0459186219319 10.2097883795628 7.72372889954296 8.93730329241135 -10.9622067081406
0 6.02787437248154 8.409214018881 14.8837778190284 35.1536850453498 25.0828881264643 18.130937455405 27.6181627158262
0 15.4534912127742 19.7038993745458 22.2562515784433 22.3821589249994 21.1343794598238 21.8210613524183 13.5135885586994
0 -0.253279071265775 -1.60924652084506 -7.33646613533786 -15.6951107618241 -25.6340209697891 -20.6095208762354 -68.1732526769284
0 6.10292520786027 12.1677311697444 15.7741142217698 14.3395490498628 14.7368129224945 14.1711512992332 -2.0746151676943
0 4.80929335775989 8.14152473762121 9.45130048388314 11.9178139362965 8.21707178598034 4.92854433218634 -14.6210165756807
0 5.29357514093043 9.82138181339687 14.5272993279469 16.362948188176 15.9918380975828 15.0602105538532 3.47777715051396
0 32.6381488847389 41.2547659722507 56.9195557741178 57.7436887070442 69.6907954530357 71.0075599827761 74.3044351565647
0 10.213503895632 10.1601474469355 9.28464399492689 -0.905141475958303 -3.18045875526751 1.48813467544639 -35.7857636318617
0 2.79539188926998 -4.88493803338312 -5.28269835096299 40.9339381099041 7.79809900668674 -10.5508029811582 24.3697547804911
0 1.66421674086885 1.56094536368751 -1.29819439030782 -1.75617193957978 -9.60847687614891 -11.4057683546527 -40.1353073464459
0 31.7685878977079 43.3276036538365 54.9682087232749 65.2182858943777 71.1131833725707 69.8170580472885 74.7682721192303
0 0.30035489085461 -0.40772046246653 -3.43767060050997 -11.2652464382133 -18.2186672375939 -12.1621831297876 -54.718367140223
0 4.5708832416524 8.72691720134829 11.207318338193 11.8629796652617 9.48532768293298 8.40800457183873 -8.2281935197679
0 4.09204936469054 7.24473566161301 10.191209505649 11.1606824107142 9.34544590128055 10.0057321280935 -6.16518548827255
0 0.456838427528005 -0.254643143926535 -3.12943437773198 -9.71359989505173 -17.0729023559339 -12.1146700684182 -52.9559766976876
0 19.2253359573553 25.4048947789918 30.1164839026967 32.39070831012 32.7106641382532 32.1511984088346 28.8507901392236
0 2.85738456989082 4.82795348785779 5.87307316203547 5.13015679034169 2.32145986075383 4.66809033846532 -18.0198506538529
0 11.051035078405 9.21364497094336 4.61199262197398 -14.8836023873091 -16.5661002793854 -4.49470512479259 -57.7045324802727
0 4.09506323194839 3.86140092046044 5.74836083044043 21.0181576204705 9.896145361748 2.704208664566 2.73329321441744
0 1.69117797943838 1.46721129354447 -0.780225866238454 -1.0570579617143 -8.41534356249363 -9.01822975305543 -37.3574254936226
0 4.9109159791525 9.79832232462833 13.7233390758265 12.171332637793 12.8844911736903 16.235035323174 -2.68766347599941
0 10.6289685035281 10.687774592327 11.0109465861405 2.29773138959673 0.137841482855475 5.36259554940628 -29.9799171166726
0 62.2263003064179 60.191206871836 67.2729601731282 24.4836229889282 52.3980364153799 82.3924556453236 47.1316834879649
0 7.48796351035607 15.7425182012073 22.9279134219928 22.9460167600586 26.038822566365 26.3587333180237 17.7005556038321
0 -1.42303370758472 -8.40906871979455 -17.5259738475429 -12.6042066232185 -30.4924118188543 -35.2234368838373 -64.5367938118384
0 9.24491799796293 6.50933929444347 4.89652642877698 9.64919992901108 -2.59915684740024 -6.53888072955995 -23.3660593117822
0 9.01484058048824 17.5743985612264 30.7044493776325 41.2225462862229 45.5081223951752 42.9040762910133 49.4188115759345
0 3.26861492985963 4.48764289054564 5.17219436187132 6.84352175409686 2.14619158974974 0.441976748456556 -18.4715572933839
0 -1.79923005879044 -23.311413515604 -32.1365954439449 46.747589279877 -15.2247610808617 -47.1927844935076 13.3581416050495
0 5.8581118364671 8.93074561184356 13.6975184209023 18.6243313427837 20.1356474179469 14.3892482333179 3.30655795708421
0 7.74149352679838 3.00473695594602 -0.311251508737623 9.50706607058587 -7.83502024081243 -14.0283406845409 -24.9539692433114
0 10.5243362874832 16.1544846186597 21.7832197601019 19.1061712139789 22.4553363606527 22.5604838258476 8.59925448249427
0 4.30811442286088 7.59738512113708 8.42017392938991 9.78892125175958 5.13623301836663 3.22202266156295 -17.2597601289109
0 0 0 0 0 0 0 0
0 21.3476276100856 26.1327067527467 33.9971032146736 35.3838058492549 37.237507423348 36.3222780433156 28.9704373931201
0 5.69140700665115 11.034060626592 16.8941659768888 19.1183220240257 19.5951686233079 19.5799377310867 10.1517116267736
0 -0.707471130989387 -2.19247731414226 -9.25599664314377 -15.7106890722001 -27.3341474490794 -27.9473615262136 -72.793562003105
0 5.74845209144837 10.8503290016565 17.2777387496035 20.24905031094 20.9767079972251 20.6653081356735 13.4522050287286
0 41.5327932715874 44.8623624726738 52.0541782661114 58.6297616144703 59.7341059749714 56.0136441103344 56.0058947106562
0 16.9620027666233 16.3219264427302 15.0521512871171 -3.28273499849681 -0.397385814126515 7.53947908646344 -34.1412409628413
0 12.5590781380982 18.225568968645 27.3287671863998 24.2902504150308 31.399318720313 37.0230925285765 25.0822476069957
0 5.525106469237 10.0177597557464 15.8134351311275 18.9695427160391 18.9705644127494 18.0858041245193 9.48607453149257
0 11.056001683541 17.0425985534225 22.3051745325275 19.3193577653045 22.7367945348515 21.9227602595311 8.14375438178259
0 -0.514231878248182 -18.1354346743764 -24.9897680112812 40.2863362527012 -9.55533090082382 -37.8744239131675 11.0165992144946
0 5.97874190584255 6.11056310511828 1.57153209794883 -10.26785042462 -20.0566312475049 -11.8034660731596 -54.0959181234257
0 1.7493065275699 2.48594557532739 2.19723087340534 -0.643977808570411 -5.05348761075215 -1.4885959664878 -31.3083791133693
0 2.27765976901597 -0.689111606675635 -2.67844294288982 13.1848298989273 -3.26893638707156 -10.9444881960515 -14.5389182686631
0 -1.46254974775109 -3.34669300344666 -11.0902773313723 -19.6068854419812 -31.8131233585594 -27.7550435391598 -78.685321488715
0 0.244922045460125 -0.973512766231777 -6.68602168154472 -18.1599497239032 -26.3489303515742 -18.3115314067085 -69.0749373727502
0 1.10080978784163 -0.0150642010193156 -4.13616505277985 -4.56235634355269 -14.1893888289936 -16.4640653156397 -47.2070964092602
0 2.30434568021952 -0.970792729890057 -2.16777047389741 13.9338156240671 -1.62085529517244 -9.02024707759975 -15.3751464223661
0 -0.545393722389058 -7.80779397067196 -16.2884528163656 -11.267579168283 -24.6661402332018 -33.0986423559326 -57.8460740601256
0 5.14526519842963 3.29606186558945 6.40404249046115 26.9091744788481 19.2897701371592 5.2833942239231 17.7883966773622
0 17.1845857325099 18.4765478942843 23.325679510401 14.5636637100014 18.7682260159538 22.5090504182183 -1.47182909588329
0 2.96221951654028 -3.35717244893998 -3.29228657822661 29.824035671445 7.65331316486785 -7.86014816530491 9.87847409479967
0 26.8206425544418 31.6283373008479 44.1063713098034 50.4604120888652 55.4657456131232 53.2548219025436 54.9355187763444
0 28.0761795267116 28.9159484909989 36.7023075536378 82.5149323528653 60.9008444110028 47.8046004949381 84.6339498265773
0 5.26815518553461 5.26317051044468 4.44469741890446 -4.20191284793289 -5.56415339549051 -2.306350716503 -21.2453582954168
0 6.50308948420996 12.9129184495496 19.8674333119151 22.9241540393255 23.9741867183957 23.3947870254062 15.4718636517893
0 0 0 0 0 0 0 0
0 -0.496037586789734 -1.99506111872465 -8.32740689453446 -16.8635094110304 -27.4168123366998 -22.5540920284253 -71.27709076095
0 0.186528664914303 -2.67133673850301 -9.14165495272822 -8.72906572304888 -20.7205158141253 -23.9251802134954 -57.7686367105794
0 0.827485733774256 0.663915285357145 -0.505877195308306 -5.72659077596415 -11.1154368665439 -6.19270948106632 -41.8994312940889
0 0 0 0 0 0 0 0
0 12.140842210775 19.623322578008 26.610323677064 23.706387417835 29.1629107083459 28.7763384063898 18.8091312051892
0 4.97485266579867 5.58987231820735 6.00334469634657 -0.7815472392678 -4.06463538967184 1.46615684781285 -33.4577659357835
0 1.27074640066882 -0.557171752876775 -5.68700990803799 -4.10070362426632 -15.2200867428626 -18.5528432274888 -49.9495253689552
0 4.23643452211092 5.47603403582974 7.5211179623287 12.0549558381476 9.12513662366266 4.60360699784562 -9.08783008614505
0 1.86459041611682 0.81849229183826 -1.38064441567512 -14.5290665542794 -16.1794062512265 -12.1496351015515 -35.8976923948882
0 6.97000192507456 7.72096082470465 7.49769400600323 1.23496243857831 0.67938548434139 4.03435140378199 -11.9573881211126
0 2.52907906778694 3.53344740520107 2.77040857502188 0.74804434764991 -5.4406259736848 -3.74205157610058 -33.5550329220381
0 0.85808237362949 0.398800773852008 -4.56232116428608 -9.76156517007246 -19.1879319213304 -20.3062907060717 -59.3179890579701
0 0 0 0 0 0 0 0
0 0.765881810548418 0.406380959370725 -1.34236215591884 -6.85305645696117 -13.0988942509185 -8.38681178953692 -45.7674862739734
0 4.68394507990257 8.56595987222622 12.978176187627 14.452222591067 14.0224633536376 14.402330900175 2.63440218686796
0 -3.96764244840446 -15.4454515641905 -30.8938192260177 -27.9074529010551 -49.9641329820609 -57.0473171869601 -97.6193092955402
0 1.548261836021 1.94609114390367 1.17279789859811 -2.27774088414209 -7.5908174787266 -4.01675393202573 -36.2420460808729
0 5.07424510121938 9.43250560543806 14.5251293989209 16.4350113361445 16.3934417172617 16.5278044552766 6.26460523452608
0 35.0488241136551 35.3625714858634 44.5598996529949 34.4027960025648 43.0778744002846 50.6803603865859 31.9961130207968
0 21.6924232624055 29.1142133933234 42.143127764031 38.0763095093807 50.9796631000195 52.0124110369818 52.2605509315239
0 5.87912554675826 12.6272026124627 16.9330520918208 16.8104742012836 16.838922782076 16.237100928758 2.41954405732659
0 3.44926144609946 3.13456770051116 4.87583805071323 17.2841845914768 6.25679611328513 1.98053962435856 -7.58524014102478
0 10.2812359449949 22.2088545365238 36.1521809548121 40.2610988395432 49.5491432190266 48.4833543788986 54.2501441837755
0 0.651749345685801 -11.3605347413045 -15.4500323125739 33.3069558657904 -5.12660006553809 -25.105555287496 4.41746841576791
0 0 0 0 0 0 0 0
0 1.65384346113743 2.29358235135646 1.9335312106508 -1.10420627196068 -5.58245939628967 -1.8878477925599 -32.1992075416698
0 7.64317272668666 8.79063646448989 8.02537110836529 5.18103756699911 -2.08519244468328 -0.985658688521962 -26.8523206453243
0 2.97039290916197 5.0757632270896 6.00303571412507 5.12993375393661 1.81253126237955 4.01951507003041 -19.8284380559794
0 13.589415818827 16.9441847698762 18.5481820853041 17.2826465524605 15.6419987933664 16.5340365440683 6.2388118656157
0 11.2859709856985 24.5726710012928 41.10963304417 44.2902560270411 57.6879701337817 57.1107054402101 68.1219750219813
0 -2.90816590390566 -4.7652406418027 -13.0195366566054 -26.8023490395225 -36.6562713481661 -27.7438823083728 -84.9203108772827
0 0.589915593441124 0.124364234623751 -1.8445184681206 -7.99218710420566 -14.3051457223534 -9.1529288928201 -47.7974621225086
0 0.273596613436511 -0.50963647981008 -4.14110965307292 -13.2084078466102 -20.256670369637 -13.3785308019803 -58.28617507291
0 4.13441360928363 4.33456852782106 4.90652441203336 9.99997604555099 7.17035697347079 -0.115300564512626 -16.3827273492459
0 0.59254726542031 -0.496154960917839 -4.73932446920779 -9.30348123363984 -19.3327611093967 -17.34541282965 -56.0160858579061
0 0.848895052178053 0.239955293920267 -2.49643167342684 -7.52997154935052 -15.3860806609906 -11.9072565911529 -50.5069522650754
0 0.0552520959253506 -1.05453517003863 -5.98200076709572 -14.9681412257171 -23.6241134633963 -17.5289454411329 -64.4880698751044
0 5.19436916294842 9.8615610042281 14.9018401083896 16.6828853298468 16.5870037521606 16.8215141658625 5.78063741175312
0 17.4532147790656 17.6433776613602 20.113818036705 7.43595403897295 11.580300344083 17.4440873977155 -0.965946677234932
0 0.967627739508052 0.544940178925938 -1.6785108640177 -6.53381608760405 -13.7486702369212 -10.0682862646546 -47.4882037515751
0 12.1323963995103 7.63826668812322 7.44199621999457 21.6269946027155 6.76649624859496 -1.43894476643383 -4.53355386039098
0 0.388427495358614 -0.251756124001559 -2.88789924545321 -10.0115149164972 -16.8034477738773 -11.1733380941366 -52.2388628323897
0 0.26482079718317 -0.672768221551393 -5.06441801068718 -14.7874908145226 -22.3963996386499 -15.3101714861414 -62.1580790793506
0 6.56608415916463 12.6722502987568 20.6200109638917 24.8683880946842 26.5459310222846 25.8115133313995 21.5620822700602
0 0.15814482349402 -0.93129776828544 -5.2667514327774 -12.2425168944991 -21.2385324394145 -16.8043873693602 -60.5558884118757
0 12.9703137588803 15.7296148989369 17.7085755658753 17.0680434600833 16.5411478946371 17.9928529012652 9.91977173283052
0 -0.694431649683473 -10.9050346584961 -18.7472272750548 3.88528007609318 -20.8630755014662 -34.0941827694979 -37.9419797598649
0 -0.0479944612644529 -1.30657272663683 -6.33569042339146 -13.6045381426161 -23.2860452934049 -18.9676478661681 -64.181772563648
0 4.63265893757875 2.90441077300179 6.86439159864133 34.7983527494897 18.0602347316598 7.26556475558384 21.5735720463732
0 20.1722790753273 18.8353636886038 18.6450898085098 -3.93151360664005 0.81554538754321 19.3065697110714 -31.241459975694
0 -0.390480403470779 -1.96604801090484 -7.97804543920924 -14.8377832525145 -25.8918256724251 -22.5731711917348 -68.8111966313761
0 -12.6545601469924 -15.8440067963488 -29.4175476951678 -46.902653928817 -60.8522215537931 -51.1112074631661 -120.597842990079
0 11.2934996380045 15.482499929995 15.0464940716599 11.487723626879 9.26644801038223 6.76881087346191 -3.61187732859889
0 0 0 0 0 0 0 0
0 -0.155969272093418 -3.51261693503756 -10.2953467034189 -10.0361879042111 -22.1659950078325 -25.4422487639518 -59.5913367285575
0 4.8917652249619 4.7301667650517 4.18315013188373 -0.439586933785143 -7.91813068448132 -2.06320192428779 -33.0879067206026
0 46.1056837778499 47.0855839513112 59.325459611531 35.2910745981285 57.1575149234715 75.4843527634263 51.8027780899561
0 0.640010125860754 -0.464629920164603 -4.7991533058369 -9.02645311930453 -19.3401733793828 -17.7359687418301 -54.6052156714822
0 -2.41415442033318 -10.4744415988758 -21.6732941534683 -19.7908537700921 -37.7154029008975 -42.2501399859959 -79.6351389973647
0 0 0 0 0 0 0 0
0 14.9815815314602 15.5921829058097 17.4531835312283 6.86742039400206 8.64502651187483 12.5367698067528 -18.1324337508617
0 7.12402092985787 15.1059728629434 22.1477191903711 23.2431067836566 25.5899532219748 25.1403833884445 16.6222220880382
0 3.21430358363072 0.589571661269554 -4.55483657541319 -5.24460041039181 -19.2208746375489 -20.5081288137041 -50.2420793668455
0 5.98391075274735 6.40347590278975 6.01350818136193 -1.43305570135066 -1.97129833101217 1.70204892426809 -15.6272239376372
0 23.9155181641207 21.709301087123 19.9265413268048 -10.5788242408665 -1.13818511002074 12.046156159894 -21.022890666229
0 9.09541810911284 10.5739182779106 10.8511448258911 6.76107344453165 6.06498964425355 8.70212156423167 -4.6776200982615
0 5.08420936925675 8.84367262174265 11.1345887199828 11.2406810152393 8.18099935724719 8.66778062967684 -8.88145932371702
0 4.89855481229308 5.70460611657229 9.85416773188674 25.1720859074536 16.819000138939 10.1207830127834 10.1991347577995
0 3.13953357847515 5.44064508265942 6.79601832004861 6.32733713248662 3.64139979982553 5.70768416598376 -16.0579968043433
0 13.2913209864505 16.2253909806943 18.3072753624143 17.8056061870568 17.2246395421336 18.6082619769313 10.6095189098305
0 23.464667599581 26.990705387635 31.850575217832 28.1807924197605 31.6307728249612 33.4692116950898 25.4410308017828
0 0 0 0 0 0 0 0
0 -1.70268872392366 -18.4203529130968 -27.866654360799 21.8785573800094 -21.4633063552351 -44.559178357345 -18.291924395833
0 -10.9410148229419 -18.4265743740576 -32.6384482718483 -38.8579668858179 -58.9218198064492 -62.6713972509348 -119.377263016117
0 13.029613250799 16.0000223172649 17.8217893871978 16.8781146143015 16.1049530261106 17.5867219368562 8.58210303544081
0 22.6817919729362 25.6024168472112 35.4365610860479 40.8843917453896 42.9390382427084 41.3344355978049 39.8143992955104
0 0 0 0 0 0 0 0
0 1.53145212489307 2.08286968163039 1.72047067670906 -1.51031488457901 -5.84223773516609 -1.91069161824708 -32.4165888466797
0 17.9552675784671 19.6870589559038 27.9348475266122 19.9062818714905 26.745136564917 34.8615533596449 13.7688689812908
0 -12.2868669098637 -16.1098787518656 -30.1679898090449 -39.7757182941386 -58.7429853489593 -56.7514347202736 -112.185383726576
0 14.3558027541853 18.2800341253841 27.271308831713 22.959207211986 29.6923272071926 36.0401126893968 20.9340449164246
0 -4.55924427971538 -7.58071391207656 -17.9096924684581 -25.0294892179709 -41.0734243917817 -39.6338129236792 -86.1826656471765
0 53.9864447172757 53.6926954697721 65.963747179679 46.2121905628193 65.2453111041114 78.8499779303784 59.1770368492092
0 16.0604709116961 16.7046872305209 17.8813585132867 6.96524613683124 8.79570757228576 10.4072731992407 -19.2443242869507
0 8.22530429291697 15.4496115874816 23.7635058424925 28.4574714581993 34.0076562185126 28.6783358373414 22.9967832812099
0 7.355191721948 6.68882416469881 3.85933254936092 -6.56464045305161 -11.676182484131 -5.40723357715549 -48.6938958784363
0 0 0 0 0 0 0 0
0 0.0556881788172925 -1.09453036568482 -5.75004657779979 -13.1241314772095 -22.3057791972549 -17.6578840334323 -62.3931984753141
0 9.97077372594839 14.7725949714554 21.7762624105788 18.5592154685107 23.1029879002393 28.4021406418189 11.9983602900448
0 1.20228982168179 1.36640658649828 -3.04043024847403 -6.47976686692673 -15.2845936975812 -17.9390937122698 -52.5831010705567
0 25.473628316188 26.7489219797489 36.0917066814409 23.3188633629009 34.0819037663298 46.0570185788108 22.7063917771179
0 19.0102271640648 20.8865120230092 28.2510377373409 19.326029699687 26.6186526689469 31.7627774847922 11.847634933095
0 3.67055462457077 6.36827970200123 7.51670841864273 6.96752244520646 3.09379018200391 4.45801312052351 -19.2012154274046
0 5.10061663163111 5.28932643988795 8.83013570853128 23.7148344288352 17.4512879026926 8.08616903129742 11.4186777938984
0 0 0 0 0 0 0 0
0 0.37940544999699 -0.344531089615409 -3.30328302970947 -10.3482788236629 -17.5982973107486 -12.2446956369594 -53.7831170140963
0 26.1489098014542 27.3260319599263 32.7632370313278 25.754090936686 28.8062725336068 29.3531044403483 11.9045576198162
0 0 0 0 0 0 0 0
0 14.4788162278798 8.43716763418141 9.81340690315173 36.4245251251887 14.8980351209284 3.70341908876222 14.7428443607584
0 1.70516606265433 -3.23823156983143 -6.27071997080242 8.18206818585279 -5.92798053569353 -15.5143121404691 -22.9755222928299
0 0 0 0 0 0 0 0
0 5.01714955479586 8.66552026566052 12.7534382334396 15.0730038103446 14.1727994543659 12.5133258261794 0.145184137382884
0 21.397647261957 21.2272992173909 23.000491459801 7.01943315512678 12.8120886174182 17.9534255800359 -0.918814932274717
0 0 0 0 0 0 0 0
0 1.85490960932827 -11.209986798782 -13.8904812572781 39.2892232721312 4.78850103896448 -21.4908725175589 20.3945043437859
0 7.89147483842724 8.41351206423061 7.4272900840993 1.31342684788198 -1.96680406093403 -1.18751183814025 -17.4061794769425
0 -0.48511508273884 -8.29602649286986 -16.3948733764457 -14.7040412463538 -29.0806515777481 -36.7292000028237 -42.2218482822306
0 -5.91649832888206 -9.3576140005609 -17.8313574237818 -35.0928272068195 -42.6539714213846 -43.1996838516655 -68.2138625252062
0 3.46913176979161 6.16146247630446 7.59854239213032 7.18346743855331 4.09189671410934 5.82666312439527 -16.5234978085665
0 1.29338230103867 1.61981013532929 1.09459300644432 -2.699909422039 -7.20103866886417 -2.91123944465739 -34.7482568811035
0 6.57466325009354 12.5590563122489 20.6748211527255 25.3351278900429 26.98262582944 26.1483868638081 22.5092113625555
0 26.052762928506 35.473044862665 44.177357236403 50.5615973402097 53.6872718106295 53.632292711146 55.4286979723554
0 20.9773585858641 25.1630120719139 33.2049979087678 34.7579788134366 36.9554173314932 37.1619836914654 29.7667725160799
0 0 0 0 0 0 0 0
0 0.656689042219589 -0.53859227505009 -3.20952691177506 -18.5138165591319 -19.6248313456062 -14.6063133057661 -40.3894427750143
0 28.7727175665587 29.5385766670865 34.9403218199847 25.7074273102054 29.8488735148653 31.8041645370895 12.501991447165
0 36.762645565339 41.8068653202296 48.7436579664121 50.1178303287702 53.1372913835788 57.5243428437582 52.1667710821988
0 38.6725809895087 55.9870689372413 72.244165426462 83.8652159015147 92.5041071272432 95.0215326321499 105.591730340451
0 13.2656007969145 15.0387944677733 17.132975720556 16.8252390011397 11.4658729572827 13.133935371437 -7.08968973630974
0 5.41000083363553 10.5246921489602 14.6345078804078 15.5358946976971 14.5798211822973 15.1282997286985 -0.0619718761633301
0 1.06513528700111 1.14754549766735 0.347196830737794 -4.1109640097992 -9.03090941938851 -4.44417462912819 -38.1037524149262
0 2.66371542269559 -2.36941169613883 -3.35980133289811 21.5132118657613 2.86260829546922 -9.73440625457027 -1.47447414005741
0 2.37348748949291 3.7086660038235 3.75726804727882 1.85580099694425 -2.56514902807965 0.10121635433052 -27.7180737938517
0 17.1540444376726 17.8386991524967 23.7491732523654 10.933195494944 17.0620028395314 30.4231164567306 -1.60713212595111
0 -1.97627401186899 -16.576534248364 -26.9815645374042 10.5350895539232 -26.9343788656383 -45.4397898389352 -33.862921522915
0 2.01843062166587 2.09558820755511 -0.211960367590463 -2.60348664474886 -11.0506307138732 -10.102334338877 -39.4336476522313
0 19.4464774588167 21.1974926465453 24.5744396866835 17.0315172575184 20.3952587526366 22.6950539446997 10.5776275275758
0 18.8298988575452 7.82559186027426 10.4066966345 59.730584236373 28.9623868853395 6.9433601030569 48.6382772534596
0 6.75853911424353 6.40473582010231 3.94295397035931 -6.73351945748137 -10.8825417538042 -5.238350355416 -46.969592923306
0 10.1710213485843 10.7906902171291 12.2252183941019 11.3507880034829 6.93844913854944 10.5284195507304 -11.3408714366903
0 -27.6914769308371 -32.1963766648882 -47.2998222941009 -78.3622237688738 -85.6747702592969 -83.190823250935 -127.272187708932
0 6.24242348808251 13.2198520407508 18.5779428333725 19.1727868117125 19.825962037946 19.4454950381172 8.06910997348182
0 8.33276944964256 11.5695763948091 23.0512532844789 54.2647755928614 44.9772657167754 33.4713083201505 62.2436046679832
0 13.1520654876451 14.616510098158 17.4288336515856 17.6439687182078 14.2867621395187 16.697505725505 -1.60101446366894
0 1.07012338451976 -6.1371463508208 -9.67054238218481 16.446503357487 -7.48857193032748 -19.2019945002322 -16.2187732377333
0 28.531483492506 29.0653263562545 36.9606810185324 27.9338823083307 33.9550945233402 41.408665123593 20.6399122452961
0 0.381403257741063 -0.58323983941168 -4.36074769875477 -10.5534754079495 -19.2423378318035 -15.265128830649 -57.1517847305575
0 6.53543701964931 10.8336381627808 17.2162438882015 26.1764572488582 25.3613876474215 19.8555329970862 20.1647839504006
0 18.5592300944082 21.7856624856939 27.9085105891201 29.6014776946744 29.1961418846293 30.033761774595 18.6394450498391
0 2.3160159415038 3.64136050265179 3.77575000160372 1.89939317686478 -2.22302136944892 0.607691953798595 -26.7607605825889
0 4.15786135472373 7.22381587974534 8.07296177830194 5.5288951148088 2.62580815758476 3.27504914879974 -21.8611693540107
0 1.24232148832078 1.20594780678749 -0.909805110761805 -6.86640980240482 -13.2529618806967 -9.54601231388214 -47.4900623230129
0 6.36833437379349 12.265516950267 17.3734759703478 19.7424393423679 20.2292379229445 17.9302185515704 5.90874739467603
0 1.52360242105473 -2.90296311394967 -6.90562435319359 -0.545391649315611 -9.32118991640393 -17.6975721283806 -34.9447957082702
0 0 0 0 0 0 0 0
0 4.46903431835713 8.44144524315078 11.3501620880168 11.8317384946691 9.90235572270236 10.9369906650773 -7.19441919539246
0 45.4291841997686 49.1092171266673 58.0029903840074 67.1067575098102 69.1540286603508 65.5774668690933 67.2250219981701
0 2.93314297293389 -8.49693252170324 -9.42929316515621 43.0088646201183 11.6606440995978 -14.8935861436801 30.5982380576799
0 13.288970457208 12.3747822944301 11.8268467311331 -6.82235302841459 -3.1260006538917 4.399455086298 -20.8601222475689
0 9.60299866609021 9.80634598988368 9.03549622272205 7.39183925442932 4.04274668731797 2.03377514837596 -7.81110400529481
0 16.9546361682213 21.7931501263249 25.6722427128689 26.9162204190841 27.0454969269552 27.2900513117149 22.9648252443242
0 10.3674821021255 10.4962112612856 11.1939746766838 11.3115894874171 5.51127489369057 6.97776337825108 -13.8408403726569
0 6.46697220625313 13.6732072569704 20.0114484865762 20.0210021420843 22.40289246794 23.3577451211116 12.8918560214389
0 18.5401011764575 14.019303220331 17.8107615336537 41.197523344016 27.5515081379731 14.9582879258722 28.6272468678352
0 0 0 0 0 0 0 0
0 28.6899864857152 34.7317900573726 48.3164237066459 51.8051551062627 60.7747474533724 58.6468335784287 61.4496890875764
0 4.43362879551233 3.80340834366429 7.22029475052345 26.9689951443924 14.757827366004 6.68868546871089 10.4189101940222
