0 15.4958568106272 17.2697313183587 19.2266367041605 11.8423931952042 13.7570801950673 11.3611638045168 -11.4517473545585
0 1.29397409819455 0.573117676377025 -3.26381896140824 -5.84820852221123 -16.3743980889226 -16.0124204938566 -45.3932265019321
0 3.27054223944536 3.318985350207 -0.7967406574897 2.96608598025728 -5.40465826115719 -13.0491689889664 -44.6928157369561
0 5.88509213886904 11.9048827467851 17.0811539307246 16.7492490779501 18.0039980459402 20.145038914693 5.48483968121652
0 45.1262081729398 53.0245757078035 66.0839457780072 70.5045581830549 77.9230595729785 80.6174210980696 85.1228602626425
0 36.2983166375056 39.6517555228669 44.6432112329662 11.6540957667846 45.5111414218065 42.668399286481 29.1669494839284
0 2.75964059387831 0.9474416800164 0.779780352745753 13.74064308642 1.03094319571552 -4.74818058633276 -13.7276432806922
0 12.7776087043518 11.1122287747993 6.55400024813405 -20.1741542835644 -14.2162240726281 -13.4213030530255 -38.1323521817859
0 9.70819097284435 34.4102245738665 38.6163821177051 32.5349323535567 32.5418200276396 34.1115099307445 10.2871946241775
0 23.6453270091318 31.6287970934532 38.7233191794919 44.6794969629468 45.639212715637 45.130272374532 44.5031275960271
0 25.8684782864469 36.7328279280318 44.1810325192657 45.8444821050281 46.8452597350315 43.4247235566262 31.3049349380048
0 58.0777625331383 56.812572563041 65.9873844534914 10.7907062075985 52.3278001113138 77.0870486947358 40.6522111824214
0 0 0 0 0 0 0 0
0 56.0829370639878 58.9165519173108 64.3020661052763 53.884178493047 62.3610527569156 58.7571665623366 54.0054178350529
0 1.16123069244393 1.14292963637976 -0.0960586477026868 -4.47302462478611 -10.3117329758108 -6.26597965701198 -40.9779656748622
0 36.488628076283 36.8532851119776 39.9131163358086 -1.17418142637965 28.9558394753397 26.7038295248631 6.2220369404751
0 102.782182656467 102.539425747408 127.511726345244 52.02896778413 125.09945933281 168.319843426753 146.391170004048
0 12.6600674304281 11.65825307554 6.16150510136725 -20.9098954533685 -12.899079634349 -16.5216755674536 -54.2137648370931
0 17.9755132229121 17.1615426734488 14.8150322073402 -1.32804791481664 -0.150915346744636 2.16802334901701 -35.6713867430762
0 4.47752049737102 5.36701147102973 3.1117500628121 4.00536123961945 -5.59774585339473 -8.7781587812802 -18.7175907616955
0 20.9683553728787 23.5457863715007 31.637379058427 35.4259190919592 36.3011312285951 34.6049377993552 29.556558735174
0 32.5366654403263 36.8827042215513 49.044909564525 58.0305775343107 69.9788111948304 56.5971039458742 59.8154931251928
0 13.2215136142285 19.0100266167983 27.3455660028185 27.6656550955958 31.5786718588806 31.6282419889234 27.9578778072473
0 0.313418944767467 -0.64501683569264 -5.19178365615077 -15.3357369183173 -22.8945503126849 -15.4975616792926 -63.026041268439
0 21.8522376093714 21.637631301626 23.8529904448698 6.65773244375092 11.9683964953368 23.9356134702775 -14.4594457286389
0 21.3098289431098 20.6855975397097 18.5330711555591 -8.8283983035384 2.995763460266 1.61366249808357 -31.3241742249833
0 7.26255683318954 10.0358394184557 10.3178269623651 19.6088212232267 19.8765869090359 3.84516525831935 -19.9516480301741
0 0 0 0 0 0 0 0
0 9.28647145366487 11.3477627207557 12.4178148660642 6.39531888676849 6.89856045087433 11.1291991212387 -4.3065198630334
0 -4.57819595507003 3.83327935679292 -2.99539534855471 -7.61941405754966 -18.1018557273275 -20.8952362273869 -62.9713932197433
0 -12.4285877354608 -75.1588154848014 -107.045318520209 78.3742391641509 -63.6463469688515 -149.281828535316 23.5062808935838
0 5.46057510054069 5.80608040247572 2.37971360859583 10.9557573388182 6.62784690736658 -9.12474898289865 -40.4441538574134
0 1.83489808518727 -2.32337226874418 -6.22676808590341 0.0963697453969914 -7.69181162396208 -17.0200897649081 -31.8129606775073
0 7.36416570898476 7.33962978566703 3.44583567796472 3.41823386779986 -11.7839893505249 -13.7966518557826 -26.3779762853985
0 -20.8505631073664 -178.020449930679 -231.08879157757 269.544740488641 -35.6042920848279 -289.44549481193 278.274324612416
0 55.5934686818985 56.6977017269264 67.3234952229342 26.7880411073245 63.9719530636617 68.815227718392 56.7395265315091
0 5.85677345858572 7.08778730571786 5.69977752125743 6.36660634342477 -1.6524595734338 -4.99189861517057 -12.477421624806
0 2.98102315742383 4.43196511560171 4.08433340770056 2.60121339890324 -3.25429185483466 -1.93801361783216 -29.1311164966352
0 48.4986470675463 49.0305690277307 58.0346010494819 23.2134513756574 51.8780573387812 62.9569528378619 40.5731114186628
0 19.9367174990883 27.6005836227494 32.3135406617687 32.5308210089082 29.8763492701221 28.0281300924384 13.7838180837092
0 24.5112573883756 24.5401840682868 30.0080343687199 39.9729299551088 44.0220814316655 28.3525765427021 17.5915548742468
0 0.998187012110484 0.0226746672589471 -6.50959285430915 -7.48199535597528 -20.1987699960176 -23.9596305803323 -54.1484837687994
0 28.9424444237152 28.3507789176813 29.740395159721 -0.105779317089528 15.664841566707 23.5332952066137 -11.7644200414051
0 4.58193963201271 5.34429420309765 2.54076463315409 4.0637398230943 -6.16589803619235 -10.1697308779114 -17.3712614814205
0 3.11814358898943 -0.426024544726346 -13.8726062070987 -4.48928858076519 -19.35259238996 -39.2594410541202 -91.7606807754274
0 -4.45621265896267 -49.7331587303994 -68.2289759307849 68.2399046685323 -18.674064017155 -94.1143639600185 47.6699338040947
0 26.5679643534288 37.5848062922332 46.3680149690122 46.7685857465368 48.9447719506103 47.2363891077309 37.3900080531524
0 0.481091393559046 -0.0692107952212688 -2.32306807810495 -8.95366169953041 -15.459166626964 -10.0483779059876 -49.8328292546988
0 9.85014711631113 22.0349837929705 33.0897243607324 34.2033209933021 40.9492118479277 40.9739603932845 39.0531800093338
0 1.7877940419452 -0.760993121192302 -5.41470800475715 -1.71134466074676 -11.1271566081547 -17.638723602301 -44.3151986886774
0 10.5948331002256 -1.78354293190191 -6.0000231244224 33.5218518493236 0.993124879610441 -19.9389005694712 8.4052482165753
0 0 0 0 0 0 0 0
0 -2.36759201109153 -12.6029715841782 -28.3496054231465 -23.1485810311381 -43.5831530023736 -55.6632519949215 -99.5378052831763
0 3.05912994250654 3.13619853000848 -1.17636461475873 1.37503189072915 -11.5805355058402 -16.0210812778311 -24.1733080500837
0 1.97671329526138 -2.74481943996539 -13.4184442353632 -5.63795039687561 -18.6776813695461 -34.4433752570843 -79.5296176586886
0 17.4921339593255 24.5684726923767 26.7511436373079 27.1583174517762 20.9896393210167 18.734516697737 0.151867980072353
0 83.6652000650118 82.6336888717002 99.3785272037897 23.4323700701629 89.2502806932828 122.465643169771 93.6908243236311
0 2.06515028935003 1.17312733655101 -3.41302959127942 -1.22810246430232 -11.6181234906868 -15.7200023127793 -46.6054443642373
0 10.3664165196844 26.9146803215822 32.0407492968238 30.0684060903201 29.4975722732211 30.4238383747117 12.6737521372998
0 2.32185840789096 5.03757555432003 -1.16486923827385 -2.86201271205863 -13.7779731757374 -16.5260445691183 -52.7596038178695
0 32.791122051018 31.9151828511693 32.2434983420514 -10.7446904860479 15.82386077909 18.7446615331984 -13.1984795443149
0 10.586983336548 21.54627945448 37.7430843177821 47.367701327738 56.0754920048184 53.8698484348147 65.7765069914341
0 4.28799726602576 6.61214433979655 1.45125614182327 4.81095697328705 -5.03869202123971 -12.7036924207935 -47.917141332381
0 176.671359994102 167.947909600375 195.829465225503 45.7435271900334 164.492985433248 286.367425266133 193.833789922329
0 13.4728607255624 5.19177341777397 1.98114579125031 28.0062177465786 13.6768351764651 -6.75903538910906 17.5143729890159
0 0.428504948452997 -0.278082277602402 -3.14291991921516 -9.90276198659583 -17.1669682715599 -12.0305338158856 -53.0670055057149
0 27.5889810987667 37.3198328369114 45.0065399516825 53.211139396368 56.564240989587 52.2941552947457 50.5636093987743
0 97.0586683714648 94.0099592066482 109.577968159783 40.7118906675135 98.300747456364 132.417578596054 98.499930956316
0 78.6864854445579 78.6237164761439 92.5480848248054 66.2157231761789 95.6657186210446 99.8226208453454 92.9547679742602
0 23.4402069883714 29.4882386974371 34.0016247686552 32.4134770779552 30.8527763004736 28.622613012521 12.99438685096
0 14.8199299527203 16.3450648839823 19.9324123791462 21.0916759020724 18.1837035705633 18.4529387091261 3.94959921409933
0 5.03677480807265 9.47655874955378 14.2903546719137 15.9551623797745 15.7191903161498 16.0199655975394 4.60209754294205
0 8.51950095509168 13.5611109283868 18.2658497044048 26.9857185547443 31.5595556439929 17.8915560663982 3.37101304670357
0 1.68245737696033 -8.80706030014556 -19.8953296660348 -5.18996091071057 -14.1172405572079 -40.7032654777818 -69.0183220401777
0 6.33463101817339 7.25431863627671 -0.621952535516911 -3.78356050857383 -12.0647052723736 -22.3373511034019 -46.8328364490326
0 0.404015451094604 -0.180737722076742 -2.58736754894429 -9.6448239916333 -16.1620685328872 -10.4503466224756 -51.0257580489902
0 3.82148373587693 4.71193536840262 2.78468096260342 2.87110585917307 -6.2658423556976 -8.13596101945196 -23.105189067921
0 13.8091063957486 33.6206383729945 43.2539961147589 40.2927080862521 45.4530298649952 47.352404981806 37.7327441917307
0 0 0 0 0 0 0 0
0 4.24504491479479 7.87253952052214 10.2213596805866 10.3963035339055 7.87679059460259 9.02934586646637 -10.8850068986027
0 7.95914030682351 8.42089304189606 8.93012903899911 -2.04146652991915 -1.1872039303703 3.61616856237447 -16.2568627835858
0 -3.38459991287044 -56.4382600954251 -70.2463847759636 132.022049078251 4.38244888676499 -88.1281151976356 132.137229031579
0 11.9856200570877 25.003896026861 28.054934290498 18.8179800540107 23.0075028272128 22.271305531755 -2.82309897504324
0 13.0412604162628 19.1071103025201 22.7514640461017 19.6700690229106 20.7545080845215 19.6948509648159 0.795077822542424
0 2.40767328112377 2.43707221487211 -0.67146116341179 -1.2882218769786 -11.8600859047978 -13.0399079553564 -33.4534830747703
0 8.59202615783462 18.3246477703338 28.8936046930901 28.8262709388993 36.132585298444 40.0122780499877 36.5338446893086
0 17.907563434351 16.5223404179018 18.1353406616233 26.041873299633 23.4386470072789 11.1906365851686 -6.3328375463407
0 30.1488788780788 31.8252924212181 37.4953139410801 24.6033192557898 34.8814406087871 33.2670204261192 16.7148219458694
0 4.04515802082346 -74.3232747595914 -106.414607427002 157.310236721337 -39.7370642155535 -152.401778517189 130.989683370047
0 -0.432726624040588 -0.323774143354709 -5.16254801565089 -15.2779127899142 -26.7098297315374 -18.0261244427439 -60.7212720306381
0 -1.01656548895529 -15.4069277339556 -23.0505577588263 25.1860454821788 -17.2634265053376 -37.4680304743435 -12.3173838056486
0 -2.31422987488565 -11.9814008239813 -26.766826947716 -22.3576182960944 -42.0188438561666 -53.0757449748611 -77.0809715825723
0 13.6651582081812 12.0512449104261 7.98272932061856 -16.0180033819631 -12.6660507412622 -2.86733848299464 -52.4665651691885
0 0 0 0 0 0 0 0
0 28.8999007651712 27.413659633928 27.4255282596189 -3.56185234461854 9.97633309231498 21.8470190191936 -21.2393042709022
0 2.20464655563722 -8.53858771813841 -13.9119579781101 7.03253910252254 -0.809724724600592 -26.1099606415564 -12.4308875420904
0 11.8337636960089 11.8039800478731 10.8568000812162 1.69401446091391 -2.23534576788207 1.51828866140267 -14.663614454621
0 12.1823400729659 17.6640865132985 17.4778591468372 10.333204141486 10.9354512630346 8.67798864393162 -19.311006383189
0 0 0 0 0 0 0 0
0 0 0 0 0 0 0 0
0 2.88140216408436 4.85085538745659 6.04664778281152 5.47163537382639 2.95727446402784 5.23538774099648 -16.4656247844883
0 31.0187193071805 31.4300049235081 30.0028705438786 6.87704961221608 13.6376447543727 11.8504210479127 -14.442400019906
0 14.204120642439 13.9859531816855 10.7642396202655 -7.33383425939457 -3.57580129548875 -7.37287269495159 -40.2149454424144
0 15.309772792127 18.1474722521237 19.0276214387855 20.8284960977601 18.6884913466764 13.8927518722049 5.38593598048142
0 -4.57988541737567 -27.9780930769364 -46.1449931610327 1.25130364132899 -43.9844909541492 -74.8687593208323 -49.1352989523151
0 9.44388974847189 5.79137901283204 0.755949246183974 6.98175564178526 -4.92186306133982 -16.2630731384705 -44.090617370799
0 8.82666718854365 7.28206033795258 1.99840128257323 -17.5459453619338 -18.758248000992 -11.0180543330448 -60.9371211520796
0 6.18611966962569 6.58085246420273 6.0796157540238 -1.36684933373806 -2.41728341038734 0.833621124876839 -16.6981283860934
0 36.1905005442774 36.6211591726118 49.4468504006877 41.3226170454878 52.7883712335634 63.3492171233214 47.5959940703
0 5.5732003648705 10.0687415781602 13.2164707847574 15.7848252492931 14.3214865418624 11.1333473932539 -4.8223308928616
0 58.1180235576379 60.3825279399356 74.5129449077119 43.9658027357411 77.5431568091102 82.3521647444029 77.6270868800234
0 0 0 0 0 0 0 0
0 0.598657861954685 0.264984030055789 -1.21405259360653 -7.2564161168501 -12.8626056653335 -7.44995770920945 -44.9557436899381
0 17.5890875499101 -26.3671427788249 -41.7785761553112 96.787731905543 25.3068062335602 -59.8657048641224 99.3079253349579
0 33.4973979807414 36.8946966385145 40.5547618153613 37.2144281283144 37.870486553637 35.570380494268 30.995222627877
0 -3.39873882763504 -8.06640526774026 -17.6903148975515 -28.7159063375725 -37.9674696981499 -45.0552155878788 -68.2328492809779
0 3.20932119646682 -5.57188791160604 -12.752656330025 5.73971327814176 -22.3249470080062 -31.5693543136079 -37.1549621585098
0 0 0 0 0 0 0 0
0 13.5579567991373 29.8082765939224 51.0627076682504 56.4954535924678 74.4996054502828 73.3502279478635 93.5479199153894
0 12.1193340064671 30.3024784870849 37.6293254360404 37.3998411363483 39.6245367087196 38.540051828913 23.7289550472418
0 2.34219986301677 3.68898770421999 3.82573236337912 1.97053093833023 -2.18791371113228 0.598264731645571 -26.7704784681142
0 7.30013825030708 10.5456591031085 12.9861443750089 12.9891170125904 9.87956510303927 9.14523867018742 -2.05420906917337
0 0 0 0 0 0 0 0
0 1.05477857774268 0.877280222551355 -0.669475809742701 -5.34543189663322 -11.597515258382 -7.53691373325605 -43.3582007510219
0 6.4111024228533 12.473779755497 12.6230288779926 10.766150027705 7.04460983183028 5.350757310367 -19.3259568996372
0 8.37865673752523 18.0915411553127 23.9444780354708 26.0249444746601 27.5770633595811 24.5435496425528 11.2901322419434
0 -5.17626030679298 1.60493534040226 -5.45854073946661 -11.4974919146288 -19.9919508731268 -23.343760964881 -64.7561182110839
0 92.0639203604455 87.1493638787831 99.5586983652361 18.3336117083304 75.2854360573969 130.146180498268 69.7918255254347
0 105.800410878072 100.743680931655 115.791434420464 22.6780783111668 93.7756974278096 145.893584876156 92.9434288420357
0 -0.552478349243831 -6.4561879402812 -15.1287219173023 -12.1143610381587 -26.6196269354694 -32.3974799291832 -67.8536636801951
0 137.953960794651 134.616312166203 157.27482121742 72.6898071058279 146.502198101164 215.105638075408 167.212263701678
0 32.5995836746146 32.8779641950796 35.8949116429859 6.12195190448579 25.7347242444871 27.3153229670894 2.22833118303751
0 54.9471873788398 55.355688640548 60.8423513090608 34.0727407550857 54.5255057165649 50.5660889790581 38.3617572280837
0 0.947207446979116 0.946203981203181 -6.75393570657659 -8.18502113064685 -20.8456175831863 -24.4769083300579 -63.9069289916484
0 2.6383641614119 2.89559489720384 1.78569241364937 3.42335426081343 -3.21680938821213 -5.45453302729454 -28.1583097721484
0 14.7428087034764 -4.96409273540915 -8.99030649027056 53.7517811011833 14.7367776092021 -21.2151716780651 39.7466214637334
0 26.2618639399148 40.6468253205219 44.8300248609397 38.5974154742187 39.0333280262754 37.4212310530783 17.8843018565443
0 0.942537995445937 -6.30873853863965 -16.4318785693434 -7.86348546639277 -19.900445834477 -36.0691106537712 -74.5344904245497
0 5.96229282560934 6.698995569368 7.53633399177852 2.24283177848133 -1.44457725786148 3.12898144303565 -29.7586364971335
0 11.3479522251495 19.8622203438499 26.7957824082589 37.4901445091775 46.0723552425332 28.8380491100803 16.9710875288976
0 18.7137837539876 18.5364908210074 15.1643689189861 -2.82351350111066 -6.50191616098348 3.61219057859411 -38.4517058578411
0 11.4995051657354 26.9878323087019 30.3150117602566 25.9907773256081 25.8358862104675 25.8636616839918 3.51094802281325
0 20.3032932129792 21.5473330096125 21.7476209922522 14.0113113118268 11.5615204326024 7.74673769564428 -13.879366593924
0 10.7280018031162 11.4775301418591 13.1530665866612 12.5341191412679 8.34375854129571 11.6956699879228 -9.40694429139288
0 9.52062251740585 22.1034866839041 24.9924306307395 26.5047446486686 24.8056649152395 20.63163722366 -1.16862915176981
0 53.172352480064 47.1075304194551 49.1375093906485 -35.6639224728943 12.0096297280944 67.457460078857 -17.0323541373502
0 1.85900181938759 2.58829011975609 -2.12576547968923 -2.58500632457997 -12.3050922635168 -14.9969616525241 -46.7908965978463
0 3.36456932255474 5.18761129505542 3.74212775319909 5.03953841737887 -1.91871644851918 -4.74394811464424 -29.9137071203082
0 35.1316230920325 31.7849681068695 31.183541499465 -17.6234731115889 5.63945506642964 27.9314229936035 -12.0280558089188
0 20.0629562404998 21.3104628900407 22.8752675137711 30.8169773299721 28.847980616164 15.0278079052961 -4.87170883725003
0 -1.14968595347303 -3.67210423551066 -11.5680198360821 -15.9627022731094 -30.7700893186622 -30.473928538062 -67.3387120612308
0 2.12505626786876 0.0660217601358903 -4.71757936525312 -12.2099054200374 -21.3170400515581 -23.7079367139758 -34.978898173398
0 10.4970461321006 26.9630523852843 31.7834086679139 30.2953880426589 28.9840977721209 29.8129364840416 11.5905755973484
0 8.66156484286374 18.247488687194 19.8725146716948 23.4027014543665 21.3293180233641 14.3085635616134 -8.79805406718849
0 38.5724267143197 39.1083465150736 40.5373371435099 17.5946876626032 32.9384193666699 28.5718553079712 19.7490545607363
0 14.8261782675578 23.593251059206 23.0434078348536 20.2410144267771 15.8641192001588 13.8513584960706 -0.0377457579825702
0 15.6319323869575 37.5865469214677 43.6336830895736 47.1076544530901 50.890628254904 41.5496899164617 20.2881870680872
0 20.8463373952409 23.8592253419785 32.1493207940015 35.6323231030297 36.9479146924625 36.3906297703646 31.1574504828686
0 12.6152943780864 1.49614188102015 -1.15195931913636 30.6807403789472 7.87497465455257 -12.7366184065447 9.30866161081583
0 51.0438152978586 48.3383694660553 54.4407868460856 4.4446340241192 35.1330429820139 68.6723101954404 16.0396087376508
0 24.3574163308836 24.5996777312382 26.5869989380992 9.46594563572635 16.4855784470702 21.2921601584468 -9.77279050531369
0 147.451498139788 135.394944049987 158.805695434691 -34.3057597748174 105.249305946083 244.243907714391 118.077926239282
0 29.268188802114 38.5227504295475 45.7193047327531 44.8470087236616 49.634742397493 50.0140789617858 47.8833895328964
0 1.08206522852553 1.19719901245854 0.460596799127635 -3.92504094928108 -8.7233743243327 -4.13162525684722 -37.4926264016579
0 16.4298277333295 16.3691615967967 14.8974989985997 3.28188039234678 2.87763909856001 2.07106726391742 -30.5560008026966
0 10.7747392052607 11.841010197813 8.64552730041154 -3.84185024580352 -1.26237465459414 -5.00421850319387 -37.0335883625819
0 28.3124468583139 29.6894944337916 34.8518916824452 24.8629807038978 32.1790470173542 30.6190329704439 13.1713292964288
0 25.522033930583 27.907837244496 38.7082016841911 33.1686824603185 42.3244065703069 45.5419334654803 34.9363778066024
0 15.6107876618511 19.8855648893177 22.7308601429462 23.2665204282006 22.3601400686905 23.164323196576 15.7278268239576
0 -10.7557507981497 -13.6334014030145 -26.2275284279667 -41.6853950317077 -55.6485528340497 -47.3181992849655 -113.221695270018
0 4.43742449482626 -23.1749734319747 -42.0138052419394 -5.16304849639373 -33.4306973338145 -80.319043849115 -23.9398670814842
0 1.92488148838184 -5.12513075102087 -12.2212134289704 -1.97861911228775 -9.4825802915632 -27.6586869942574 -39.6877195875028
0 6.00677449539775 7.75940964935797 7.59752823673575 7.68920700329768 1.17280067702158 -0.905991987931079 -11.5001215202282
0 0.584180720343198 3.20250358075589 -3.10522069834762 -8.95303543436354 -16.3819295566167 -20.0185475173524 -60.0470279968235
0 67.9255263807108 69.035919887617 77.5255655995415 68.2045565574868 81.7365240563146 78.8452649735964 78.8785848995114
0 1.21260751270876 0.327586341631055 -3.69889070276959 -3.92659810782077 -13.0282387794361 -15.6064083540484 -45.6666693917346
0 12.8566847990688 -24.9862675447456 -38.8369828519372 85.9151622691726 11.4937123314427 -57.0904308852314 79.6266668263285
0 8.9655051220193 14.7539683413842 21.7950912901834 30.3253397900918 37.1444397537701 24.8863325158748 15.998017813697
0 4.74007345560211 19.0024771777312 17.7494050215676 12.759291676496 7.99832425506472 6.97076660862596 -24.9571394487627
0 0.0186757514894338 -1.21399540833492 -6.06670862534266 -13.0247368568706 -22.6523344491405 -18.5492620134135 -63.1153841178832
0 16.3728871537874 15.5511496520281 12.0318685087162 -7.50258728636085 -4.11712525763416 -9.03860776945876 -26.341999372631
0 0 0 0 0 0 0 0
0 0 0 0 0 0 0 0
0 66.5583406885619 63.5455127581329 69.3000816946674 8.63273110886703 49.3115127720227 77.5469561143499 42.6049444106062
0 50.747840932957 51.8780523669205 55.7034415930632 29.3313828710583 51.8238075915797 48.2344158133774 42.8311422425536
0 5.67194339883705 8.44811735515743 9.91087201653885 15.1170950471715 13.7330302078943 5.26582828233406 -12.371032730395
0 3.08194506289373 5.28846029166236 6.69890935261517 6.29760033118398 3.8343490451711 5.92226685833531 -15.2303544528029
0 -13.0879228913869 -16.503918258289 -30.3011350990383 -50.8150750962244 -63.284862364051 -50.8970723246434 -123.636062386669
0 3.75188668656716 4.55212970816188 2.64810729397855 -0.489055674696459 -7.68801273225365 -8.13244952528128 -40.6288493628371
0 94.5925944453574 95.968020719276 121.855296239668 69.5083399356146 127.133957298784 162.455735343934 150.495412990861
0 5.8657431266675 13.794511248854 13.7080431187069 12.7517622662066 7.2017066998289 5.98860944958973 -19.815088277581
0 -1.30098282906086 -26.8251939790101 -37.5009212172774 51.9711935112661 -10.9788587347432 -55.2011077372424 30.7562481886143
0 -0.92301250056795 -23.7271702793533 -31.4608244644647 57.5540996381109 -7.0444173079884 -44.9086519058288 33.8506082345791
0 2.22459144768582 3.45978793706467 3.5432505506407 1.55048342929125 -2.55711938742333 0.400499244772319 -27.2087401141291
0 0 0 0 0 0 0 0
0 34.2363345084193 36.1289477948589 48.4909061395582 33.931113992999 50.3400098595089 61.1718206447816 45.5442111446741
0 2.82286965253438 2.91506678902654 -0.722111885539218 0.326444344041763 -11.6149897795922 -14.6112617158767 -28.1439876113848
0 3.55394089609521 5.39283274001279 1.19587457488813 3.28940737691232 -6.31492349041081 -11.43439338988 -43.9867831676648
0 36.7100498022278 38.6140673861474 41.3388951845088 31.4384182369787 36.5462253642889 32.9178908310088 14.8410061483951
0 10.3591449264717 9.42936001575964 6.11835756148468 8.0614606594771 1.98842140717768 -6.98175640408467 -4.49428984540085
0 1.3042569613915 -1.45104925385786 -7.40142093582279 -4.41731721884468 -15.7358841445895 -21.4392513130765 -54.6755872289992
0 1.56237421589677 -5.57253715571539 -12.8727279803727 -3.40257986645446 -11.6429486018043 -28.7219898175708 -34.1579858131475
0 43.9647578394144 46.3145892279473 54.3340030674478 27.6006668598885 55.0016009271843 52.8763791979235 43.4503643263885
0 49.0654882610257 50.9725752492501 61.3979557512538 32.7649317418657 61.2800529205039 61.8120559816319 53.759201954528
0 65.9963903837955 63.2477121490311 73.1014395037314 6.11700548089374 54.2840671667233 92.2158264483126 43.2748598737357
0 0 0 0 0 0 0 0
0 76.7231778639094 77.6562066057811 89.6849694945567 51.729211382953 93.0188793634973 88.942491226977 88.636904425018
0 16.4618062011413 20.8060933192092 23.3941304475158 23.5834710624244 21.9411673828017 22.0912230568864 14.4866530117353
0 0.900333054471204 0.789665566823481 -0.319569631224767 -5.31804846405719 -10.6763208191589 -5.90246057430624 -41.1559482622278
0 -0.328105579515652 -10.6273700061095 -19.9103539491169 0.907096315211193 -21.2350835532491 -37.8837443528637 -35.3173542182547
0 24.2184705343808 6.31435428527788 -1.44725594326201 42.6868835922264 14.8164421470174 -20.4163016654196 33.4924197734631
0 3.84433560037759 3.16537346240823 1.46241132051424 -8.94859069628275 -11.2133060183444 -8.41883738056843 -29.4954478840381
0 26.5573265595454 34.0397059651786 43.3371847084977 55.6406727449774 56.3546816447544 54.9324118206315 58.5523838701476
0 7.4225538655262 10.8481353077268 14.7468897507232 23.05516125406 26.289845181627 13.6281376034621 -1.49249325518413
0 -13.9736950200676 -6.83456207145167 -17.2557374029308 -23.237583980473 -36.183342090638 -40.0098051574222 -89.1702773547769
0 25.0982001386158 29.1964965015482 29.6478296563489 19.1389346874657 22.9074400572961 19.6302995771814 6.65865287154702
0 29.6871852989205 27.6213735162046 28.9027922142148 -5.78859856815089 8.69063037621682 33.9567544126186 -20.7473948505832
0 49.3651486908603 52.1207867367668 65.208642645564 46.571976826098 70.2679176096236 71.0141266339886 68.0945328738079
0 0.410461595487388 -0.706525555287822 -5.68202368280621 -10.8310528780214 -23.9614139836921 -22.0180686279579 -57.6442757903391
0 19.274478791498 19.3986648379009 19.8810730147686 5.07376698356089 8.49918761365958 12.5630417126344 -21.0054698310374
0 2.0508409484661 -2.02889113400259 -10.0921478133968 -3.33693048787241 -14.1881000019902 -27.41577215718 -66.4295400753047
0 0 0 0 0 0 0 0
0 0.543506464069758 -0.0983481892739366 -2.71689544747391 -8.96574881916497 -16.1394212801613 -11.3404226256414 -51.3170620606184
0 0 0 0 0 0 0 0
0 6.44878773679355 9.49984954800709 8.43093027371729 15.4924977913024 12.7230794878619 -0.119880118660319 -27.2332449844429
0 20.8719942160644 -19.0046867097933 -26.2019925594843 106.914487364571 34.1928564829319 -39.9320037120779 114.437254639607
0 3.30152656452031 5.71884739136467 6.73080198535809 5.99237950906169 2.31634761889045 4.1000882894623 -19.9480012759287
0 18.3033473589396 17.5515064448054 14.5175034511592 -7.21766390887584 -1.28574374084252 -5.90782046465688 -22.4709647030689
0 1.93423609185897 1.53175616431575 -7.70246885992951 -5.89885934885822 -21.1575108682351 -27.338519057852 -70.5853279882765
0 -0.912085788551684 -6.41426397262896 -14.2397187481794 -12.4795870999082 -26.658207086398 -30.289074145935 -64.3015842399751
0 44.7559857070207 54.7161961089308 60.405190152862 55.9610337523182 58.9773824168825 56.7813287026951 51.8872688023587
0 8.224877716507 -76.1516794483255 -110.086078654028 127.669182351902 -3.92311551379018 -149.411947375766 126.862081590079
0 1.42985942249697 0.539245742455177 -4.29812112672269 -4.18122601399515 -17.6255305753721 -19.7434680751061 -39.5294376229934
0 0.38215363456691 -21.1398300302388 -35.2884003789375 -8.77476153927045 -13.6221299773223 -58.6351913145617 -51.8983788315368
0 9.51245734671873 13.9463718814476 24.844534860142 46.8415323877262 48.6973678504353 33.5735726970109 63.7837936886427
0 19.1360556844821 27.3815746826497 31.7705692169935 31.3555771341485 32.6819973567668 32.1295622264735 27.8275666143541
0 57.1857768410071 54.5545375438644 62.3386828938079 2.90479067351461 43.0649594445428 78.3883009776092 27.796425835313
0 25.390274865019 25.4701124779567 27.7916744814853 6.18989893565157 16.2923332035538 24.6474271827983 -9.68739983591887
0 27.3620297397448 31.7916213087969 42.1354491042583 40.1592345808735 47.7064835355626 51.2812406259165 42.4926933662421
0 0 0 0 0 0 0 0
0 15.1879479847697 19.13998861997 26.5672651831826 26.3343802720551 29.1756637647605 28.8062350432791 25.614876195654
0 19.7965846187593 21.5761539101913 24.0105717750609 15.8650719539754 19.0443758137416 18.0542811859717 7.55379512681674
0 -17.6276818076253 -128.846273664914 -168.356202288852 235.289491400216 -47.4681464849576 -214.31497147857 214.106957299311
0 33.4452036144367 33.6529469440129 35.6939525276846 18.4601540431379 27.4178710856115 26.0737230767711 14.3476347554499
0 3.24310967863313 2.54500380881529 -0.174025310944696 4.28735458431111 -2.24708179526604 -10.2419484029718 -28.6642281361284
0 -9.34181659210344 -74.7049512563353 -98.1568057632422 145.244128559654 -29.2809624840392 -127.933723264531 120.320024176223
0 0.593563600539534 -0.573979399326043 -5.08569885633077 -9.21068768670227 -19.807400901122 -18.3941156287122 -54.5832199886185
0 58.1420241907815 58.7228590994063 70.8000121757768 55.4457939131702 74.605284212664 74.7396564705698 68.739268447931
0 0.44185991819581 -0.109383251569221 -2.3683229434717 -9.20672212929665 -15.6245733391706 -10.0227399102563 -50.0671846884174
0 -6.82704648848581 -10.0819982292195 -21.5176257458387 -29.4435667398175 -46.3168501146752 -44.6601083149199 -94.1108633939421
0 -33.558661039703 -42.5014972643282 -68.0699910003644 -77.8715212690974 -111.263226055968 -111.918015045877 -176.253792325655
0 19.0869090102378 20.8194780804557 21.7892820445258 21.3644074224093 17.3376203605203 13.5814140701597 15.0408485094751
0 3.86308424931951 6.50080163643227 8.72997297130271 9.79622740443144 7.14724999601437 6.44935968795039 -9.84272669659547
0 0.403327596142494 -0.243172227308031 -2.89336971309236 -9.90852874683945 -16.7707337733552 -11.2521820696942 -52.2153489491115
0 6.53722070752261 10.4659670206982 7.9358066723663 14.2680260242537 9.58898932353505 -2.96030019397149 -33.9820264616077
0 10.2411036871435 21.9416031588199 30.6050908331813 34.1804761568966 40.2104173000378 34.6061951497283 25.7266789125035
0 1.68740152484405 1.7333778056604 -0.150521136999586 -3.41019083843888 -10.7847990965255 -8.57194445660797 -42.8735280221313
0 64.8130566082158 62.7224318008235 69.5565367198714 21.8256224637403 52.4117033021185 77.2696579468833 37.6967626630533
0 41.2796344460521 38.7738478218589 39.0516859415069 -10.9191105993794 17.4040222655625 30.4676881003354 1.83878970971526
0 22.5603528700849 -15.3440603960081 -21.4035523933269 94.8723853408816 39.6211713057063 -33.5791097014593 105.251807466044
0 5.60708492313074 -0.252639706075399 5.47164551035729 67.9387323230494 31.2891894798018 8.68058878400834 70.8406921052906
0 21.7256629853568 27.9130463101027 32.6391930437185 34.9254448604404 33.2517355210307 27.9175102038481 12.2710284341405
0 16.2760699097492 11.4091367297893 10.904260949592 47.582515843597 22.2970819716955 5.94137267860442 39.6280369893865
0 5.95398583254251 9.62865063472653 9.9195668260818 14.8164570527174 12.0176795401501 3.43906892817927 -20.0558759643459
0 90.6924618524832 81.3318391991775 90.6078566781271 -44.4188806802783 42.5201086094488 136.485795311785 27.2479963455172
0 15.658226468971 22.8948991092152 24.616080138449 17.887677394489 19.2890938195065 17.8040064075883 -8.14896557134445
0 52.2086781579896 54.1210049521552 65.9849351322082 39.1989855513054 67.1928050640615 70.6962956274257 62.7101167742253
0 17.8428986702485 18.8167475305405 20.1377671553046 10.463729067906 12.6582357531033 10.651753064151 -14.5185642306179
0 18.3720588403103 16.4846943340569 14.3186208009377 26.5952142739623 26.621859558106 6.10946592546436 -5.88182757647865
0 81.1925001056507 82.5998131630083 93.5784436136809 53.4743481300446 94.4158129266143 94.5797913651959 97.4980376547561
0 0.990862600751975 -2.44757426148169 -8.80210609213384 -5.61352184099259 -17.3237445625244 -23.2418470299943 -56.8967633368399
0 16.2590181881288 19.8509414115755 25.5712955431618 20.3167006884365 25.3414380645129 24.2905366975399 9.46444452052625
0 5.66912112771036 8.03359777309868 3.67470207527957 -2.13796506660748 -7.10759784101738 -10.4955428031282 -45.1773465805964
0 33.6204677740737 -3.67523196445799 -13.0709820350987 132.414509784557 34.4226990949759 -27.694030850347 124.937141905734
0 -1.75314742954585 -22.4136042574593 -33.7748391488947 26.9266463675576 -20.4288017193364 -53.0277066815506 -6.44433819845082
0 5.08394851797973 11.7304210186379 10.7637176698582 9.80884933020634 3.54138667788782 2.16838443560508 -24.4809780236856
0 26.7838097442851 26.1569654172238 30.6246264839737 79.8790943431894 53.7779144469205 34.556854951785 84.9245693812359
0 37.2461411446098 36.1207079532006 36.7717780700408 -13.7904628620482 19.3208051215478 22.4614465985449 -8.78289510173573
0 5.64995559610844 11.6189621744476 9.2526069363534 10.759424766383 2.95233486898718 -1.48954338356788 -31.912673567613
0 0.494228590530824 -0.343169539259267 -3.67252705360122 -9.72746376312567 -17.9157903498521 -13.7884675529459 -54.7525207256786
0 11.8473803935669 12.3763232488612 11.8788614657208 5.98200745408119 2.60297693861561 0.75054039415652 -28.5419674153187
0 6.91527925754039 1.06013382713375 -3.59832336108493 8.85411131353528 -6.47776252038972 -17.1581589338825 -9.90785586177131
0 21.9261438389386 29.1537720162907 33.0105740391272 29.3638692940876 29.3965339896029 26.8579564614777 10.9876885684903
0 -0.928509880598881 -24.5374931791066 -35.7863898417641 33.4670131856515 -12.5226496967202 -54.6686909412257 10.491593819326
0 13.5515931983134 4.66687370942233 -1.85392494374328 12.933138255509 11.6821905956933 -16.3740381189466 -16.4462827236082
0 18.172425985912 17.9060778026838 17.417227127106 0.871962076742484 4.03018817441049 9.5761578031403 -27.6639151859228
0 46.9381256751239 46.5540408193006 48.3518826335899 0.780403916321376 35.1936299681464 30.5616794611807 23.213384359018
0 -0.457098877624596 -2.94527789105854 -8.05453404376785 -11.676317928925 -22.3065073396063 -21.8120171091595 -61.6790030437299
0 5.48518482093976 -0.222811112245807 -4.1175155578273 12.55516872438 12.9229941202365 -15.3430076302577 -33.2444289087956
0 50.6081826314906 51.1796541722791 54.897999651819 20.7613150398233 47.8679780082166 43.3449854046358 38.7750518541607
0 14.7047151238342 16.5775931783913 22.1361183703034 19.1683585131357 20.1772580595137 22.5404386195224 2.66095149473286
0 16.043222721762 16.6993173850093 17.875833899149 8.25082225842231 6.8252395132062 13.2937296829365 -3.58124822764242
0 4.25230246692756 5.0107306189619 2.40666086879978 3.53383316601459 -6.61048525680254 -10.020401825879 -19.6121862978913
0 2.00961112300158 -1.87993428955322 -9.51928414390951 -3.15800185578266 -13.988556197723 -26.1021917657913 -63.9846669483874
0 3.68688920195927 4.89003526005808 1.95219754398329 5.03534149588967 -2.71580784456899 -8.64594915352464 -37.8106703451043
0 7.69616626613301 -0.896184744175237 -3.93960036332264 21.769175045463 28.9855199733072 -13.6108311976992 -28.0819789128958
0 8.18603222063969 18.443204640324 25.0502228871915 25.8620531948946 27.4449925724859 26.8602031646211 15.8160971041405
0 37.2262548783756 36.6292796195191 39.2082303270432 -5.08529862819212 24.5550142955462 30.7380250447996 0.161464934698678
0 0.362100826811158 -11.2174445125916 -16.5061655701201 29.4930718879558 -9.08598109524094 -28.1449454304774 -0.450177604910323
0 32.3322196103331 32.7793098173419 39.8162861591042 20.6386814668002 33.1608618735496 47.1092572657737 17.0144636675867
0 80.404752420295 75.247170058972 87.6741897109414 2.91742131628874 61.0149288600533 126.029356400577 53.7424424877145
0 2.72445818579701 4.53191096900119 5.49906975046626 4.69313771379919 1.98898071455331 4.45780347161808 -18.203067179277
0 10.8236656476598 26.352948981491 34.8094398704357 34.5312873300968 37.9291401937076 37.9912056895876 27.5524554160776
0 14.1536030830805 18.3065143803246 15.5922841746505 16.852318449794 12.7066955726667 3.43532597832312 -14.0558673325909
0 5.330203686225 5.65750880678578 8.52940812657148 32.0739474102948 17.6596093887364 6.24851518918471 25.7530341003274
0 36.2061643803522 36.2056365087995 42.446359036057 19.2625433130363 33.4802183539373 49.3615518035331 15.5616297348915
0 33.2310060152193 32.1520882569942 35.1551896438047 5.70545371578014 20.5457668608238 37.4024047386271 -4.28931363130757
0 0.458963739248155 -3.39159451808541 -8.19729858634761 -3.36448401457112 -16.5870218629812 -20.0410892936595 -45.9608542156693
0 99.8261266150994 98.760547631322 113.452845015242 58.1814871673562 107.460546963029 138.50496163153 115.685415663791
0 15.2916302308707 20.4962565543941 23.1106470533236 22.4759002635333 18.9790018539166 16.4195372632385 1.00053643317626
0 3.04203728885847 0.218343575430199 -7.40799934517075 0.0465334405758639 -9.77527879016609 -24.3645260027675 -63.4257391410586
0 4.54658470166192 8.589462490137 11.4734721281238 11.9246577934041 9.90104728281894 10.8845978229293 -7.49201343804522
0 -6.13021510779229 -26.8326265429951 -46.1025698413015 -8.11826686282662 -57.2068709554604 -76.5192222653374 -74.3501043538738
0 10.4266533471861 11.5949877525038 13.1076823289646 11.6283812243936 7.15171901594596 10.6057310968076 -12.2300721824841
0 -1.92206578614899 -3.93779054579895 -13.6787261624435 -32.3821905583245 -38.662257277023 -35.5096844480098 -90.0613705851296
0 0 0 0 0 0 0 0
0 9.43347150883539 7.55555965420885 2.76514383262622 -18.2488438166733 -19.3757142558017 -5.47142670744789 -61.001081267109
0 -2.65924935300277 -0.714592653198554 -7.4036334070145 -18.2721135791029 -20.5662839297048 -24.7417882050362 -65.8972960590924
0 28.7799611177466 37.4773235408579 44.9264699765856 51.1881463920069 55.6119841220299 44.5263914104562 31.2619425937694
0 72.708522087709 72.8854686531604 82.2260760600994 44.722425021097 77.7046897115054 88.392154205002 77.2328136780712
0 -0.25302173487186 -11.3585628103206 -21.4343975038661 5.63708562508442 -21.1681383029395 -40.7902428353004 -26.6184845815615
0 15.6188734690946 22.757844290348 23.1881493225725 22.0693978134034 18.7104700062704 16.1735827274119 4.57650353195375
0 36.9189697522037 37.2048327415528 39.5313968285418 -4.16341307267972 28.0089024459189 23.4362509944373 3.98860059745986
0 39.2749160736468 53.4890609654232 67.3187111948265 74.949980474102 88.5542916497267 75.6651299812822 69.9200640382624
0 3.72845311772786 17.7478235095992 15.8581592397015 11.1004912778752 5.44767725441348 4.36242537677925 -28.4418161209296
0 3.78326553700045 6.64465860953208 8.13027785237369 8.67258632685853 5.38642428161613 4.53031654357853 -14.2750635277207
0 6.02261827796132 11.9630931558592 14.3521307351381 14.8751578140356 12.1413737823028 10.3235806872315 -9.2316118950528
0 -2.38421401547332 -21.9688545744486 -31.7574348596462 34.3881418699733 -22.1689045434528 -48.3750035791128 -6.25789501169629
0 4.61583713296269 7.6378920685767 4.03770666247065 7.09306967736632 -1.22833594594707 -7.89786571647305 -39.6007713820853
0 12.4673012400845 13.8578018461982 14.9344345120298 14.2578158624831 7.12474641954111 8.20663670758042 -10.5270962955786
0 -1.24212866087131 -20.0870994363701 -33.187445917451 4.77158314680612 -23.002340034658 -55.6064494850414 -27.2218297700313
0 2.89879814195919 1.81256325882964 -4.39026993733409 0.281489425269132 -10.0805065605941 -19.2440778210563 -54.6270398593966
0 19.0973939752947 13.036681698744 13.7097808257485 26.7905461824397 27.0123637515338 5.93622853224976 9.35908214689769
0 2.98412837516394 -3.51762015278878 -10.361824650743 1.6980785726722 -4.41048462589594 -25.5064675960318 -52.1467779621245
0 97.2689029380891 90.0621540253665 100.033368095993 -13.5265557104791 63.6838072647512 134.218757269497 63.8577584696473
0 53.6204240004614 53.9523272062722 64.9271580996524 31.4607824932644 59.6667612729064 76.9471346613127 51.9528833364943
0 2.93723768856303 1.00239755065577 -2.93119660651176 2.5830213658992 -4.42746122494767 -14.860304894644 -22.3929412916258
0 9.72121806674553 12.7009484971509 15.9258671504319 15.7973722008051 13.7422576297822 12.409281098929 5.22481410677306
0 7.62300981471441 6.12472524822428 1.09358406048174 -15.4733018887465 -19.3299053050689 -9.71672130114091 -61.229244081717
0 20.5040394992835 21.2806595169082 23.1385185703319 10.8988049844674 15.0753545265455 15.4344897541113 -11.1751257759605
0 61.2366279069733 61.7212186012015 73.5670143231049 22.7022820205958 67.5386212055255 80.8199702412501 62.5604805339793
0 16.4574405300967 22.0635941591586 33.2301563569259 30.1068824291379 39.4335658323744 45.1248437061063 37.0116577913053
0 46.2755345142029 47.1767421945444 50.9203381921171 32.0405529643399 46.623865068888 43.3100099926925 36.9095761536627
0 10.6992891496572 2.4606494527895 -0.930641725140653 17.0707768030613 1.17829266689908 -14.2746957626683 -8.4867232153354
0 1.1979132042065 -16.7236942297067 -25.73675782341 6.43174729689138 -4.26681823662299 -42.2056501095702 -11.5097501158189
0 30.3053709983468 43.3312456445979 51.7389638936388 55.2651994623617 57.7901879923905 58.2738209218523 56.2399525373093
0 4.96085163393999 4.77033953934065 -0.103216372601153 -8.77527227045437 -15.372393046796 -17.4970499908501 -55.9179669251339
0 4.16966566774203 7.66525555347749 10.7194453619281 11.3585939671997 9.910903049594 11.0150344665743 -5.38451791693215
0 11.252794274565 12.414420860086 13.4791584077661 12.463097186133 5.89360268041528 8.04715841738319 -15.3308163521414
0 4.81151677920485 8.14750219311764 9.83545256467877 12.2990692114711 9.05773530604534 5.94445984869383 -12.456032661482
0 6.24318946378716 11.0006232545953 14.6715317041312 15.1357782831271 13.6046659816461 13.824104956025 0.141189507336055
0 3.11409786893935 4.48569858045467 -1.4873237596318 0.42583119237618 -11.3511020155214 -16.4872910703446 -52.4701848790515
0 3.91062854124641 -6.07392776354968 -4.42107514909827 52.901614936771 19.7178603422429 -6.32975658072269 46.1498419427712
0 8.709106200902 15.9530273061629 18.7788123676625 25.3135539249942 26.5099708232022 15.2533580592881 -4.57218064459595
0 42.756540405667 49.2222627105889 55.7316459465722 46.1112653808304 56.3904987623021 55.3991308645227 48.5015033996149
0 44.1873583890741 45.6977758834556 48.803063870091 25.6047779716295 45.3182094781383 41.670345560886 35.1712957670185
0 -4.41927500079759 -24.9498795270936 -41.7370605423307 -6.24190381229669 -44.2634548427958 -68.5976590267313 -61.7738192186307
0 19.0477785673079 21.3460757004994 28.5288496201793 31.3808058634489 31.8987750597211 31.7553583665487 24.8743309196364
0 99.4990128413189 98.5654961928554 122.427077339333 47.2533401928115 116.723726253107 166.544457595799 134.957470816806
0 44.4873267234241 40.3437741793704 42.5224703383274 -22.317499117626 13.4904433286426 54.3901771326608 -14.3927194465179
0 -3.63273171912469 -20.3890105759548 -38.042039219792 -27.0408522888386 -46.0708875623929 -66.8648459596154 -91.4633033209183
0 0.985285871596922 0.91599740933408 -3.01171810177565 -10.8625406941911 -22.2480054604239 -15.4122635452392 -54.6579763397626
0 2.01026443113472 -3.64219247007217 -7.35854840766179 10.3228633666511 -4.60676706214156 -17.8415589417096 -15.6962988701378
0 14.4728950672345 15.8691385291197 19.8561077531262 20.8439296045692 19.0020855455879 20.7888209699722 6.44728721145596
0 92.7316349396433 93.5450081041962 108.535724334865 76.1068459272495 110.970554032829 130.397601036335 119.44160473692
0 1.67784259523165 1.4765362224094 -2.47794288875431 -9.22548096389432 -21.1808124008738 -15.5818559057112 -53.5903094982581
0 6.38599694884357 15.0301682618855 16.7576456597187 15.9515673613072 12.4416068362904 11.7440263569085 -9.65178562690185
0 6.4129632449562 14.1881527580102 19.1149105945576 18.7631371718846 19.5333848038747 19.1272564599515 6.2156152022752
0 2.4603473962636 3.91321709130668 4.08969438571234 2.35259556391912 -1.89056648083154 0.716500429198719 -26.4970713821446
0 0 0 0 0 0 0 0
0 32.231771452025 33.806568993631 37.8069427284847 40.8341624645598 38.747698587915 35.8560256820977 33.7361263359545
0 0.646922278596678 -4.48920298865449 -10.6703776304433 -0.469931668643117 -16.6805946220061 -24.7784702223766 -37.0776824000459
0 89.6695692959193 86.9735749058284 93.7130996854444 27.9260684624834 74.4720587292298 97.1528626241874 72.1370337054028
0 -1.07908731770831 -11.4613806213255 -20.253469364992 5.92154110866023 -24.2528242360073 -37.1427456381248 -36.8788621624505
0 9.15912227985282 18.2476705341296 27.1727764444729 31.5945052792173 37.947971737117 32.4659029744507 26.7705733127595
0 16.1921737587869 26.9699661448211 26.8839630561869 23.2791941501296 16.7559887925309 14.2094275277735 -10.0134683884885
0 -2.12989136974336 2.30196550861318 -5.54305631464665 -8.70636626714124 -20.6318742442955 -23.9304628991018 -65.6517220975154
0 88.9480523981933 88.0572884480775 101.230560802223 58.3352117157205 95.605535489834 125.420132178193 100.778515525932
0 7.3126177399337 15.6454550690132 20.9504565117415 20.2613253050213 21.5961459489015 21.220446219399 8.42785277509068
0 26.9556864302287 27.8912386567049 30.7750503573181 13.6000695550136 23.8034430451354 22.048213723799 0.126655950033914
0 15.8127662061172 15.683080332402 14.4872619328239 3.49278115557451 2.35380487665638 3.51915933192637 -30.6861124517074
0 5.73296422965133 14.0252337170252 14.0100358607369 11.4781335477268 8.05464986262879 6.61853299458227 -18.161664942423
0 0.076589640805679 -19.7868241097672 -30.087273133902 11.9619054977189 -10.0645470359966 -48.022081921688 -11.0456610801042
0 20.9186342052574 32.4181888410049 43.0664840751385 38.8531329849363 47.7552023279188 48.7285722590883 41.727212878283
0 53.420305402933 51.6192699505286 54.2488096911726 -1.32644993321222 36.5034710131048 45.3282463552381 25.4788581882517
0 39.8141426996022 41.2988968942262 50.648711085343 43.2776576363534 53.1290186242292 50.6856879246128 42.5708877631764
0 0.102380767979826 -10.5481632660002 -22.2243358215049 -11.033244620939 -23.2103763174612 -43.5464691807485 -73.502319128104
0 160.05360517764 151.270675205723 175.128456038923 29.6183009440792 140.814482542475 254.672947608912 163.336398666434
0 13.599237684268 14.7248242604293 12.3752765850696 -0.297313932340039 3.34747429467011 -0.185273855809999 -30.8320735577651
0 12.4707739173551 29.1385507995164 40.5068489691477 42.6142513075494 50.7382272166143 47.6342053089662 42.9048638624209
0 65.348817404297 61.1730232634927 69.3826316868176 -6.94902877696404 43.600052176346 92.3959965477778 28.2307055673602
0 24.0008224792133 28.5206011542575 38.3371261952249 41.2156017779399 45.1816798133249 43.0521894391303 39.7751386947226
0 15.2640450533499 16.999915525873 21.3692825354286 22.5060938837225 20.8498430094327 22.4477336439734 8.59940801587728
0 0.499835143357738 -1.18641794214154 -7.21171221871557 -7.64478533452216 -22.5142414254384 -24.3664415968514 -47.7201826822774
0 25.6901542465943 30.0082612806151 41.7351182433565 47.875906057577 51.974499520746 49.9268551900686 50.6257507543034
0 5.92296837304767 7.36366345682597 13.9821733277363 36.1281003558264 25.8204390753143 17.7384429178169 28.0642989334817
0 70.402004952766 69.7769569498405 84.6149135615041 64.0179028546632 87.8086047641767 99.2236072608231 85.9910130118302
0 29.7255486805244 35.5037137666227 42.2360572631929 57.1745038827237 62.5867781541474 49.238116773293 58.1437320209905
0 8.29912958263159 8.45266467441143 3.29917915118046 4.86089144644349 -9.73756908497075 -15.2924272517206 -39.8435843523773
0 23.2922348352244 23.9696153548669 31.8139211365252 38.5558771659248 42.4892307213015 34.190446945136 31.5886490344081
0 17.0463359602607 12.9731764231325 16.1921307277812 41.7090577591581 22.6999518935993 12.3143107468274 25.8774738771676
0 12.8169377236177 9.26926493973511 0.305965238029131 1.09927238730359 -10.5467556935713 -26.6301441962154 -45.8933337232872
0 6.2953301156262 10.9989944116724 11.3800376143251 15.7285962759209 12.6759676499184 4.83884092014446 -18.9428700689991
0 16.3723289872259 42.062116273513 54.5282984777512 51.0560977006686 58.4424039427798 61.550452505736 55.1070223836678
0 -5.75127186321373 -52.0880338727979 -73.3353470753339 62.4877639985348 -28.9943246538841 -103.129106629057 34.7850265825025
0 69.3126751426073 69.3300981038567 85.3555973220695 46.9415180819038 82.1594992050226 111.088144048684 84.2642247218282
0 73.7558483630906 71.8337996732415 80.4001413563567 23.4814337647722 65.6603297522059 85.1951580237866 54.4847348483548
0 -0.801921616056344 -10.6107485760412 -22.7185671205932 -14.792565136048 -29.6558988055931 -44.7569218102183 -76.3202866586646
0 5.75336514409106 12.586822870997 13.9720344491384 14.1458567406629 9.96524431387015 8.9066514546331 -12.0593374332548
0 24.9866907505652 29.1347167795509 37.0095017496738 31.132950621887 39.314791428301 38.7567107518532 26.4715461001163
0 24.7603066607529 33.1667492324949 42.6742165230294 42.5568882483032 47.0278730962223 45.8046235191747 40.3798874451268
0 15.9554490985288 18.026324573401 18.7256522185606 17.8817108261865 13.4842526906016 10.9829262582555 8.6982054344396
0 10.5296708622988 15.9355521323859 17.9276464640007 15.1578712193286 14.2530182777883 12.7750591335349 -8.9177304386007
0 3.09601937250383 -5.41302926444305 -10.9006739311818 3.84684273237974 0.933938530535883 -23.8329679879909 -24.9712189211659
0 7.35084789999242 12.1223918978883 20.7881250560149 34.4648428023907 33.0778134113145 26.7925133405788 33.220316078506
0 33.5749963042593 26.7066331351305 36.2462135305012 73.0416741346726 73.4328691684627 41.6530986497606 98.0736701385956
0 5.19400862933762 9.75908977142531 14.9696955570036 16.9235558007568 16.9446891320292 17.0691220406361 6.82548376487995
0 44.6441871827951 48.935113409888 58.619049523681 35.5301828156248 66.6203470220145 65.7547048711569 59.5326150927031
0 28.195347296856 35.8180977360226 44.6558501772635 42.0452796610477 47.7006766200499 46.0962026989388 38.5628682708326
0 -0.811701775845854 -4.27691035078544 -11.082868593494 -17.8545873645424 -30.7045325537491 -34.8759315172824 -43.0125076796304
0 0 0 0 0 0 0 0
0 18.8455569485082 26.4313156852026 25.2892096616083 19.5327867734189 14.0317980421059 10.7645478435436 -15.1773748158724
0 11.9515500281562 14.4316996027646 15.1876682180662 10.4298955386321 9.37307060911709 7.03389250438259 -17.7259199141704
0 25.1609633065419 26.4712683396148 28.7234855099698 10.0444783880124 22.1945667697739 18.9108604016026 -2.47629093830368
0 6.76382823374482 6.24944914923335 4.6233745085143 17.2430291394643 17.6198542661525 -4.24697831607242 -31.7093300076124
0 3.00390979800841 0.447559914241179 -5.97640135109381 0.890037717039741 -8.15686832388786 -21.072510220822 -56.9713025605744
0 -0.102585622959438 -23.7594759184522 -34.1989127493048 32.6815595305038 -6.77986072032492 -51.9733081596475 15.360978800681
0 15.040767896253 15.0092734904009 13.1521141372059 2.9773593041174 1.17212612596675 -0.529182415489409 -33.0465753662006
0 4.16570389770262 -9.20990917521654 -13.310229661185 12.1031171326301 14.6852622349711 -23.5961077385789 10.369624420026
0 17.2262072124534 30.0738762207894 41.3957898043342 39.8306115612202 46.8971165781284 48.2169570080017 43.0060172042795
0 10.460749019836 10.8865460694479 7.38783679484037 -6.43444431817798 -5.1057537011983 -9.35502070991394 -42.1959898126713
0 4.73078412150957 6.17403528660292 5.28738839424639 5.27942865457391 -2.32430762306377 -3.98516425409089 -17.7648828230018
0 8.20679039314018 10.2608493730807 6.79105317234744 0.662539225871512 -3.26694162148958 -6.35965755222432 -40.5831248770909
0 -0.465723384558753 -6.00345056794588 -12.436797852685 -5.3446754609817 -22.395509560199 -26.3129198713569 -52.7233091372691
0 0.773974927596644 -7.50508004077962 -14.0756978766412 13.7258232404928 -12.9247354664568 -28.5561461224668 -15.5931393867054
0 8.75293649789701 8.36937289858838 6.49665721062627 -5.00573498879054 -8.04064221255526 -1.3938722917069 -42.9552084888338
0 -7.06770746065342 -10.528995303269 -23.8015680762037 -25.2450977808582 -44.2327302789023 -49.1027184222296 -100.043480516465
0 14.8893282603833 14.6964767080315 12.2664803917425 -1.13007253498541 -1.0463042708183 -2.80607708722493 -36.5926225756383
0 28.4071936498871 38.0915221304219 43.5402681968965 54.214735225967 57.335511661878 46.9947529391935 39.4749887214929
0 -4.01635494703241 -32.3524376992349 -46.6962776647148 46.2070438143002 -28.4641276660503 -68.8915743851053 7.43094527013949
0 14.2580763988405 31.2375526568766 51.0159877095244 55.9321937994457 74.7731357397568 70.5676721703222 85.5479563335589
0 9.69745435479397 8.37597530992227 2.70418830306709 -21.791287185932 -18.0194734058993 -15.1973758296947 -60.5880383929534
0 -1.62724531725745 -15.4933437560977 -31.9812376150636 -20.1213441509678 -37.050572582755 -59.8782604690783 -98.2528365877276
0 37.4876521112531 39.4021440061774 45.9704050590403 38.2228682987681 46.8388802866052 45.5549120387479 41.4338833993689
0 8.57816164486533 9.86566265922974 9.91645718045286 5.0833747540264 4.07399688962935 6.68182117060061 -7.81229295255938
0 28.5389057012284 29.5887396350562 33.3333420530649 17.5703736549014 27.2786175710294 26.5960782755226 4.99386336612478
0 31.0758896566712 45.3677838604671 53.1592876155997 54.0338449033619 56.4886842285404 57.7844386911834 53.8805276881496
0 8.75782558185904 20.0337804125947 20.9421707865794 22.5424690732302 18.6112289956014 13.8787493623128 -12.0426938672617
0 -1.5695921975862 -18.5665149022007 -29.8112281286358 8.77992422534704 -23.5209785102069 -49.301629170865 -29.3821363783858
0 13.2953332046327 15.9560433889646 13.6550621292597 6.37523733824946 3.73353191222512 -0.227573913892815 -15.2905388360828
0 90.5519381582688 83.6254992271832 94.7070505526031 -31.054003031003 56.7234915727136 129.813946235037 46.8939788053162
0 8.53536378759866 11.2556763645597 9.02015610178954 1.77037620075683 -0.254218346196492 -4.27585860259022 -17.7257836020179
0 -1.7548041612792 -3.60027834827463 -8.53934418577982 -26.7163790228602 -29.1273219701112 -24.6839304473105 -53.8660619293824
0 5.17241394312911 9.51331069306576 14.9855155462837 17.2419341865547 17.4285256124921 17.3763293267651 8.42684683855683
0 4.16877368477957 7.72481925191727 10.0459186219319 10.2097883795628 7.72372889954296 8.93730329241135 -10.9622067081406
0 7.87729807158662 15.6880458918138 23.7373613597796 26.8341159921903 31.1144045597887 28.1220123885994 21.5355282973552
0 15.4534912127742 19.7038993745458 22.2562515784433 22.3821589249994 21.1343794598238 21.8210613524183 13.5135885586994
0 -0.504444306013112 -3.42589017115386 -13.8126865597974 -14.1813640713723 -30.5240892937984 -34.5842487457449 -78.4866901371342
0 25.0135105782506 30.9418645891358 39.5842478029986 23.5202031009132 40.5195725181063 39.7561278417461 21.34196497145
0 8.65688982453169 17.82978037145 16.585122759631 20.9994173637019 16.5628808220351 6.68065401836109 -23.6246068782456
0 13.6730884636174 24.7955477612741 31.4925179988752 28.1213643974939 32.4131723262805 32.518325497705 19.5075679338124
0 32.6381488847389 41.2547659722507 56.9195557741178 57.7436887070442 69.6907954530357 71.0075599827761 74.3044351565647
0 10.213503895632 10.1601474469355 9.28464399492689 -0.905141475958303 -3.18045875526751 1.48813467544639 -35.7857636318617
0 3.66037561954306 -6.8544639384919 -11.2787020947802 9.19135578391473 8.28940864430035 -22.5343003370315 1.43595860172944
0 37.6174227183663 36.6263035638849 39.2449292409737 -2.49116143809492 23.8412024058347 34.0731277298578 -0.975407753498743
0 30.2277646350688 34.3484976629636 41.7337262542158 62.7710602361723 65.203299643796 50.8398902558164 70.8277190698295
0 12.9409878062393 13.2788300665605 8.94483274772396 -12.3304763508799 -4.38173128759838 -9.07377843687183 -42.5199057906234
0 4.5708832416524 8.72691720134829 11.207318338193 11.8629796652617 9.48532768293298 8.40800457183873 -8.2281935197679
0 3.46925450664085 1.23597090265052 0.435287413764097 7.31937765756355 3.97178305667278 -6.18646741135299 -18.1442386143086
0 26.5157801679929 25.0720775755305 24.6640098962964 -7.28657259701012 6.65828894734185 18.6073862654732 -24.9979665039708
0 43.887051112436 52.887386911381 61.3989591109187 55.6998213179568 64.8110206139718 65.1823261589176 60.8621228840686
0 2.85738456989082 4.82795348785779 5.87307316203547 5.13015679034169 2.32145986075383 4.66809033846532 -18.0198506538529
0 11.051035078405 9.21364497094336 4.61199262197398 -14.8836023873091 -16.5661002793854 -4.49470512479259 -57.7045324802727
0 0.244176209865536 -17.4102360076958 -24.1196223971876 42.1336645803282 -5.20831340320823 -37.1224596717683 20.0553837296894
0 4.67449175932203 9.76652255183809 5.97273653775622 6.4631260502945 -3.54335403073808 -6.63284659524031 -39.6619347003938
0 33.7121710987915 36.7281387565495 42.7428350399396 24.7934820868792 44.4378739393115 42.6335843573622 28.6815030155603
0 10.6289685035281 10.687774592327 11.0109465861405 2.29773138959673 0.137841482855475 5.36259554940628 -29.9799171166726
0 77.7155403097998 74.93897160172 82.9154050044839 11.2531701668504 64.0557977983218 93.6179858012296 61.5064556319626
0 7.48796351035607 15.7425182012073 22.9279134219928 22.9460167600586 26.038822566365 26.3587333180237 17.7005556038321
0 -3.25721057096037 -21.4049596744384 -36.9411467135419 -11.7214539288919 -38.7454370626778 -62.5146055213297 -61.7620207266029
0 9.23823840214843 0.407858907693537 -6.27722130050786 5.17100348118122 -5.16607912162961 -24.6887431349186 -40.7223255621657
0 9.01484058048824 17.5743985612264 30.7044493776325 41.2225462862229 45.5081223951752 42.9040762910133 49.4188115759345
0 -2.15100590073167 -31.1884184095522 -45.50413181042 21.5235749241591 -18.2632734433379 -67.6373265911027 -6.77250173869987
0 -10.4545735328371 -76.1241872610877 -105.422854612504 93.0296236201808 -45.3634814110391 -143.591079379304 56.3669914069029
0 93.6389108532693 91.0295558889198 109.824922461639 18.8942596211524 93.9555259062713 146.788610648073 101.569540996299
0 8.76913930131508 4.29742515783306 -0.217586290420556 5.54788501144644 -6.20427760163 -16.1685638052143 -34.9356701010606
0 6.39646415695904 11.4402244557146 13.1452519888803 17.1166952463185 15.0952994243591 8.60277029123763 -11.8759543294875
0 3.49005603079542 -3.46718568820137 -9.56340574413198 4.18637992961428 -0.00436213974965227 -23.6434738536954 -43.3117366828749
0 12.5464285876221 13.6716757690526 13.716759861464 13.2257542399956 4.19931319381039 3.74649371578077 -9.65591151003015
0 22.9653133631846 26.9149995454593 31.54637275575 37.6364159598591 38.1478228875933 27.7360775492807 12.4484751313731
0 61.5096019796114 62.2757514277059 76.6186591186124 43.5943831315832 74.9772855900844 94.8968141495903 74.2679826405082
0 0.981837462403428 0.400676464776112 -6.8847897133613 -15.334680926265 -24.562927208716 -28.8531547080077 -70.5031384035669
0 35.4741629794567 38.5486855119256 50.2835165424496 39.5898497313582 55.9792278437598 55.6128540465593 51.2277611604234
0 41.0270031918929 40.8111576591281 45.4497605690915 55.7486481421533 57.0376576289127 45.5542868661201 51.2110863302967
0 16.9620027666233 16.3219264427302 15.0521512871171 -3.28273499849681 -0.397385814126515 7.53947908646344 -34.1412409628413
0 12.5590781380982 18.225568968645 27.3287671863998 24.2902504150308 31.399318720313 37.0230925285765 25.0822476069957
0 49.4895646668643 51.6615015224875 63.9085601995685 41.02500694422 65.8060862675288 71.1715432652918 61.689903743217
0 7.56551190993903 17.7076797739406 20.9037888570378 20.8234747509229 18.3298970480535 17.7178761043224 -1.21189856613785
0 -2.5339921054785 -34.7183245244469 -49.9458261949893 33.4024173562224 -18.1181593740874 -73.0942641130248 8.16061956684095
0 24.3254692900514 24.5571729287241 19.8159503147625 -11.5618698565532 -2.51508901545594 -5.08079491831006 -35.6379900187158
0 11.1886304904844 12.9548698375594 13.860493047124 7.82299017735344 7.17169293535173 4.9883777196605 -19.9814386350792
0 9.43346338373724 21.1053187176603 22.6529395402521 19.730596425947 16.8693112408351 16.1977427164801 -8.80722442983157
0 -3.22331195245789 -15.5719958129304 -31.5382075290852 -25.3960602500122 -45.8554353867621 -58.8725593532234 -82.3789223478722
0 -0.935150085054747 -4.83133090072507 -17.173680502386 -16.5929010805593 -35.9573364745318 -40.3338058740325 -87.7610055099398
0 2.74275273760642 2.86751816066938 -3.82360746513946 -1.12129761716919 -12.9854392526455 -19.9029441450269 -57.7838078177767
0 2.30434568021952 -0.970792729890057 -2.16777047389741 13.9338156240671 -1.62085529517244 -9.02024707759975 -15.3751464223661
0 3.30287986600009 4.40621645975557 -4.10493388154479 -1.05660473193357 -14.6266241068828 -22.9927981849165 -65.5008490695037
0 6.34229808820891 6.81119941343177 9.69505878357086 19.4022560859797 22.3533879618979 7.61093652644662 3.35102859949529
0 33.4096018291356 34.4066231914736 39.5633624308478 20.5912271844168 34.0027240680387 35.7305040413446 14.6334000014997
0 2.96221951654028 -3.35717244893998 -3.29228657822661 29.824035671445 7.65331316486785 -7.86014816530491 9.87847409479967
0 64.8777830449398 64.6977030073215 85.2459689417686 71.0402531849802 97.5193039245784 110.627099784338 105.20440786431
0 21.3569905968826 -7.96721260313799 -14.9630716799217 103.962911353049 38.4645520579242 -21.9919984198701 105.662629814544
0 8.91292564199977 10.9878832136967 4.48237280987451 2.52164777228574 -4.52141415571661 -15.0617611079748 -38.1641988648031
0 4.11108930519499 -3.22540885784387 -4.54322873940179 21.5679480014897 12.4374213046199 -11.6116584696326 13.2242312494876
0 0 0 0 0 0 0 0
0 -0.496037586789734 -1.99506111872465 -8.32740689453446 -16.8635094110304 -27.4168123366998 -22.5540920284253 -71.27709076095
0 -1.02620020027822 -15.2730590402501 -29.326733660992 -15.8402933218232 -29.0872607009374 -53.6123043531024 -72.4080387656513
0 0.827485733774256 0.663915285357145 -0.505877195308306 -5.72659077596415 -11.1154368665439 -6.19270948106632 -41.8994312940889
0 33.6383610589303 35.1512521883186 44.3515174631185 44.1273505552561 47.4073078073756 46.6121842984869 45.1180940863438
0 12.140842210775 19.623322578008 26.610323677064 23.706387417835 29.1629107083459 28.7763384063898 18.8091312051892
0 0.601704255894889 -5.25193815109058 -12.5127768476878 -7.01091811928299 -18.2322951076927 -27.9921810464908 -52.4728010045938
0 1.27074640066882 -0.557171752876775 -5.68700990803799 -4.10070362426632 -15.2200867428626 -18.5528432274888 -49.9495253689552
0 4.23643452211092 5.47603403582974 7.5211179623287 12.0549558381476 9.12513662366266 4.60360699784562 -9.08783008614505
0 -3.27917830699247 -22.1880886921715 -36.9342477718384 -15.4644323201851 -39.4229732115759 -66.4703403738843 -41.5327658758812
0 4.85103214095309 -5.91557080935078 -14.6855290215271 -8.48643733755265 -13.8706242473549 -34.2896253931736 -29.3312019896229
0 4.34816746356066 9.18581867572776 6.53414078176248 6.06606384239993 -2.25180522164447 -4.5913426922525 -35.4520120271744
0 1.11012050905726 0.110023149869813 -8.88528696435465 -8.31013335351531 -23.9435230871667 -27.9343081251901 -69.8470426311278
0 0.67761160458187 -0.641309856628459 -5.74069000146191 -8.13850418488756 -20.5225192419324 -20.7637080141563 -49.6965142978564
0 27.3432938846991 26.4356451065968 27.3151762334469 -0.741790019619586 12.0502200439691 22.7654923213877 -16.823100453625
0 18.1207783071135 23.0428923192834 30.9243167602056 26.2005850532511 33.6838870854014 33.1581796173965 23.1530023557426
0 -3.96764244840446 -15.4454515641905 -30.8938192260177 -27.9074529010551 -49.9641329820609 -57.0473171869601 -97.6193092955402
0 -1.98868072789625 -23.0168708198302 -38.7363413335071 -9.59073113378919 -28.9559329019043 -64.5084354551235 -45.1695570291343
0 58.7101560711033 59.9645666490612 72.1953178613863 31.9838971993699 70.3809043645052 77.5889551009783 66.7877875979567
0 68.5369804654072 67.9530819973036 78.3593536973147 48.3732122231944 73.8350903806875 84.6958432687319 65.1723986789865
0 8.43986130017689 13.6374880600937 20.2671025647137 28.3369672935175 34.3387445018383 22.8671181683084 13.3513323507477
0 93.9578659558604 89.7133819229786 107.655222657973 14.5091867238973 85.8611918612841 153.650599935301 90.396522417507
0 0.589026332696029 -16.953551651159 -24.7224351209488 20.1119940226395 -5.60440324451939 -39.1704957317596 -2.4266479344891
0 13.2671255088129 26.4030122250522 41.3766508667124 42.7566672980274 54.0648508259428 54.3538852925017 59.6475373185998
0 -3.96395395579832 -44.7563893910038 -64.2809934220258 36.3617270871245 -23.2685214153081 -92.4341584284018 11.7451767642428
0 4.61473388820943 8.01834054980634 7.02644894968013 6.6585670242693 0.300991807948442 -2.01395008999661 -28.322745661774
0 19.716245284808 20.8868904066886 22.0683088764726 11.9423172094932 15.1987374618057 12.3531015264942 -12.0216628203495
0 8.14887303472199 4.6882158209906 -2.37536165057525 4.2233128056245 -9.77963428333611 -22.5093233865441 -54.5637360260667
0 9.80959980642474 13.087598853446 15.5802977834098 11.9760391901426 11.8075658663464 10.4806606138818 -10.4183608986042
0 13.589415818827 16.9441847698762 18.5481820853041 17.2826465524605 15.6419987933664 16.5340365440683 6.2388118656157
0 11.2859709856985 24.5726710012928 41.10963304417 44.2902560270411 57.6879701337817 57.1107054402101 68.1219750219813
0 83.9832309224648 72.866077286562 77.5648031006971 -63.5281957661814 20.6162856224496 120.783795285346 -4.97251471762399
0 42.4574767706329 39.9431948323756 42.8778426283168 -9.78680916673092 21.4456940294882 47.1390067437452 -3.5927060779116
0 0.397417492588048 -1.78992820576945 -11.6897353496373 -11.0900028027605 -27.7470499176592 -31.5868737278502 -74.1916377969222
0 4.13441360928363 4.33456852782106 4.90652441203336 9.99997604555099 7.17035697347079 -0.115300564512626 -16.3827273492459
0 0.59254726542031 -0.496154960917839 -4.73932446920779 -9.30348123363984 -19.3327611093967 -17.34541282965 -56.0160858579061
0 -0.210989072242665 -6.87635722578148 -16.6001764958892 -11.6897840242894 -25.6860586251444 -35.7688377593318 -59.4442794778497
0 3.41017452147793 2.85090074367155 -2.8622528054292 -11.5107173171373 -19.6541459685132 -20.480354878486 -62.199321779307
0 5.61090683799979 6.21998013508462 6.65599403425334 14.7565314813732 14.2058057113002 0.905626595937953 -14.4389965441043
0 125.242499423051 116.178790933472 130.98241919879 -13.0389048694649 89.0940374024067 183.235184745938 97.3286112604807
0 2.07883957491728 2.66793069517987 -3.8355716662431 -3.34517711285783 -16.1044285014448 -19.5623062846832 -56.5552460388749
0 53.2344289509615 55.3912894879346 60.9158753972863 36.8383258348288 61.7156838600808 57.9991637744652 46.671564561343
0 96.0783234807786 86.4399376525516 96.200860373968 -45.2356000614286 47.5018154590652 141.499451672681 33.4513938818336
0 -0.260971464942712 -4.27570380559362 -15.5633728356984 -13.9821010858267 -31.9070404853395 -37.2036153926323 -82.3339956696387
0 11.2264288245194 27.5760580281547 36.7382982192284 36.2735983050506 40.3554068840051 40.8605171700443 31.8443393342121
0 0.15814482349402 -0.93129776828544 -5.2667514327774 -12.2425168944991 -21.2385324394145 -16.8043873693602 -60.5558884118757
0 56.7532432535985 57.7448238393335 65.0926289249973 44.7499950345214 63.3515007999446 65.8840873180792 59.4556615276423
0 5.11185563664574 7.58969878259178 0.287806871482033 5.72321018872523 -4.73658172402298 -17.3149694687972 -58.5945710364104
0 2.21700925202127 2.32434235202132 -4.31387820471206 -9.47005076522962 -19.4918766669938 -23.6825854417716 -63.0351719499873
0 4.63265893757875 2.90441077300179 6.86439159864133 34.7983527494897 18.0602347316598 7.26556475558384 21.5735720463732
0 13.9999385641676 14.8200933969138 10.6863427186746 -14.8746888194132 -1.5473093241863 -6.36775968261921 -38.6668517609447
0 -0.390480403470779 -1.96604801090484 -7.97804543920924 -14.8377832525145 -25.8918256724251 -22.5731711917348 -68.8111966313761
0 -14.0546283144969 -16.7526165363063 -31.5886406105859 -47.2710789504307 -61.4365699798628 -62.3345324891053 -123.584277415575
0 11.2934996380045 15.482499929995 15.0464940716599 11.487723626879 9.26644801038223 6.76881087346191 -3.61187732859889
0 8.88328954946136 9.41918866231505 8.05111281289154 3.62515925873129 -1.68921986733909 -2.71567781553984 -12.8676850675528
0 2.16737620654449 4.64605189583709 -0.666347514461041 -3.44860086081933 -11.8954951348657 -15.1683702329489 -49.4810681544478
0 7.98889701695426 7.55285847535349 -0.243491832843073 4.4874820260927 -11.3805503811882 -22.2220389692696 -56.8474412173109
0 40.9845237955354 43.0249505470278 53.6645075691055 36.73959418507 54.9756425239533 58.6157839938557 47.2136750259034
0 0.640010125860754 -0.464629920164603 -4.7991533058369 -9.02645311930453 -19.3401733793828 -17.7359687418301 -54.6052156714822
0 -0.884301189869044 -7.64375922368593 -20.6294286196237 -16.7690649858078 -35.2036068015158 -44.3674216428408 -92.6071259544239
0 3.77925935024152 5.69342298740645 5.714210200067 4.90558519305519 -0.930709443759667 -0.449443023382202 -22.3165636922848
0 14.9815815314602 15.5921829058097 17.4531835312283 6.86742039400206 8.64502651187483 12.5367698067528 -18.1324337508617
0 3.9710750132161 -1.83766032021136 -1.74501356511782 30.5512369990155 12.5199190673348 -6.85348876177029 19.7758383458053
0 15.0310259196055 19.1618883078302 16.1784125806222 7.77964675094899 2.6926370333495 -1.44510000637332 -30.8624092689382
0 2.52681159318586 -15.2476151431977 -27.7971941574733 -8.03139921340504 -21.6894395523767 -52.5054051747461 -26.8513632721235
0 10.319903207194 10.4032570049501 5.8018497718692 -9.05570426625656 -8.82712519433574 -14.8212454140195 -32.5075547416516
0 9.09541810911284 10.5739182779106 10.8511448258911 6.76107344453165 6.06498964425355 8.70212156423167 -4.6776200982615
0 13.2165320331131 15.4034765658312 19.6858302092067 16.5341343448564 16.8267126932294 17.2636102126818 -3.17668940081403
0 4.99685111355819 -0.821852087189548 -2.84804789435943 12.5201317487777 13.8722556743886 -11.2017122496873 -11.0319991982716
0 5.15626490368386 10.7413218551402 10.7803528323047 11.2694784243164 5.60798713529457 3.77736124219551 -20.3401589895235
0 13.2913209864505 16.2253909806943 18.3072753624143 17.8056061870568 17.2246395421336 18.6082619769313 10.6095189098305
0 46.3410130901508 50.0333570810291 56.5206667363806 46.5840173868238 57.7813352621876 56.4703303666076 50.1115989910085
0 0.85022767422175 0.0191012738065366 -6.70744357307121 -11.1802494570097 -28.0135002032528 -26.4873058383725 -57.2315189124487
0 0.0597308063696147 -14.8385865754929 -26.0093423516991 -9.4178647401198 -17.6109530044362 -45.9430354960356 -47.5030966451068
0 -10.9410148229419 -18.4265743740576 -32.6384482718483 -38.8579668858179 -58.9218198064492 -62.6713972509348 -119.377263016117
0 44.3347991191726 46.1755605278748 51.4548728118797 40.2732313895971 51.6282654148871 49.6260419517717 44.25182769891
0 28.9473380555204 41.1859321500702 50.4202285104079 52.7934781129466 56.6885327175996 52.1865659484051 42.2136971835309
0 27.233972799836 34.9739418483481 44.475102547663 47.1373384036349 51.5617054397499 46.8216499303138 40.2466764013739
0 15.8144217896222 18.4596247944942 18.6584059877455 11.3587735158406 12.8193020525507 10.2889598691792 -16.0434625717243
0 9.94092809016203 18.2493505170441 22.8169528892091 20.824696805123 22.0591531032724 21.469960749921 5.49637501382524
0 -12.2868669098637 -16.1098787518656 -30.1679898090449 -39.7757182941386 -58.7429853489593 -56.7514347202736 -112.185383726576
0 14.3558027541853 18.2800341253841 27.271308831713 22.959207211986 29.6923272071926 36.0401126893968 20.9340449164246
0 -2.83704563706732 -4.73513053564539 -15.2394765598319 -25.3824641405339 -38.1999703795118 -40.7596496404465 -91.0929233326429
0 52.4341192430552 53.9362800490064 64.087353711452 51.9968870587855 68.3657238030413 65.6876175308265 59.4097909114576
0 3.69198575114483 6.43806189356363 1.89979987237493 3.20295959984402 -7.39799754728202 -11.2258712541328 -44.4480076266662
0 21.9394659575561 45.2663477825739 57.5683908582459 51.8356917239963 61.0464311493197 63.853578285404 55.8303019397332
0 1.80075101231039 6.1997468415764 -0.23047505707979 -3.0010886846485 -13.4818218374417 -16.5313319343366 -54.9377979740551
0 4.64716776527162 6.46157994807793 6.24854194962125 5.94624086569733 -0.622435754247817 -1.41374799150951 -17.5998695942584
0 2.13244410196293 2.9718131084722 -3.68304814260576 -7.6948357743427 -17.8587673596857 -21.8276923030855 -60.811423559096
0 9.97077372594839 14.7725949714554 21.7762624105788 18.5592154685107 23.1029879002393 28.4021406418189 11.9983602900448
0 10.9846841371204 11.3875641996754 7.85790545930919 -3.50389839181807 -4.08312336309996 -8.01993536268293 -41.2986399004188
0 112.508438613296 106.219039692257 125.633441186446 -3.75120053289658 94.8812900535992 177.411296099145 102.250383037818
0 64.4016380621222 63.143633560957 74.6252182019256 14.5126267015727 61.6055082505774 91.4197850638175 54.5638407719077
0 3.173935599678 3.60232691983968 1.95918741354727 4.92848798899235 -1.8300035387829 -6.66217238246993 -20.9004247808967
0 8.41404688687931 14.9271740674613 17.6071677990816 24.4174862343472 25.6046697449202 14.0297313539944 -5.6988174457399
0 0.5276272052995 -1.22479874369076 -7.46403588334565 -7.04084660606978 -22.690881503203 -25.1773752886574 -46.1782899538246
0 -0.240321370651845 -5.02200291073592 -14.4693328249365 -12.1027491462243 -27.6098805332165 -33.2832986705562 -73.637444406639
0 46.8874881154987 48.1935378573342 53.2749151650294 38.014760601787 50.1905177420008 46.3958649682001 33.1337706284975
0 12.8078320702075 15.2615771824626 15.9396363387049 13.7068665764389 10.6461017790392 10.5754148023298 0.654961524670476
0 14.4788162278798 8.43716763418141 9.81340690315173 36.4245251251887 14.8980351209284 3.70341908876222 14.7428443607584
0 0.781792471113995 -14.5751619176882 -24.7755072246796 -5.93709897066423 -11.4974571261459 -43.3493327465495 -34.2084467427138
0 26.6631893899339 35.8190639739733 43.1872541881022 50.7137952666368 53.2672498729907 49.2329059311463 53.8462105355295
0 -3.22145658955208 -34.1841680217287 -46.0422499109337 66.6054441379059 -16.9857864851975 -64.1049141102683 36.3508843879451
0 24.8617006671156 25.9263262037721 26.1954293407597 13.4571053219449 18.8008740765625 14.7285475380618 3.1736982641106
0 24.7006516584258 27.7351895474291 34.7050520512987 35.2004185124897 35.5957769792714 35.3483739577982 29.5536318023526
0 -2.88740857936175 -45.7705104848398 -64.1692063968188 40.6411550276207 -13.3144325792664 -90.3942319523707 25.7227646150504
0 7.29337582047604 5.15557283834689 0.284314854863752 -1.24798961337624 -7.20636329605861 -15.5534672641931 -20.4985533724249
0 -0.877956720792927 -12.8876808465383 -24.0048839714667 -21.4346521663713 -31.6997151269175 -48.6925999496093 -46.7117614929844
0 -5.91649832888206 -9.3576140005609 -17.8313574237818 -35.0928272068195 -42.6539714213846 -43.1996838516655 -68.2138625252062
0 4.39976922812987 7.10591993229186 6.06314351995163 8.65952320620594 2.88022022139993 -2.1083235417168 -27.7765759702449
0 13.8811329913588 15.6729405437235 15.6641476689416 8.51774345731607 8.61218356276804 5.75665850214046 -20.5015452336792
0 7.07843876819275 8.16957041517491 10.853662401791 21.5816109500745 25.2598304777446 8.23804783219809 -0.663337395617038
0 87.7796148002857 92.1436467960239 104.83035930509 73.29119259453 118.273437287733 118.311691390634 125.630545126688
0 33.3096021884018 44.1187945828171 54.1080429731927 50.191159022094 57.0612758338527 56.0804861940604 47.6026178597133
0 2.00783373798672 1.29810961147552 -4.58954375355712 -8.63961020212305 -24.5398765137995 -23.0802253444194 -52.5158839003978
0 0.836529474096923 -2.20522757519407 -10.6628767754604 -17.2859438222687 -26.7978573062547 -33.1866198974466 -54.8636623767184
0 48.3141393272866 50.1630966808076 54.0602585399421 28.6731939442016 51.0061678206779 46.6837523637773 33.0332120365421
0 36.762645565339 41.8068653202296 48.7436579664121 50.1178303287702 53.1372913835788 57.5243428437582 52.1667710821988
0 44.1167525230617 68.9745216156348 85.7597734222183 94.8543065030047 102.92483572866 107.169381710703 113.968666580057
0 14.1037099916524 16.1937054565954 16.3713402478258 18.1648614061795 10.1901688108119 5.84675688270111 -11.8668671717456
0 5.41000083363553 10.5246921489602 14.6345078804078 15.5358946976971 14.5798211822973 15.1282997286985 -0.0619718761633301
0 30.8828506968783 30.2821793831845 33.474350359176 6.87234388149643 20.3360374962705 35.0190445971318 -3.9381783115208
0 1.79104335300759 -13.7770277601014 -22.7004235186449 -0.921529998242946 -3.7078669562993 -39.6169486137837 -17.9690833133531
0 4.66309595214984 8.37212489930842 7.98567355241946 6.09898456989555 1.88428988344589 -0.203898603651648 -25.0637021917084
0 17.1540444376726 17.8386991524967 23.7491732523654 10.933195494944 17.0620028395314 30.4231164567306 -1.60713212595111
0 -0.570277591840288 -15.2699130897631 -28.373070532128 -13.3286780972558 -24.4434817807261 -51.301193651396 -58.7339353200523
0 2.01843062166587 2.09558820755511 -0.211960367590463 -2.60348664474886 -11.0506307138732 -10.102334338877 -39.4336476522313
0 19.4464774588167 21.1974926465453 24.5744396866835 17.0315172575184 20.3952587526366 22.6950539446997 10.5776275275758
0 18.8298988575452 7.82559186027426 10.4066966345 59.730584236373 28.9623868853395 6.9433601030569 48.6382772534596
0 6.75853911424353 6.40473582010231 3.94295397035931 -6.73351945748137 -10.8825417538042 -5.238350355416 -46.969592923306
0 9.21170113036611 4.30983006659659 0.721746879989473 6.69340147927912 -3.89323618210243 -13.5134264918129 -27.6492197695152
0 -29.3427117604733 -34.0933101442909 -50.1388649982758 -78.5379322560019 -87.9445970019809 -91.3204727006089 -131.085284180169
0 6.24242348808251 13.2198520407508 18.5779428333725 19.1727868117125 19.825962037946 19.4454950381172 8.06910997348182
0 8.33276944964256 11.5695763948091 23.0512532844789 54.2647755928614 44.9772657167754 33.4713083201505 62.2436046679832
0 12.9978780956645 10.3713249865564 9.00584198861636 14.9759004009314 7.51395657494024 -2.5394315504162 -15.2081735741708
0 1.07012338451976 -6.1371463508208 -9.67054238218481 16.446503357487 -7.48857193032748 -19.2019945002322 -16.2187732377333
0 34.1162394645579 35.5695681532732 42.4191476017861 34.0249458849183 41.3312103002897 38.4381021643593 26.7899197112357
0 8.7125095871879 8.46430494530475 4.34742206886158 -4.27871599697165 -9.89359996484409 -12.5518250469708 -48.8809291567828
0 5.35932175757265 3.58990502866651 6.48840450682625 29.5361921688855 20.0402681487497 4.80540307901488 23.4648137390174
0 22.2688240130116 27.2069742413635 34.5597926894798 34.4570157514156 36.3696222119282 36.4237707983127 25.9135702629657
0 19.7660414634901 20.6570430596049 23.8249571703609 13.4276270495864 17.339297742148 19.0324331500619 -6.26908201088746
0 4.15786135472373 7.22381587974534 8.07296177830194 5.5288951148088 2.62580815758476 3.27504914879974 -21.8611693540107
0 1.24232148832078 1.20594780678749 -0.909805110761805 -6.86640980240482 -13.2529618806967 -9.54601231388214 -47.4900623230129
0 6.36833437379349 12.265516950267 17.3734759703478 19.7424393423679 20.2292379229445 17.9302185515704 5.90874739467603
0 1.52360242105473 -2.90296311394967 -6.90562435319359 -0.545391649315611 -9.32118991640393 -17.6975721283806 -34.9447957082702
0 -0.607658492475713 -2.70930293211872 -10.2381590537796 -14.9531881136508 -29.1693736477022 -28.8040669283345 -65.5867897025041
0 1.04166852030217 -10.0292113808289 -15.8937686436191 23.9019983123543 -7.07031626890189 -28.826381656824 -0.316632544666305
0 45.4291841997686 49.1092171266673 58.0029903840074 67.1067575098102 69.1540286603508 65.5774668690933 67.2250219981701
0 2.93314297293389 -8.49693252170324 -9.42929316515621 43.0088646201183 11.6606440995978 -14.8935861436801 30.5982380576799
0 13.288970457208 12.3747822944301 11.8268467311331 -6.82235302841459 -3.1260006538917 4.399455086298 -20.8601222475689
0 9.60299866609021 9.80634598988368 9.03549622272205 7.39183925442932 4.04274668731797 2.03377514837596 -7.81110400529481
0 16.9546361682213 21.7931501263249 25.6722427128689 26.9162204190841 27.0454969269552 27.2900513117149 22.9648252443242
0 10.3674821021255 10.4962112612856 11.1939746766838 11.3115894874171 5.51127489369057 6.97776337825108 -13.8408403726569
0 6.46697220625313 13.6732072569704 20.0114484865762 20.0210021420843 22.40289246794 23.3577451211116 12.8918560214389
0 18.5401011764575 14.019303220331 17.8107615336537 41.197523344016 27.5515081379731 14.9582879258722 28.6272468678352
0 17.5393982578616 20.2603951650703 23.179413736799 26.3986625589599 20.8840340694886 16.4226396153943 15.1283019352291
0 28.6899864857152 34.7317900573726 48.3164237066459 51.8051551062627 60.7747474533724 58.6468335784287 61.4496890875764
0 4.43362879551233 3.80340834366429 7.22029475052345 26.9689951443924 14.757827366004 6.68868546871089 10.4189101940222
