0 0.0174821039037578 0.0198083423620954 -0.00444172633983619 0.0171297574177243 0.0104671712357898 0.0121468424968043 -0.0041470700934485
0 0.00456909254884463 0.00511650860356783 -0.00223096027852421 0.00448486082092225 -6.77434022535728e-05 0.00211501128649783 -0.00136918156130905
0 -0.00188741312861174 -0.00222940827569529 -0.000974047983445026 -0.00183758747747831 -0.00489385518900187 -0.0027272984283746 4.68649855647207e-05
0 -0.00351283605023545 -0.00315195091306464 -0.0300641168045397 -0.00254295712011388 -0.0643457008504544 -0.0370409019487705 -0.00340123605736986
0 0.0399689241126358 0.0357775793731729 0.0476746198906763 0.0314125667752205 0.0111248792606404 0.0377732608838546 0.0569027647100069
0 0 0 0 0 0 0 0
0 -0.00188741312861174 -0.00222940827569529 -0.000974047983445026 -0.00183758747747831 -0.00489385518900187 -0.0027272984283746 4.68649855647207e-05
0 0.0620497079721081 0.0551828986400213 0.0780943676761385 0.0481460205759472 0.0166430191839706 0.0591095003515369 0.0912647042528305
0 -0.00834391880606855 -0.00957532515495929 0.000379290845889724 -0.00816003577587932 -0.00943572829350359 -0.00745762990743071 0.00148113394963678
0 0.0161564715325784 0.0154262611889919 -0.0605283803230314 0.0139711220191634 -0.0161010738434517 -0.0097962504446496 0.0230442154546542
0 -0.00365779254348153 -0.00613879507698822 -0.00799528591178689 -0.00355527250057275 -0.00436497261419122 -0.0239054671646746 -0.00379137723857204
0 0.00456909254884463 0.00511650860356783 -0.00223096027852421 0.00448486082092225 -6.77434022535728e-05 0.00211501128649783 -0.00136918156130905
0 -0.00188741312861174 -0.00222940827569529 -0.000974047983445026 -0.00183758747747831 -0.00489385518900187 -0.0027272984283746 4.68649855647207e-05
0 -0.006352550027513 -0.0069752837582655 -0.0317433474172999 -0.00362023763154484 -0.00192016547864782 -0.0276165218435365 -0.0210402097899069
0 -0.00188741312861174 -0.00222940827569529 -0.000974047983445026 -0.00183758747747831 -0.00489385518900187 -0.0027272984283746 4.68649855647207e-05
0 -0.00525112474842349 -0.00418190529509754 -0.0559888560085842 -0.0033368394006974 -0.117994342118665 -0.0671750970047125 -0.00678850635353889
0 -0.00458142610797996 -0.00377918107926023 -0.0465744499169687 -0.00302560880219538 -0.0984551244636345 -0.0562965963687665 -0.00552151892841746
0 -0.00834391880606855 -0.00957532515495929 0.000379290845889724 -0.00816003577587932 -0.00943572829350359 -0.00745762990743071 0.00148113394963678
0 -0.00188741312861174 -0.00222940827569529 -0.000974047983445026 -0.00183758747747831 -0.00489385518900187 -0.0027272984283746 4.68649855647207e-05
0 0.00456909254884463 0.00511650860356783 -0.00223096027852421 0.00448486082092225 -6.77434022535728e-05 0.00211501128649783 -0.00136918156130905
0 0.00695877833896574 0.00910756578442573 0.00371143427922016 0.0068454966115441 0.00523251711616446 0.00996738492004257 0.00709192919737545
0 0.00695877833896574 0.00910756578442573 0.00371143427922016 0.0068454966115441 0.00523251711616446 0.00996738492004257 0.00709192919737545
0 0.00456909254884463 0.00511650860356783 -0.00223096027852421 0.00448486082092225 -6.77434022535728e-05 0.00211501128649783 -0.00136918156130905
0 -0.00188741312861174 -0.00222940827569529 -0.000974047983445026 -0.00183758747747831 -0.00489385518900187 -0.0027272984283746 4.68649855647207e-05
0 -0.00188741312861174 -0.00222940827569529 -0.000974047983445026 -0.00183758747747831 -0.00489385518900187 -0.0027272984283746 4.68649855647207e-05
0 -0.00406975931294751 -0.00347835770297422 -0.0388313324329612 -0.00279405690720091 -0.082451041027837 -0.0472946111681418 -0.00451126642031241
0 0.011025598226301 0.0124624254828318 -0.00338802646278236 0.0108073091193233 0.00505009516520127 0.00707210764980459 -0.00276712138423019
0 -0.00188741312861174 -0.00222940827569529 -0.000974047983445026 -0.00183758747747831 -0.00489385518900187 -0.0027272984283746 4.68649855647207e-05
0 -0.00419264360630933 -0.00303305916052432 -0.0122565069156884 -0.00205434082623235 9.07674208181497e-05 -0.00467763802045296 -0.0118210285574269
0 -0.00459940869725584 -0.00378976635891304 -0.0468415673225606 -0.00303375838360243 -0.0990072586868904 -0.0566061411789245 -0.00555687899754131
0 -0.00188741312861174 -0.00222940827569529 -0.000974047983445026 -0.00183758747747831 -0.00489385518900187 -0.0027272984283746 4.68649855647207e-05
0 -0.00188741312861174 -0.00222940827569529 -0.000974047983445026 -0.00183758747747831 -0.00489385518900187 -0.0027272984283746 4.68649855647207e-05
0 0.0174821039037578 0.0198083423620954 -0.00444172633983619 0.0171297574177243 0.0104671712357898 0.0121468424968043 -0.0041470700934485
0 0.0175753492214135 0.0243539266458401 0.0157263332625481 0.0172462657236614 0.0149261748115461 0.04402630018786 0.0179756557720934
0 0.00393202698998563 0.00476804014201537 -0.0119652229514937 0.00422004452735214 -0.0212544879793515 -0.00990084294095528 -0.00230312389316945
0 0.00456909254884463 0.00511650860356783 -0.00223096027852421 0.00448486082092225 -6.77434022535728e-05 0.00211501128649783 -0.00136918156130905
0 -0.00182851929098637 -0.00217421636560866 -0.000921360419042561 -0.00179220589760298 -0.00452832565551153 -0.00261721918732682 4.54114806771599e-05
0 -0.00275295761151506 -0.00270954340887153 -0.0174252064193485 -0.00220303673453959 -0.0383195802360068 -0.0221664093114811 -0.00186188210092153
0 -0.00430183861530864 -0.00361471114633716 -0.0423782732331626 -0.00289899879951205 -0.0897815399665234 -0.0514249887739631 -0.00497051388739278
0 -0.0280077160710945 -0.00868502705950824 0.189881618531984 -0.00802877064863416 0.445806645191515 0.214010013484105 0.0128227569733097
0 -0.00428835640321079 -0.00642488032399591 -0.0410026455006882 -0.00379535974806711 -0.0192191275286095 -0.0486897908474404 -0.00374882055816794
0 -0.00188741312861174 -0.00222940827569529 -0.000974047983445026 -0.00183758747747831 -0.00489385518900187 -0.0027272984283746 4.68649855647207e-05
0 -0.00332345991054472 -0.00304129381271245 -0.0269935477289063 -0.00245787755192683 -0.0580124446074817 -0.0334362894207949 -0.00302076486083891
0 -0.00188741312861174 -0.00222940827569529 -0.000974047983445026 -0.00183758747747831 -0.00489385518900187 -0.0027272984283746 4.68649855647207e-05
0 -0.00770366782279908 -0.00564967408022143 -0.0878715277548703 -0.00447025213841457 -0.183654457878291 -0.103163356995124 -0.0114091639595189
0 -0.00418433365952664 -0.0035456526873956 -0.0405898407444392 -0.00284584630301898 -0.0860851416128909 -0.0493437585597616 -0.00473821236953276
0 -0.0574044950167947 -0.0285869239648191 0.40478506335874 -0.0234640134486401 0.726955580445091 0.407243295895263 0.011616762997674
0 0.011025598226301 0.0124624254828318 -0.00338802646278236 0.0108073091193233 0.00505009516520127 0.00707210764980459 -0.00276712138423019
0 0 0 0 0 0 0 0
0 -0.00188741312861174 -0.00222940827569529 -0.000974047983445026 -0.00183758747747831 -0.00489385518900187 -0.0027272984283746 4.68649855647207e-05
0 0.00506990877156888 0.00813265342026437 -0.076036583247459 0.00605587510051331 -0.0285814660013348 -0.0496560426123871 0.0071298123958341
0 -0.00188741312861174 -0.00222940827569529 -0.000974047983445026 -0.00183758747747831 -0.00489385518900187 -0.0027272984283746 4.68649855647207e-05
0 0.00609584983848244 0.0109778563491858 0.0651417649636032 0.00990278132827882 0.0488040669450776 0.0564450956427915 0.0155219842715049
0 -0.0282347900064099 -0.0172906002590683 0.265584422559972 -0.0134493229091426 0.207071706618077 0.200747945545792 0.0741941536509092
0 -0.00559582662386937 -0.00437733740109625 -0.0611585368557765 -0.00348627420874603 -0.128579194673999 -0.0730869560875389 -0.00750268688695721
0 -0.0167985470186207 -0.0227207643727363 -0.136160137544486 -0.0150226916504574 -0.0714198146170864 -0.146884075587698 -0.0147209815892566
0 -0.00538818984785649 -0.00425474959126015 -0.0582499033947022 -0.00339184284744976 -0.122576828092614 -0.0697572719145994 -0.00709927602872007
0 0.0659023177399725 0.0420859893509284 -0.307956928886528 0.0333432067189694 0.16157707497475 -0.0525765452574305 -0.117375911806802
0 -0.00188741312861174 -0.00222940827569529 -0.000974047983445026 -0.00183758747747831 -0.00489385518900187 -0.0027272984283746 4.68649855647207e-05
0 -0.00284697824487745 -0.0027639990868491 -0.0190383911261671 -0.00224483692300792 -0.0416341430959277 -0.0240700083831431 -0.00205448698829214
0 -0.00188741312861174 -0.00222940827569529 -0.000974047983445026 -0.00183758747747831 -0.00489385518900187 -0.0027272984283746 4.68649855647207e-05
0 -0.00188741312861174 -0.00222940827569529 -0.000974047983445026 -0.00183758747747831 -0.00489385518900187 -0.0027272984283746 4.68649855647207e-05
0 -0.00188741312861174 -0.00222940827569529 -0.000974047983445026 -0.00183758747747831 -0.00489385518900187 -0.0027272984283746 4.68649855647207e-05
0 -0.00419264360630933 -0.00303305916052432 -0.0122565069156884 -0.00205434082623235 9.07674208181497e-05 -0.00467763802045296 -0.0118210285574269
0 -0.0045900773305414 -0.00322102146414238 -0.0380581281978722 -0.00218691437300311 -0.00778797696113998 -0.0139318598337335 -0.0115571480390364
0 -0.00188741312861174 -0.00222940827569529 -0.000974047983445026 -0.00183758747747831 -0.00489385518900187 -0.0027272984283746 4.68649855647207e-05
0 -0.0901522416001228 -0.0587608100036974 0.538702667497631 -0.0463267035921859 0.930174288625459 0.67177912161408 -0.0233132048565636
0 -0.112510276104317 -0.0665355632493299 0.974301369590991 -0.0528516262238448 1.39307400592629 0.913168187168365 0.0118932870683821
0 -0.0486899165623527 -0.0261320546426234 0.341690154727134 -0.0209757301912035 0.643769042756981 0.33856209666404 0.0078088645225769
0 0.00509996540012203 0.00814955322086686 -0.0748871990199134 0.00606921663476445 -0.0280606681063102 -0.0487854968922918 0.00713078176341009
0 0.0061463160352524 0.00872935158151522 -0.0327913347120381 0.00652908108066752 -0.00959530491849092 -0.017107250791176 0.00715518581157459
0 -0.00300286170796449 -0.00285450219268268 -0.0216797028481057 -0.00231433819776461 -0.0470665522701914 -0.02718391023142 -0.00237225060813229
0 -0.00188741312861174 -0.00222940827569529 -0.000974047983445026 -0.00183758747747831 -0.00489385518900187 -0.0027272984283746 4.68649855647207e-05
0 -0.00188741312861174 -0.00222940827569529 -0.000974047983445026 -0.00183758747747831 -0.00489385518900187 -0.0027272984283746 4.68649855647207e-05
0 -0.0491352869685802 -0.0232557119440493 0.545557803622059 -0.0158144221625767 0.90535475858866 0.678703079445017 0.0371043394334354
0 -0.00188741312861174 -0.00222940827569529 -0.000974047983445026 -0.00183758747747831 -0.00489385518900187 -0.0027272984283746 4.68649855647207e-05
0 -0.00516669725879204 -0.00412405976181018 -0.0551051929318893 -0.00329118137304407 -0.116083308499529 -0.0661462668883717 -0.00666779314623245
0 0.00456909254884463 0.00511650860356783 -0.00223096027852421 0.00448486082092225 -6.77434022535728e-05 0.00211501128649783 -0.00136918156130905
0 -0.0622362723402876 -0.0355120304235417 0.643829178785747 -0.0272712644920947 0.596371841615192 0.532872589159544 0.196056798572982
0 -0.00188741312861174 -0.00222940827569529 -0.000974047983445026 -0.00183758747747831 -0.00489385518900187 -0.0027272984283746 4.68649855647207e-05
0 0.0396433471234992 0.03564045680936 0.03056724526401 0.0313218226228131 0.00852405797414546 0.033077217382544 0.0572427459177507
0 -0.00188741312861174 -0.00222940827569529 -0.000974047983445026 -0.00183758747747831 -0.00489385518900187 -0.0027272984283746 4.68649855647207e-05
0 -0.056979981364762 -0.0353537345868276 0.497245645288107 -0.0276584415790389 0.427209534405019 0.398641484906975 0.146471352589781
0 -0.00319536824146605 -0.00296657173985793 -0.0248885914714778 -0.00240044463752831 -0.0536740863034715 -0.0309616275544666 -0.00276237999812778
0 -0.0868592481909491 -0.0528555896558629 0.911075797932057 -0.0412383744893319 0.902681346517733 0.768731173883399 0.304043789874953
0 0.00456909254884463 0.00511650860356783 -0.00223096027852421 0.00448486082092225 -6.77434022535728e-05 0.00211501128649783 -0.00136918156130905
0 -0.0411098888640797 -0.0255153554242291 0.204566600627651 -0.0196765643098296 0.464715183603066 0.202557192973097 0.00198189989542996
0 0.0570795304488527 0.0402113655774912 -0.278547382509754 0.0324637794551021 0.0651032290210525 -0.0849770856466963 -0.0948779880076023
0 -0.006352550027513 -0.0069752837582655 -0.0317433474172999 -0.00362023763154484 -0.00192016547864782 -0.0276165218435365 -0.0210402097899069
0 -0.00427107986142827 -0.00641572614673125 -0.0402116115339872 -0.00378802220471597 -0.0188650192198865 -0.0480945546398095 -0.00374869612453388
0 -0.00188741312861174 -0.00222940827569529 -0.000974047983445026 -0.00183758747747831 -0.00489385518900187 -0.0027272984283746 4.68649855647207e-05
0 -0.00188741312861174 -0.00222940827569529 -0.000974047983445026 -0.00183758747747831 -0.00489385518900187 -0.0027272984283746 4.68649855647207e-05
0 -0.0019283118443969 -0.00224465623354808 -0.00217988128776181 -0.00184801181125893 -0.00723220957516357 -0.00413876289807646 -9.21491367487093e-05
0 0 0 0 0 0 0 0
0 0.00456909254884463 0.00511650860356783 -0.00223096027852421 0.00448486082092225 -6.77434022535728e-05 0.00211501128649783 -0.00136918156130905
0 0.00456909254884463 0.00511650860356783 -0.00223096027852421 0.00448486082092225 -6.77434022535728e-05 0.00211501128649783 -0.00136918156130905
0 0.0196549995143092 0.0202916118515786 -0.0208617026724895 0.0171538264717457 0.0102555527414565 0.0124573751802601 0.0238844345429809
0 0.00456909254884463 0.00511650860356783 -0.00223096027852421 0.00448486082092225 -6.77434022535728e-05 0.00211501128649783 -0.00136918156130905
0 0 0 0 0 0 0 0
0 -0.00188741312861174 -0.00222940827569529 -0.000974047983445026 -0.00183758747747831 -0.00489385518900187 -0.0027272984283746 4.68649855647207e-05
0 0.011025598226301 0.0124624254828318 -0.00338802646278236 0.0108073091193233 0.00505009516520127 0.00707210764980459 -0.00276712138423019
0 0.0175753492214135 0.0243539266458401 0.0157263332625481 0.0172462657236614 0.0149261748115461 0.04402630018786 0.0179756557720934
0 0 0 0 0 0 0 0
0 -0.00374620324663022 -0.00267296693093044 -0.0105310804671341 -0.00175474652344398 -3.75415731257434e-06 -0.0046643410913223 -0.011267511346515
0 -0.00188741312861174 -0.00222940827569529 -0.000974047983445026 -0.00183758747747831 -0.00489385518900187 -0.0027272984283746 4.68649855647207e-05
0 -0.00365779254348153 -0.00613879507698822 -0.00799528591178689 -0.00355527250057275 -0.00436497261419122 -0.0239054671646746 -0.00379137723857204
0 -0.00820040522740983 -0.00946426881894924 -0.000227988244198674 -0.00807035602354267 -0.00944259770743194 -0.00778564487596967 0.00129952594301663
0 -0.0075264826526884 -0.00491091321769144 -0.152939230181982 -0.00347522423379143 -0.0480927301494249 -0.0560282368224789 -0.0112372745618377
0 -0.00388446545366605 -0.00621785576741996 -0.021723516676917 -0.00362774804182386 -0.0106409409935595 -0.0342163603618935 -0.00375264841050393
0 -0.00188741312861174 -0.00222940827569529 -0.000974047983445026 -0.00183758747747831 -0.00489385518900187 -0.0027272984283746 4.68649855647207e-05
0 0.00285567795564701 0.00413969621856802 -0.028553181640163 0.00373658930083209 -0.0564252958352567 -0.0297966217497172 -0.00415685551019251
0 0.00456909254884463 0.00511650860356783 -0.00223096027852421 0.00448486082092225 -6.77434022535728e-05 0.00211501128649783 -0.00136918156130905
0 0.00456909254884463 0.00511650860356783 -0.00223096027852421 0.00448486082092225 -6.77434022535728e-05 0.00211501128649783 -0.00136918156130905
0 -0.00556745336798503 -0.00377434491717654 -0.0815713650343821 -0.00260652274914186 -0.0217605713568534 -0.0294936013947069 -0.0113972836075389
0 -0.00832486837156976 -0.00801490611506628 -0.241967586970486 -0.00443607799233137 -0.0314425751643315 -0.0775804027207858 -0.0206100334783903
0 -0.00428220326825146 -0.00305635980275731 -0.0216385044236413 -0.00206442507803306 -0.00280372429305054 -0.00811041689975989 -0.0116637357450178
0 -0.00365779254348153 -0.00613879507698822 -0.00799528591178689 -0.00355527250057275 -0.00436497261419122 -0.0239054671646746 -0.00379137723857204
0 -0.0713857444555472 -0.044010909595035 0.677836738039803 -0.0344109620627098 0.63140479527547 0.559909805358302 0.209851489337059
0 -0.00392675564005174 -0.00339442680801305 -0.0366155833631177 -0.00272947346459018 -0.0778729225837549 -0.0447089196147386 -0.00422737158734909
0 -0.00188741312861174 -0.00222940827569529 -0.000974047983445026 -0.00183758747747831 -0.00489385518900187 -0.0027272984283746 4.68649855647207e-05
0 -0.00188741312861174 -0.00222940827569529 -0.000974047983445026 -0.00183758747747831 -0.00489385518900187 -0.0027272984283746 4.68649855647207e-05
0 -0.00188741312861174 -0.00222940827569529 -0.000974047983445026 -0.00183758747747831 -0.00489385518900187 -0.0027272984283746 4.68649855647207e-05
0 -0.00689835438069952 -0.00454466162912759 -0.131790017244948 -0.00319484953926397 -0.0397621062826015 -0.0479959995089354 -0.0112779035594643
0 0 0 0 0 0 0 0
0 -0.00574660441944497 -0.00447754188953731 -0.0628074110325114 -0.00356500921842251 -0.132100114333889 -0.074986875981613 -0.00773370519383132
0 -0.0294880133566782 -0.0148165125450799 0.335477876047456 -0.0109659541890759 0.275987753226023 0.2635052454464 0.0938679978399151
0 0.011025598226301 0.0124624254828318 -0.00338802646278236 0.0108073091193233 0.00505009516520127 0.00707210764980459 -0.00276712138423019
0 0 0 0 0 0 0 0
0 -0.0829899364193754 -0.0392470895476027 0.788198958304976 -0.032972584055079 1.18499153634881 0.768527218177129 0.0211214870503689
0 -0.00188741312861174 -0.00222940827569529 -0.000974047983445026 -0.00183758747747831 -0.00489385518900187 -0.0027272984283746 4.68649855647207e-05
0 -0.116607060863537 -0.0742819597494933 0.917255209918478 -0.058235497029397 1.36980049312037 1.0170103326221 -0.0160814541481749
0 -0.0042679667290435 -0.00359480021168812 -0.0418642830915887 -0.0028836732800368 -0.0887191695882685 -0.0508271425937079 -0.00490359640156113
0 0.00695877833896574 0.00910756578442573 0.00371143427922016 0.0068454966115441 0.00523251711616446 0.00996738492004257 0.00709192919737545
0 -0.00180353590493221 -0.00215071723563787 -0.00090310902566193 -0.00177287610726573 -0.00438051145686513 -0.00257517591461109 4.42922257488654e-05
0 -0.00188741312861174 -0.00222940827569529 -0.000974047983445026 -0.00183758747747831 -0.00489385518900187 -0.0027272984283746 4.68649855647207e-05
0 -0.00365779254348153 -0.00613879507698822 -0.00799528591178689 -0.00355527250057275 -0.00436497261419122 -0.0239054671646746 -0.00379137723857204
0 0.00707645195015427 0.00955613848259773 0.00734184206561039 0.0071035263891126 0.00933832219145891 0.0132373650344997 0.00752239736933857
0 0.0512904064497146 0.0365142165789809 -0.262753353317553 0.0295418870502422 0.0304382606585474 -0.0939256785206357 -0.0858290333950125
0 -0.00282566611233959 -0.00275164590014487 -0.0186740953108067 -0.00223535326356972 -0.0408854041306377 -0.0236402433885288 -0.00201089543042521
0 -0.00442227418029306 -0.00368553307979935 -0.0441958757088843 -0.00295351439668057 -0.0935385122518153 -0.0535371902771691 -0.00520815606441705
0 0.0175753492214135 0.0243539266458401 0.0157263332625481 0.0172462657236614 0.0149261748115461 0.04402630018786 0.0179756557720934
0 -0.0029684712709388 -0.0028345148469513 -0.0211004112446322 -0.00229898606417089 -0.045874586085934 -0.026501294414667 -0.00230230092799744
0 0.0175753492214135 0.0243539266458401 0.0157263332625481 0.0172462657236614 0.0149261748115461 0.04402630018786 0.0179756557720934
0 -0.00365779254348153 -0.00613879507698822 -0.00799528591178689 -0.00355527250057275 -0.00436497261419122 -0.0239054671646746 -0.00379137723857204
0 -0.00188741312861174 -0.00222940827569529 -0.000974047983445026 -0.00183758747747831 -0.00489385518900187 -0.0027272984283746 4.68649855647207e-05
0 -0.00410219579878612 -0.00349740489500094 -0.0393306657579906 -0.00280871478552935 -0.0834828984186267 -0.047876743364315 -0.00457556077754973
0 -0.00188741312861174 -0.00222940827569529 -0.000974047983445026 -0.00183758747747831 -0.00489385518900187 -0.0027272984283746 4.68649855647207e-05
0 -0.00928896086002728 -0.0100978178463751 -0.0216543230978585 -0.00855686431576652 -0.0519295707377792 -0.0326879760384045 -0.00138669420345394
0 -0.00419264360630933 -0.00303305916052432 -0.0122565069156884 -0.00205434082623235 9.07674208181497e-05 -0.00467763802045296 -0.0118210285574269
0 0.0175753492214135 0.0243539266458401 0.0157263332625481 0.0172462657236614 0.0149261748115461 0.04402630018786 0.0179756557720934
0 -0.0025885807274193 -0.00261463631378245 -0.014564964287398 -0.00213022868521717 -0.0324498209888215 -0.0187882555975953 -0.0015230777173838
0 0.017888140253163 0.0163722601063241 0.0175596727763079 0.0146791129744943 0.00560747222398961 0.0165115627561745 0.0225408536716629
0 0.000737258835793675 0.00287780198590859 -0.0591227962770029 0.00276284555103379 -0.120566545417946 -0.0655335376035553 -0.00803806314829814
0 -0.00188741312861174 -0.00222940827569529 -0.000974047983445026 -0.00183758747747831 -0.00489385518900187 -0.0027272984283746 4.68649855647207e-05
0 -0.0262822031529999 -0.0224327727154208 -0.0464208622663587 -0.0187806098457304 -0.00754640396055173 -0.0279268113757625 -0.0461424774610992
0 -0.00419264360630933 -0.00303305916052432 -0.0122565069156884 -0.00205434082623235 9.07674208181497e-05 -0.00467763802045296 -0.0118210285574269
0 -0.00188741312861174 -0.00222940827569529 -0.000974047983445026 -0.00183758747747831 -0.00489385518900187 -0.0027272984283746 4.68649855647207e-05
0 0.00589042072370605 0.00858960718571078 -0.0434719208867449 0.00641772047339195 -0.0141710042231824 -0.0251072330574815 0.00715147480774281
0 -0.00365779254348153 -0.00613879507698822 -0.00799528591178689 -0.00355527250057275 -0.00436497261419122 -0.0239054671646746 -0.00379137723857204
0 -0.00188741312861174 -0.00222940827569529 -0.000974047983445026 -0.00183758747747831 -0.00489385518900187 -0.0027272984283746 4.68649855647207e-05
0 -0.00188741312861174 -0.00222940827569529 -0.000974047983445026 -0.00183758747747831 -0.00489385518900187 -0.0027272984283746 4.68649855647207e-05
0 -0.00188741312861174 -0.00222940827569529 -0.000974047983445026 -0.00183758747747831 -0.00489385518900187 -0.0027272984283746 4.68649855647207e-05
0 0.017888140253163 0.0163722601063241 0.0175596727763079 0.0146791129744943 0.00560747222398961 0.0165115627561745 0.0225408536716629
0 -0.00188741312861174 -0.00222940827569529 -0.000974047983445026 -0.00183758747747831 -0.00489385518900187 -0.0027272984283746 4.68649855647207e-05
0 -0.041927472226865 -0.0259523979762708 0.395328276624871 -0.0202762282538558 0.333824342764754 0.309606962173002 0.113563769302137
0 -0.00188741312861174 -0.00222940827569529 -0.000974047983445026 -0.00183758747747831 -0.00489385518900187 -0.0027272984283746 4.68649855647207e-05
0 0.0174821039037578 0.0198083423620954 -0.00444172633983619 0.0171297574177243 0.0104671712357898 0.0121468424968043 -0.0041470700934485
0 -0.00188741312861174 -0.00222940827569529 -0.000974047983445026 -0.00183758747747831 -0.00489385518900187 -0.0027272984283746 4.68649855647207e-05
0 -0.00495784690382273 -0.00342669714243948 -0.0553834625334511 -0.00234226173367524 -0.0131990098200081 -0.0200903447783793 -0.0114822295071835
0 -0.00223045851822556 -0.00240997734082793 -0.00811419249556034 -0.00197352750365498 -0.0192557655341665 -0.011158394897949 -0.000771122945545599
0 0.0461291481014139 0.0476362427397334 0.0685113137462641 0.0380033115973406 0.0307152239066681 0.0707104956370621 0.068095802649188
0 -0.00188741312861174 -0.00222940827569529 -0.000974047983445026 -0.00183758747747831 -0.00489385518900187 -0.0027272984283746 4.68649855647207e-05
0 0.00456909254884463 0.00511650860356783 -0.00223096027852421 0.00448486082092225 -6.77434022535728e-05 0.00211501128649783 -0.00136918156130905
0 -0.00922439898159411 -0.00199029449815047 0.146222704838621 -0.000854528036415836 0.105108054655917 0.111007177784797 0.0389893578258693
0 0.0616408540705624 0.052308135630831 0.525787491530179 0.0420478908782211 -0.348424944119057 -0.0245075532268633 0.0476698324773075
0 -0.00188741312861174 -0.00222940827569529 -0.000974047983445026 -0.00183758747747831 -0.00489385518900187 -0.0027272984283746 4.68649855647207e-05
0 -0.00419264360630933 -0.00303305916052432 -0.0122565069156884 -0.00205434082623235 9.07674208181497e-05 -0.00467763802045296 -0.0118210285574269
0 -0.00188741312861174 -0.00222940827569529 -0.000974047983445026 -0.00183758747747831 -0.00489385518900187 -0.0027272984283746 4.68649855647207e-05
0 -0.0026163324374755 -0.00263062884988585 -0.0150516464914037 -0.00214249297850566 -0.0334478871169082 -0.0193633151936887 -0.00158048640611685
0 -0.00188741312861174 -0.00222940827569529 -0.000974047983445026 -0.00183758747747831 -0.00489385518900187 -0.0027272984283746 4.68649855647207e-05
0 -0.00419264360630933 -0.00303305916052432 -0.0122565069156884 -0.00205434082623235 9.07674208181497e-05 -0.00467763802045296 -0.0118210285574269
0 -0.00365779254348153 -0.00613879507698822 -0.00799528591178689 -0.00355527250057275 -0.00436497261419122 -0.0239054671646746 -0.00379137723857204
0 0.017888140253163 0.0163722601063241 0.0175596727763079 0.0146791129744943 0.00560747222398961 0.0165115627561745 0.0225408536716629
0 0.017888140253163 0.0163722601063241 0.0175596727763079 0.0146791129744943 0.00560747222398961 0.0165115627561745 0.0225408536716629
0 0.017888140253163 0.0163722601063241 0.0175596727763079 0.0146791129744943 0.00560747222398961 0.0165115627561745 0.0225408536716629
0 -0.00188741312861174 -0.00222940827569529 -0.000974047983445026 -0.00183758747747831 -0.00489385518900187 -0.0027272984283746 4.68649855647207e-05
0 0.00456909254884463 0.00511650860356783 -0.00223096027852421 0.00448486082092225 -6.77434022535728e-05 0.00211501128649783 -0.00136918156130905
0 0.0174821039037578 0.0198083423620954 -0.00444172633983619 0.0171297574177243 0.0104671712357898 0.0121468424968043 -0.0041470700934485
0 -0.0049716202365051 -0.00400902969991845 -0.0522983383035087 -0.00320259187178396 -0.110284732276202 -0.0629138998806025 -0.00628674527160511
0 -0.00188741312861174 -0.00222940827569529 -0.000974047983445026 -0.00183758747747831 -0.00489385518900187 -0.0027272984283746 4.68649855647207e-05
0 -0.00173494614944936 -0.00208592840761934 -0.000866083447311983 -0.00171955831726667 -0.00399784932630487 -0.00247460973568314 3.96207952269023e-05
0 -0.00568121943417399 -0.00444291251619289 -0.0617397239323716 -0.00353889140037156 -0.129944084817496 -0.0737743170173606 -0.00758436662960271
0 -0.00188741312861174 -0.00222940827569529 -0.000974047983445026 -0.00183758747747831 -0.00489385518900187 -0.0027272984283746 4.68649855647207e-05
0 -0.00204275256627584 -0.00230527335568365 -0.00454055636706707 -0.00189373089901768 -0.0119895865374557 -0.0069288071493312 -0.000361176658077778
0 0.0175753492214135 0.0243539266458401 0.0157263332625481 0.0172462657236614 0.0149261748115461 0.04402630018786 0.0179756557720934
0 -0.00320790827079387 -0.0029738819954015 -0.0250957007730181 -0.00240606274625277 -0.054100812722147 -0.0312052371918412 -0.00278771553443047
0 0.00456909254884463 0.00511650860356783 -0.00223096027852421 0.00448486082092225 -6.77434022535728e-05 0.00211501128649783 -0.00136918156130905
0 -0.00188741312861174 -0.00222940827569529 -0.000974047983445026 -0.00183758747747831 -0.00489385518900187 -0.0027272984283746 4.68649855647207e-05
0 0.0990146035566024 0.0612302694496369 1.071777621738 0.0492507703475802 -0.289130786343478 0.818641322675461 0.000917371711749659
0 -0.00686237929286682 -0.00452372418781133 -0.130533862631641 -0.00317883077687409 -0.0392825768942999 -0.0475239345630025 -0.0112804581773891
0 -0.00188741312861174 -0.00222940827569529 -0.000974047983445026 -0.00183758747747831 -0.00489385518900187 -0.0027272984283746 4.68649855647207e-05
0 0.00456909254884463 0.00511650860356783 -0.00223096027852421 0.00448486082092225 -6.77434022535728e-05 0.00211501128649783 -0.00136918156130905
0 -0.00188741312861174 -0.00222940827569529 -0.000974047983445026 -0.00183758747747831 -0.00489385518900187 -0.0027272984283746 4.68649855647207e-05
0 -0.0722956048968584 -0.0451378888190455 0.68032445574377 -0.0353901130456835 0.634753492546159 0.561223833461903 0.211103718839706
0 0.000950604520667753 0.00302532800988597 -0.0553102085991668 0.00287908661515202 -0.113308703044603 -0.0614003648994559 -0.00744988083526321
0 -0.00742712511781152 -0.00485290130344262 -0.149689116580647 -0.00343079593279016 -0.0467798071662786 -0.0547830664696427 -0.011243246018672
0 -0.00303442091723571 -0.00538195245420958 -0.00480495216587418 -0.0030507048809274 -0.00569562689292091 -0.0216501384461587 -0.00337312684819047
0 -0.262378716326197 -0.159606600627129 2.84756057503039 -0.123642086648559 3.55735327264682 2.77553983687958 0.0273299019927435
0 0.0174821039037578 0.0198083423620954 -0.00444172633983619 0.0171297574177243 0.0104671712357898 0.0121468424968043 -0.0041470700934485
0 -0.00501177450041324 -0.00402217983722286 -0.0533392314196224 -0.00321120355518945 -0.11230253365652 -0.0640954053251166 -0.00642771690902855
0 0.0190683940099472 0.0199906623419133 -0.0832364344573429 0.0169146918803045 0.00261797372809047 -0.00208974448201227 0.0240568267888541
0 -0.0054745661334179 -0.00371624524368963 -0.0784926231254541 -0.00256082859487616 -0.0207520172709117 -0.0284091697174533 -0.0113860748483141
0 -0.00419264360630933 -0.00303305916052432 -0.0122565069156884 -0.00205434082623235 9.07674208181497e-05 -0.00467763802045296 -0.0118210285574269
0 0.130402164324288 0.0835893500379825 0.818133577194605 0.0661780879179368 1.63696523632623 1.14850770329905 -0.167216771963744
0 -0.00188741312861174 -0.00222940827569529 -0.000974047983445026 -0.00183758747747831 -0.00489385518900187 -0.0027272984283746 4.68649855647207e-05
0 0.0259518214452781 0.0197397441976497 0.0207573393527145 0.0168725092437212 -0.192813118531777 -0.0939869040608645 0.0119951809285235
0 -0.00188741312861174 -0.00222940827569529 -0.000974047983445026 -0.00183758747747831 -0.00489385518900187 -0.0027272984283746 4.68649855647207e-05
0 0.0527881968739567 0.0337083313566211 -0.302275693590404 0.0267215467665727 0.0503175159799341 -0.10252640228896 -0.099454724882527
0 0.0663732250257638 0.0414694003483218 0.465691346892233 0.033447410165631 -0.465360374216274 0.304829996920415 0.00117555800988178
0 0.000680928125040392 0.00285622032404831 -0.0592251760206097 0.00274741308158744 -0.12127871555498 -0.0658360283286887 -0.00799952218995958
0 -0.00408594765169079 -0.00348786330434914 -0.0390806871221998 -0.00280137193717422 -0.0829663190239285 -0.047585340185003 -0.00454335882233936
0 -0.00188741312861174 -0.00222940827569529 -0.000974047983445026 -0.00183758747747831 -0.00489385518900187 -0.0027272984283746 4.68649855647207e-05
0 -0.00454564035448124 -0.00375811848778174 -0.0460418988215365 -0.00300939309452408 -0.0973543269126802 -0.0556792505442392 -0.00545112365305567
0 -0.00633461297723992 -0.00758296946914205 -0.122217255148899 -0.00470559197941078 -0.0572933313860426 -0.11049553966311 -0.00383409882812602
0 -0.00407082818450188 -0.00348462851401443 -0.0386218932326345 -0.00279964270633304 -0.0820746216585659 -0.0470604962265693 -0.00448368721776005
0 -0.00490563951356471 -0.00675969125533626 -0.0679707134074103 -0.00406187645377187 -0.0314616882369894 -0.0690576955443443 -0.00376069029377168
0 0.134874282497025 0.0912926142056794 0.770253946991497 0.0730434440449272 1.59052455942512 1.10032461775513 -0.163739645266869
0 0.0100816226256484 0.00729081560513034 -0.163664745659177 0.00642405352177366 -0.201070088128288 -0.143736083698804 -0.00403846350431536
0 -0.00476394337653963 -0.00388665339320715 -0.0492704937064286 -0.00310835644341845 -0.104027616509562 -0.0594176189399844 -0.00587998418964153
0 -0.00463043614346725 -0.00382313780758992 -0.0466785072644478 -0.00306154149768245 -0.0988371520779698 -0.0564437342896622 -0.00553430615245976
0 -0.00644123063547886 -0.00697677738781266 -0.0528765520829411 -0.0036232464891035 -0.00505020724367489 -0.0330649014574824 -0.0208791819481333
0 0.0642649864133364 0.0460789785159346 0.0211241363687868 0.0381841464833226 -0.67270496175982 -0.317393402990739 0.0254432690700916
0 -0.00323316775450344 -0.00298861047431709 -0.025512191995595 -0.00241738241884626 -0.0549590366150428 -0.03169504841921 -0.00283872214303482
0 -0.00480167181052993 -0.00391930933230267 -0.0493961674899888 -0.00313494476738763 -0.10440237770278 -0.0595808781226874 -0.00589628428849132
0 -0.00313222491608078 -0.00294799195457696 -0.0230353216891883 -0.00238871347528979 -0.050062882557385 -0.0288172390851056 -0.0025326832358048
0 -0.0146812164714305 -0.0113907021759889 -0.0664523041480294 -0.00909848811588709 0.00961518949135254 -0.0129830463995626 -0.0230565261554814
0 0.0506428739582958 0.0344203742186018 -0.214780011153319 0.027613842249119 0.122250303832358 -0.0354696039195588 -0.0865666799540517
0 0.0103470331080948 0.0120916388227945 -0.012045309056365 0.0105257290446064 -0.0150474742742808 -0.00402285975483219 -0.00344380728988281
0 -0.143995758560498 -0.0864338568237244 1.29670216668784 -0.0685553461953727 1.76022531823611 1.20706164431151 0.0161357352129468
0 0.0317787190623147 0.0273058341895664 -0.132575214986815 0.0227889859034498 -0.0294056736063899 -0.0617315747156155 -0.0402874820351276
0 0.011025598226301 0.0124624254828318 -0.00338802646278236 0.0108073091193233 0.00505009516520127 0.00707210764980459 -0.00276712138423019
0 0.0840732062012961 0.0568486880932557 0.524330385541958 0.0462026741179713 -1.00344596322457 -0.235215319752856 0.0152503733213285
0 0.125332141593528 0.0830057986712767 0.716251241467408 0.0661418425206861 1.51950599351266 1.03897785077047 -0.159801092907303
0 0.0602767420551302 0.0434785972528022 0.0867471759400047 0.0361142068197786 -0.587686006612644 -0.259828444029907 0.0251263774075667
0 -0.00218705610943015 -0.00238550959475869 -0.00730472390823023 -0.00195484198137708 -0.0176061199556936 -0.0102002927473412 -0.000677888746853039
0 -0.00312138404087037 -0.00292346598138948 -0.0236619787866372 -0.00236732017118291 -0.0511474051701315 -0.0295182999583172 -0.00261271761977255
0 0.1495917818377 0.101719307591338 1.13166331847219 0.0814450396868303 1.95611697221064 1.43814396839246 -0.170038099065602
0 -0.00410411988949599 -0.00632829869558682 -0.0324349215785751 -0.00371769613856721 -0.0153955360646636 -0.0422491697120533 -0.00374849396587384
0 0.011025598226301 0.0124624254828318 -0.00338802646278236 0.0108073091193233 0.00505009516520127 0.00707210764980459 -0.00276712138423019
0 0.0367706863883566 0.0240152293841946 -0.237195493947865 0.0191467133863537 -0.0246464799717572 -0.109171709341203 -0.0716596703354302
0 -0.00334979594457296 -0.00305667009859478 -0.027423474148097 -0.00246969795537977 -0.0588988758734836 -0.033941373784574 -0.00307378153534721
0 -0.048067376405009 -0.0280621871649513 0.322526968818435 -0.0210558880626719 0.651717497597559 0.461390200187418 0.00345853458291234
0 0.00456909254884463 0.00511650860356783 -0.00223096027852421 0.00448486082092225 -6.77434022535728e-05 0.00211501128649783 -0.00136918156130905
0 -0.00549116650907999 -0.00431550293039651 -0.0597116585401269 -0.00343861179893423 -0.12558655097732 -0.0714316403910362 -0.00730141446228982
0 0.0703662259880504 0.0454818556915706 -0.311867282391272 0.0361152101896298 0.186185439874698 -0.0418138932623577 -0.12196158220801
0 0.00345271847756745 0.0044893943944313 -0.0194557663521948 0.00400578936244189 -0.0371512976897255 -0.0189215555596345 -0.00311854789345478
0 0.0597627006763179 0.0419256170798086 -0.284268867577794 0.0338187611826495 0.0828699682902343 -0.0792579046734989 -0.0989129659592445
0 0.00549563869241121 0.00837103493340896 -0.0594522183986013 0.00624431439420192 -0.0211546813450276 -0.0371242064803599 0.00714246222887782
0 0.128664017326397 0.0922432986359336 1.22297229924844 0.0759994364574403 -1.12384471128355 0.130711494605951 0.0616130238203336
0 -0.0538988766388426 -0.0335774958017394 0.307623025701449 -0.0260389792216236 0.602680985929156 0.296915917786691 0.00225366457814502
0 0.0630378317671791 0.0407933082456822 -0.307603042716704 0.032407433820218 0.129661833012429 -0.0676060447799047 -0.112307628701693
0 -0.0707346549813455 -0.0441821738380561 0.452364431992586 -0.034404984059293 0.779915900644337 0.428958878836363 0.00274962872652651
0 -0.00419264360630933 -0.00303305916052432 -0.0122565069156884 -0.00205434082623235 9.07674208181497e-05 -0.00467763802045296 -0.0118210285574269
0 -0.0388641396912321 -0.0240152097174722 0.366246065433418 -0.0187495964725262 0.304589426908884 0.284793150413411 0.104500640708902
0 -0.00280459321320548 -0.00273943667054422 -0.0183131064648356 -0.00222598087765524 -0.0401435926157179 -0.0232143136322636 -0.00196775538233052
0 -0.00188741312861174 -0.00222940827569529 -0.000974047983445026 -0.00183758747747831 -0.00489385518900187 -0.0027272984283746 4.68649855647207e-05
0 0.0622624416769657 0.0473417511721053 -0.306360036621165 0.0387144956119325 0.0117845046063794 -0.117413640599711 -0.0940379315061053
0 -0.00427221783380949 -0.00362775007210736 -0.0406239614106454 -0.00291330350319097 -0.0865095064835351 -0.0494401160947042 -0.00473947103749017
0 0.0754126917348508 0.055735949951095 0.258225781515108 0.046483887491128 -0.609407881192244 -0.20669243690183 0.0424335938610598
0 -0.0857919823619646 -0.0573516742934306 0.436539198278703 -0.0455749424797105 0.813684098359394 0.575623196729045 -0.0314922991419841
0 0 0 0 0 0 0 0
0 0.00456909254884463 0.00511650860356783 -0.00223096027852421 0.00448486082092225 -6.77434022535728e-05 0.00211501128649783 -0.00136918156130905
0 -0.00188741312861174 -0.00222940827569529 -0.000974047983445026 -0.00183758747747831 -0.00489385518900187 -0.0027272984283746 4.68649855647207e-05
0 0.0723699971658771 0.0749420059887327 0.119205150495398 0.0588150862117836 0.0470331756719644 0.120071106445513 0.112663809511254
0 -0.0026163324374755 -0.00263062884988585 -0.0150516464914037 -0.00214249297850566 -0.0334478871169082 -0.0193633151936887 -0.00158048640611685
0 0.0699926238087896 0.0452427489642213 -0.311773321817535 0.0359260970918127 0.183254365114686 -0.0432242473752078 -0.121486372476598
0 0.0840674134415531 0.0665776833985579 0.186634021584186 0.0564513136276901 -0.416560486659924 -0.137802128442846 0.0760919555141761
0 -0.00188741312861174 -0.00222940827569529 -0.000974047983445026 -0.00183758747747831 -0.00489385518900187 -0.0027272984283746 4.68649855647207e-05
0 -0.00188741312861174 -0.00222940827569529 -0.000974047983445026 -0.00183758747747831 -0.00489385518900187 -0.0027272984283746 4.68649855647207e-05
0 -0.00275295761151506 -0.00270954340887153 -0.0174252064193485 -0.00220303673453959 -0.0383195802360068 -0.0221664093114811 -0.00186188210092153
0 -0.00325866647161677 -0.00300348291033625 -0.0259316990515748 -0.00242881336496348 -0.0558235920636063 -0.0321882957150872 -0.00289017590940199
0 -0.00702615115117311 -0.00461907633592551 -0.136211787404189 -0.00325179148663279 -0.0414632829438175 -0.0496620052091252 -0.0112690454476443
0 0.0281919201038612 0.0396002875072545 0.0280553329416482 0.0276470348357787 0.0247197148385938 0.0782746165536659 0.028859798071466
0 -0.00532706507789849 -0.00421867503919016 -0.0573864603644925 -0.00336405589749278 -0.120794274164416 -0.0687669237855513 -0.00698032147467131
0 0.169921210864777 0.118538010577385 2.09512342502771 0.0967729519451339 -1.65969682439872 0.723999833825735 0.0636764158863166
0 -0.00514692041898357 -0.00411239480387948 -0.0548222435835068 -0.00328219724020329 -0.115498876164613 -0.0658208146929082 -0.00662920705172043
0 -0.00572660557815929 -0.00386585173149578 -0.0880264261827839 -0.00267626349817141 -0.0239504654534706 -0.0318338084756817 -0.0113794535381708
0 -0.00195074188151789 -0.00225603274824238 -0.00266878696474393 -0.00185651339751924 -0.00821169297891178 -0.00471577072044704 -0.000147840298131197
0 -0.0447824916612802 -0.0277575317630827 0.422421951135271 -0.0216986970338375 0.361403196171008 0.332906304486321 0.122141725601806
0 0.10069533265059 0.0719123906533063 0.506949634254438 0.0592786645691579 -0.980880893893308 -0.231076328135927 0.0439105076554691
0 -0.0236702580169652 -0.0138584679887384 0.233611165789618 -0.0106553353299308 0.178679814019415 0.175739674096124 0.064639856462942
0 0.0461291481014139 0.0476362427397334 0.0685113137462641 0.0380033115973406 0.0307152239066681 0.0707104956370621 0.068095802649188
0 0.011025598226301 0.0124624254828318 -0.00338802646278236 0.0108073091193233 0.00505009516520127 0.00707210764980459 -0.00276712138423019
0 -0.00463555330086152 -0.00381104488604711 -0.0473774750988634 -0.0030501410015602 -0.100114972658122 -0.0572269584049661 -0.00562792376730359
0 -0.0433647285955567 -0.0235907925831782 0.466943645552181 -0.0178803368824791 0.408749354557694 0.376144097001587 0.135179821186288
0 0.0563836159081603 0.036539031348588 -0.298578786723303 0.0290439174030848 0.081497678649634 -0.0867028856471288 -0.102921797065398
0 0.011025598226301 0.0124624254828318 -0.00338802646278236 0.0108073091193233 0.00505009516520127 0.00707210764980459 -0.00276712138423019
0 -0.00190747627320054 -0.00223471042482881 -0.0016945799173409 -0.00184068100553114 -0.00626650715578503 -0.00356709461811322 -3.67773698255469e-05
0 -0.00410969494577751 -0.00347434952169534 -0.0406404473115338 -0.00278709732075422 -0.0858639911257426 -0.0493511564431732 -0.00474767788524755
0 -0.00188741312861174 -0.00222940827569529 -0.000974047983445026 -0.00183758747747831 -0.00489385518900187 -0.0027272984283746 4.68649855647207e-05
0 -0.00282566611233959 -0.00275164590014487 -0.0186740953108067 -0.00223535326356972 -0.0408854041306377 -0.0236402433885288 -0.00201089543042521
0 -0.00188741312861174 -0.00222940827569529 -0.000974047983445026 -0.00183758747747831 -0.00489385518900187 -0.0027272984283746 4.68649855647207e-05
0 -0.00308519935331253 -0.0029023989573802 -0.0230590816689933 -0.0023511334861559 -0.0499059126551127 -0.0288085521719839 -0.00253939915589463
0 -0.0912052378295103 -0.0607664150610221 0.484294122513578 -0.0482631600693004 0.870380138518986 0.621509169187519 -0.0316722513870298
0 0.0034642921230974 0.00449615078070442 -0.0192766463142302 0.00401098780573772 -0.0367715955904111 -0.0187066036608603 -0.00309860586288702
0 -0.00530949498213884 -0.00420681204939566 -0.0572126323104492 -0.00335468434993214 -0.12041119853579 -0.068564793744883 -0.00695633596345946
0 -0.00593263100858543 -0.00459356900510999 -0.0651154340224536 -0.00365525671440947 -0.136926270005596 -0.077625622162611 -0.00805925543327435
0 -0.0501968327592213 -0.0344505660539518 0.415719225848664 -0.0275076257240858 0.353021778289792 0.322484622114262 0.121304367736221
0 0.0672089041765087 0.0504953396666332 0.186056298990419 0.042341199021112 -0.494426386956728 -0.182862504919443 0.0419608910472888
0 -0.0402353059427334 -0.0249638084132382 0.197888569993841 -0.0192412265537918 0.455198053204573 0.196405613456669 0.00196645855420474
0 -0.00374361992842687 -0.00328705359683168 -0.0337429425369971 -0.00264686732379804 -0.0719396036737332 -0.0413507352703335 -0.00386270598214944
0 0.0581016975632709 0.0376371990102662 -0.301430976773734 0.0299120763752247 0.0935310645479346 -0.0822360971270486 -0.105402723497092
0 -0.00451009383438628 -0.00373719985340726 -0.0455116070502908 -0.0029932886603774 -0.0962581910360734 -0.0550642513785871 -0.0053811618350772
0 0.0308981568659714 0.0286434724644469 0.0501189486993505 0.0214318851727997 -0.170503825775292 0.0344765633559856 0.0127881931980536
0 -0.00275295761151506 -0.00270954340887153 -0.0174252064193485 -0.00220303673453959 -0.0383195802360068 -0.0221664093114811 -0.00186188210092153
0 -0.0053330759279353 -0.00364005796959788 -0.0717980647235477 -0.00250429240975336 -0.0185068856961412 -0.0259683014605199 -0.0114262928454254
0 0.0422690583108274 0.0275239555232272 -0.259917778529261 0.0219189231032342 -0.00185047430354146 -0.108650405697096 -0.0809800347165002
0 -0.00507224709140086 -0.00407913965114082 -0.0533133309310765 -0.00325807640884213 -0.11250012183789 -0.0641017081984048 -0.00642386362445801
0 -0.00631006430184877 -0.00756963459062066 -0.121277916235737 -0.00469510195286693 -0.0568130578394084 -0.109763180691659 -0.00383372871352705
0 -0.0050473367900894 -0.00347735060985377 -0.0593951243698263 -0.00238067201407466 -0.0144789726354846 -0.0215224074192442 -0.0114675363508803
0 -0.00276316511515118 -0.0027154500826545 -0.0176011131672067 -0.00220756992640059 -0.0386808793393989 -0.0223740457956949 -0.00188283072091266
0 -0.0888177998292328 -0.0583462563697124 0.498556031156586 -0.0461144219296603 0.884026295637777 0.635122502493928 -0.0259931913211577
0 -0.00283725562462411 -0.00275735492323514 -0.018933071451845 -0.0022395677328011 -0.0413983113953251 -0.0239431049201455 -0.00204221749193412
0 -0.00365779254348153 -0.00613879507698822 -0.00799528591178689 -0.00355527250057275 -0.00436497261419122 -0.0239054671646746 -0.00379137723857204
0 -0.059877814291168 -0.0380535929861665 0.522016963821968 -0.0299288536772151 0.456735080035688 0.419273146039417 0.155110784683552
0 -0.00311139099390845 -0.00292199967765638 -0.023310705696773 -0.00236678875336294 -0.0504691038798626 -0.0291132537148409 -0.00256911356565226
0 -0.00188741312861174 -0.00222940827569529 -0.000974047983445026 -0.00183758747747831 -0.00489385518900187 -0.0027272984283746 4.68649855647207e-05
0 -0.00188741312861174 -0.00222940827569529 -0.000974047983445026 -0.00183758747747831 -0.00489385518900187 -0.0027272984283746 4.68649855647207e-05
0 -0.00188741312861174 -0.00222940827569529 -0.000974047983445026 -0.00183758747747831 -0.00489385518900187 -0.0027272984283746 4.68649855647207e-05
0 -0.00365779254348153 -0.00613879507698822 -0.00799528591178689 -0.00355527250057275 -0.00436497261419122 -0.0239054671646746 -0.00379137723857204
0 -0.00534807420652461 -0.00423159870840362 -0.0576750744877139 -0.00337405999145313 -0.121389266004339 -0.0690986909786586 -0.00701998128593084
0 -0.00516669725879204 -0.00412405976181018 -0.0551051929318893 -0.00329118137304407 -0.116083308499529 -0.0661462668883717 -0.00666779314623245
0 -0.00582672483236024 -0.00727358753794682 -0.104592500998665 -0.00446760462921558 -0.0487538104351857 -0.0969662250596057 -0.00379200373105038
0 -0.00308519935331253 -0.0029023989573802 -0.0230590816689933 -0.0023511334861559 -0.0499059126551127 -0.0288085521719839 -0.00253939915589463
0 0.0388473750764633 0.0351866752210261 -0.0020071096961396 0.0309765802361097 0.00049168868072913 0.0226117697287682 0.057381462168105
0 -0.0390825604037808 -0.0241533463770942 0.3683196197516 -0.0188584607802875 0.306660272165035 0.286555287443336 0.10514201530672
0 -0.00188741312861174 -0.00222940827569529 -0.000974047983445026 -0.00183758747747831 -0.00489385518900187 -0.0027272984283746 4.68649855647207e-05
0 -0.00188741312861174 -0.00222940827569529 -0.000974047983445026 -0.00183758747747831 -0.00489385518900187 -0.0027272984283746 4.68649855647207e-05
0 -0.0501968327592213 -0.0344505660539518 0.415719225848664 -0.0275076257240858 0.353021778289792 0.322484622114262 0.121304367736221
0 -0.00333659802338326 -0.00304896396101562 -0.0272081426129769 -0.00246377384446284 -0.0584548869273211 -0.0336884141381932 -0.00304721744025871
0 -0.0655016568237912 -0.040848572302064 0.617415628428762 -0.0320119366450253 0.566808024838524 0.504660167525761 0.188100310153485
0 -0.0388641396912321 -0.0240152097174722 0.366246065433418 -0.0187495964725262 0.304589426908884 0.284793150413411 0.104500640708902
0 -0.0475007837174601 -0.0268058372447797 0.363417992952198 -0.0198279438249029 0.699221138026079 0.49973645097803 0.00910456400459925
0 0.0627639953714789 0.0391819973430128 0.350775930833846 0.0316489071953177 -0.497295671871575 0.214254056314159 0.00104809652296378
0 -0.00834391880606855 -0.00957532515495929 0.000379290845889724 -0.00816003577587932 -0.00943572829350359 -0.00745762990743071 0.00148113394963678
0 0.00814235924127438 0.0086312516665954 -0.13419182087046 0.00815903837504983 -0.0522737560215658 -0.047023935145214 0.0117561260881356
0 0.000547076141333758 0.00277446034549511 -0.0612201092474791 0.00268424679908197 -0.125328636938149 -0.0680839207775175 -0.00828355617408816
0 -0.00559582662386937 -0.00437733740109625 -0.0611585368557765 -0.00348627420874603 -0.128579194673999 -0.0730869560875389 -0.00750268688695721
0 -0.033057672191851 -0.0118697576099116 0.228192971570998 -0.0105424648581076 0.50068636683582 0.249367563015549 0.0129101034928176
0 -0.00520643036346202 -0.0041474976454996 -0.0556725764389601 -0.00330923309386932 -0.117255162332394 -0.066798610176757 -0.00674528560441923
0 -0.00188741312861174 -0.00222940827569529 -0.000974047983445026 -0.00183758747747831 -0.00489385518900187 -0.0027272984283746 4.68649855647207e-05
0 -0.00315810700358865 -0.00294485690888191 -0.0242718345115636 -0.00238375722164053 -0.052403502601075 -0.030236018146097 -0.00268704486014215
0 -0.00291235004291712 -0.0028019223895841 -0.0201509600563075 -0.00227395554247067 -0.0439216018453594 -0.0253820972383538 -0.0021879684156425
0 -0.00374361992842687 -0.00328705359683168 -0.0337429425369971 -0.00264686732379804 -0.0719396036737332 -0.0413507352703335 -0.00386270598214944
0 0.0452405137090501 0.0311506651300295 0.144589223525948 0.0256527585679258 -0.501969954858902 -0.209467828423004 0.00753670554273711
0 0.0468178967802659 0.0321579776263725 0.15733351973279 0.0264489444738967 -0.523869091679101 -0.214928895169008 0.00762724633405654
0 -0.0838653484122478 -0.0519184310402849 0.811049141121529 -0.0406472597625669 0.780856534131201 0.679640612517762 0.261858626110329
0 0.00695877833896574 0.00910756578442573 0.00371143427922016 0.0068454966115441 0.00523251711616446 0.00996738492004257 0.00709192919737545
0 0.011025598226301 0.0124624254828318 -0.00338802646278236 0.0108073091193233 0.00505009516520127 0.00707210764980459 -0.00276712138423019
0 -0.00272269395071367 -0.00269203932317907 -0.0169025372406897 -0.00218960406924351 -0.0372462555348356 -0.0215493752334721 -0.00179971479132712
0 -0.00188741312861174 -0.00222940827569529 -0.000974047983445026 -0.00183758747747831 -0.00489385518900187 -0.0027272984283746 4.68649855647207e-05
0 0.00560242332926952 0.0084540991718316 -0.0554247629852807 0.00630474501822365 -0.0192470308246611 -0.0340721030349407 0.00717231133812257
0 -0.00334979594457296 -0.00305667009859478 -0.027423474148097 -0.00246969795537977 -0.0588988758734836 -0.033941373784574 -0.00307378153534721
0 -0.0190658102079624 0.00552145667418813 0.206436345887568 0.00154796128595258 0.472197020048103 0.254318211974054 0.023733596491005
0 0.0163269935439971 0.0155249414540246 -0.053938554837007 0.0140465090413988 -0.014018652668947 -0.00748931702693101 0.0230268986347246
0 -0.00460795866537245 -0.00659670805571277 -0.0552540474831318 -0.00393249432846687 -0.0256444735789092 -0.0594348530945115 -0.00375350825656229
0 -0.00383411123392019 -0.00334009239545585 -0.0351673928981016 -0.002687669663334 -0.0748814150897101 -0.0430167670212325 -0.00404305503050084
0 -0.00477023103160512 -0.00392050996806015 -0.0480989637567166 -0.00313864362453087 -0.101952681119232 -0.0581152927806543 -0.00572217624634286
0 -0.00531112523431831 -0.00421077959257543 -0.0571114290860648 -0.00335816240639586 -0.120236909902987 -0.0684535304856091 -0.0069424566324412
0 -0.00188741312861174 -0.00222940827569529 -0.000974047983445026 -0.00183758747747831 -0.00489385518900187 -0.0027272984283746 4.68649855647207e-05
0 -0.00731934244337307 -0.00740265463747214 -0.156654137366583 -0.00396456586427307 -0.0194988913866783 -0.0580103366745592 -0.020535456231527
0 -0.00530790886955135 -0.00420805823239068 -0.0570999095096081 -0.00335595066071104 -0.120203626095283 -0.0684389676526465 -0.00694086556964946
0 0.0946196150209744 0.0717136579209408 1.1301301698254 0.0574896208426203 -0.889718544195917 0.0507341169645068 0.0426052836203414
0 -0.00268317971989429 -0.00266920439211882 -0.0162175030984311 -0.00217208330618535 -0.0358399693429381 -0.0207404697529538 -0.00171840934305578
0 -0.0049333225322612 -0.00398645555885135 -0.0517430947707349 -0.00318520779210596 -0.109137438981423 -0.0622734746612847 -0.00621182136906961
0 -0.00617831318407225 -0.00747211388387425 -0.117627406765809 -0.00462380603790002 -0.055132557413351 -0.10697470057825 -0.00380616915881671
0 -0.0056019721157301 -0.00438280821168746 -0.0611818577273473 -0.00349072288345109 -0.128641485631876 -0.073116309790485 -0.00750592581350729
0 0.0146030361154872 0.0145209684247471 -0.115381031298722 0.013278032983028 -0.035047099207381 -0.0295194102643568 0.0231619753208379
0 -0.00188741312861174 -0.00222940827569529 -0.000974047983445026 -0.00183758747747831 -0.00489385518900187 -0.0027272984283746 4.68649855647207e-05
0 0.0218118946971249 0.0144778472192266 -0.154570161571496 0.0116137031476029 -0.0519236405201271 -0.0860108855299542 -0.0440292452067172
0 -0.00364621822019773 -0.00322197942037228 -0.0325692436846681 -0.00259565308902543 -0.0694130220193578 -0.0399605225382396 -0.00371612068067151
0 -0.00365392768245343 -0.00323402438018805 -0.0323431166953627 -0.00260600749312578 -0.0690434749627808 -0.0397110122110926 -0.00368646272766249
0 -0.00270281721860144 -0.00268054987909672 -0.0165583197349441 -0.00218078805095212 -0.0365395548923306 -0.0211429414718411 -0.00175883564916246
0 -0.00284697824487745 -0.0027639990868491 -0.0190383911261671 -0.00224483692300792 -0.0416341430959277 -0.0240700083831431 -0.00205448698829214
0 -0.0407932112556519 -0.0234677376997672 0.26209349912951 -0.0174372392932547 0.571046917275109 0.398724430558854 0.00370661901898828
0 0.0680988816368515 0.0425932263315172 0.438249835802363 0.0343385741341056 -0.49561645554706 0.284379372375993 0.00121742825526017
0 -0.00308519935331253 -0.0029023989573802 -0.0230590816689933 -0.0023511334861559 -0.0499059126551127 -0.0288085521719839 -0.00253939915589463
0 -0.00717627249356667 -0.00468829272203974 -0.143863318567248 -0.00329997547057959 -0.0445385626644477 -0.0526602824501823 -0.0111610874463732
0 -0.00344385602673203 -0.0031116207613735 -0.0289512380105381 -0.0025119456464715 -0.0620497176247707 -0.0357352132879472 -0.00326284969155166
0 0.00456909254884463 0.00511650860356783 -0.00223096027852421 0.00448486082092225 -6.77434022535728e-05 0.00211501128649783 -0.00136918156130905
0 -0.00188741312861174 -0.00222940827569529 -0.000974047983445026 -0.00183758747747831 -0.00489385518900187 -0.0027272984283746 4.68649855647207e-05
0 0.00533180602599037 0.0082795691699511 -0.0659124386467531 0.00617194306188784 -0.0240255074005655 -0.0419984003023974 0.00713788892595746
0 -0.037399520271153 -0.0231752574425013 0.17665323547166 -0.0178294527777876 0.424282269071724 0.176791885110243 0.00191907958752857
0 -0.00188741312861174 -0.00222940827569529 -0.000974047983445026 -0.00183758747747831 -0.00489385518900187 -0.0027272984283746 4.68649855647207e-05
0 -0.045057354063653 -0.0280044428503317 0.235381725763022 -0.0216410922514569 0.507553872255404 0.230864515166306 0.00205652529962919
0 -0.00311788198630936 -0.00291505969755779 -0.0239083896874246 -0.00235993076526553 -0.0515711422876439 -0.0297946954235582 -0.00264416345067975
0 0.0564448651319278 0.0350981073951919 0.368541283881571 0.0284181330118525 -0.427923436101904 0.22647192928625 0.00089185218884591
0 0.0170088878301646 0.015916925776148 -0.0262444020790658 0.0143453489475007 -0.0056821701082459 0.002074124132045 0.0229410548570006
0 -0.00435070826250916 -0.00645805360661456 -0.0438384171771622 -0.003821917428803 -0.0204905978525187 -0.0508246520029791 -0.00374939994728907
0 -0.0048692283352767 -0.00673964387151438 -0.0664410205177588 -0.00404598801285738 -0.0307573366941369 -0.0678983711268626 -0.00375970513219182
0 -0.00617831318407225 -0.00747211388387425 -0.117627406765809 -0.00462380603790002 -0.055132557413351 -0.10697470057825 -0.00380616915881671
0 -0.00963686713747158 -0.00872091037452138 -0.363268680831993 -0.0049908967392458 -0.0504617430131584 -0.105549211576297 -0.0203602032780581
0 -0.00387184343753955 -0.00335774788842569 -0.0359688890647392 -0.00270059710059689 -0.0764765110433205 -0.043944422000699 -0.00414557997355347
0 -0.00902567772086504 -0.00994806107275714 -0.0161971486193324 -0.00844242118376659 -0.0412403896206985 -0.0264148090549163 -0.000673600045726808
0 -0.005373286474748 -0.0042500709459472 -0.0578829472203575 -0.00338879293487615 -0.121859791581843 -0.0693429277274937 -0.00704867062353154
0 -0.00461745109488332 -0.00380038762784229 -0.047109243098856 -0.00304193578339085 -0.0995605431101305 -0.0569162629366446 -0.0055923472926418
0 -0.00433259440381129 -0.00644839557948673 -0.0430176092591661 -0.0038141904281157 -0.0201222398537535 -0.0502065592196406 -0.00374921157775665
0 0.011401201321906 0.00743664432378566 -0.160408686976514 0.00599645353626421 -0.158044991462178 -0.129419254297162 -0.0341335354696843
0 0.00456909254884463 0.00511650860356783 -0.00223096027852421 0.00448486082092225 -6.77434022535728e-05 0.00211501128649783 -0.00136918156130905
0 -0.00270281721860144 -0.00268054987909672 -0.0165583197349441 -0.00218078805095212 -0.0365395548923306 -0.0211429414718411 -0.00175883564916246
0 -0.0297693932058243 -0.0207596621852808 0.0279138111496664 -0.0154245257060959 0.234044692951013 0.0380642286463893 -0.00166529356109635
0 -0.00419264360630933 -0.00303305916052432 -0.0122565069156884 -0.00205434082623235 9.07674208181497e-05 -0.00467763802045296 -0.0118210285574269
0 -0.0773728990468454 -0.048903479839483 0.722577996076873 -0.0384483944364362 0.681656938205621 0.598422999437187 0.227420092717217
0 -0.0056334566294538 -0.00439075072933282 -0.0620543326512677 -0.00349534686951269 -0.130319488952674 -0.0740966118996877 -0.00762728507727006
0 -0.00188741312861174 -0.00222940827569529 -0.000974047983445026 -0.00183758747747831 -0.00489385518900187 -0.0027272984283746 4.68649855647207e-05
0 -0.000839039600533553 -0.0012224584865983 -0.133788623039353 -0.000234854253667649 -0.0813438277243401 -0.11324056449608 -0.000173942089451096
0 -0.00188741312861174 -0.00222940827569529 -0.000974047983445026 -0.00183758747747831 -0.00489385518900187 -0.0027272984283746 4.68649855647207e-05
0 -0.00270273986492375 -0.00268049782062896 -0.0165714544387559 -0.00218072285178206 -0.0365591813313824 -0.0211578714454275 -0.00176049946757173
0 0.0175753492214135 0.0243539266458401 0.0157263332625481 0.0172462657236614 0.0149261748115461 0.04402630018786 0.0179756557720934
0 -0.00982910632535861 -0.00627292169478277 -0.218269762020644 -0.00452203462540757 -0.0774265883361758 -0.0820168558604899 -0.0112118029217254
0 -0.00365779254348153 -0.00613879507698822 -0.00799528591178689 -0.00355527250057275 -0.00436497261419122 -0.0239054671646746 -0.00379137723857204
0 -0.00567521506085278 -0.00717601982875538 -0.0995415177097625 -0.00439329646104891 -0.0464137885169671 -0.093131240920016 -0.0037740052531019
0 -0.00489608118615514 -0.00396354459712844 -0.0512556088998593 -0.00316740523711267 -0.10811185938906 -0.0617089927048386 -0.00614615451696698
0 -0.00394240570363547 -0.00340360850590482 -0.036859222815834 -0.00273653812913333 -0.0783762643571793 -0.0449934360569424 -0.00425847613533969
0 -0.00396880567537039 -0.00343479950068737 -0.0365943981761614 -0.00276273113865066 -0.0780090521078316 -0.044713970521308 -0.00422262594960898
0 -0.00203423942086811 -0.00230062187402735 -0.00437256641349792 -0.00189020037313981 -0.0116493726192859 -0.0067300545958715 -0.000342002290399712
0 0.079852156797644 0.0553120550254143 -0.294539758692258 0.0444895599224209 0.235901587830577 -0.010562462234752 -0.124678486569475
0 -0.00314580620766458 -0.00293769061044147 -0.024067779626519 -0.00237825038644024 -0.0519831879915276 -0.0299958980255197 -0.00266215708108319
0 -0.00491228992514081 -0.00399233527846166 -0.0506924968042792 -0.00319226168814035 -0.107167137254722 -0.0610919027153618 -0.00606975632930551
0 0.0797241775098101 0.0561701506508783 -0.0975541533047863 0.0453083664962488 0.469123482871582 0.174595741134983 -0.116493119113089
0 -0.00317046760786299 -0.00295205919659791 -0.0244766562029519 -0.00238929187522174 -0.0528254268047159 -0.030477015073763 -0.00271204462792207
0 0.147500033924052 0.0993390627501878 1.03117946967204 0.0793991003783923 1.86288545570571 1.35230695966047 -0.170882674301744
0 0.0611441032799167 0.039582299220287 -0.305577663298516 0.0314499064272473 0.115557181578763 -0.0735165119220458 -0.10969742097608
0 -0.00188741312861174 -0.00222940827569529 -0.000974047983445026 -0.00183758747747831 -0.00489385518900187 -0.0027272984283746 4.68649855647207e-05
0 -0.00306137527002903 -0.00288853422108737 -0.0226610443394168 -0.00234048145471011 -0.049086422938645 -0.0283398538109947 -0.00249108104001872
0 0.121911802445243 0.079794328298183 0.610432654555709 0.0634402493617721 1.41380738188426 0.943812704449822 -0.159716262696827
0 -0.00282566611233959 -0.00275164590014487 -0.0186740953108067 -0.00223535326356972 -0.0408854041306377 -0.0236402433885288 -0.00201089543042521
0 -0.00599449127925666 -0.004641472360845 -0.065508408953221 -0.00369374283137081 -0.137860694410908 -0.078089315814887 -0.00811566045903245
0 -0.00689952976158725 -0.00455072504289067 -0.131014123510041 -0.00320050866333377 -0.0394398969367016 -0.0476784108117903 -0.0113149943002449
0 0.0705602493080661 0.0470943877172783 -0.135374168612934 0.0376191255992193 0.394327892140554 0.123287048840993 -0.112982963026701
0 -0.00516669725879204 -0.00412405976181018 -0.0551051929318893 -0.00329118137304407 -0.116083308499529 -0.0661462668883717 -0.00666779314623245
0 0.0511666788193832 0.0336065822418679 -0.381311701036708 0.026798301788622 -0.0999049878407501 -0.199275818318606 -0.0991236925325669
0 -0.00306137527002903 -0.00288853422108737 -0.0226610443394168 -0.00234048145471011 -0.049086422938645 -0.0283398538109947 -0.00249108104001872
0 -0.00671411806357547 -0.0044469735971524 -0.123863618607066 -0.00312213000801398 -0.0367176346975842 -0.0449782046010618 -0.0113524286492366
0 -0.00661244016843821 0.0035949350670661 0.191741611433708 0.00533132766595035 0.439626652966138 0.314690497245079 0.0385493475190346
0 0.00314393962520354 0.00430878822291447 -0.0241966688315562 0.00386678730617795 -0.0471975449013384 -0.024598970936744 -0.00365353482537012
0 -0.0621519881808954 -0.0360437527288795 0.484886200105699 -0.0270991369250897 0.849317930551277 0.620410086768777 0.00860864590922183
0 -0.00483849974056705 -0.00393046721503687 -0.0503802147793899 -0.00314205411191226 -0.106312773532348 -0.0606996519663383 -0.0060285174285859
0 0.00456909254884463 0.00511650860356783 -0.00223096027852421 0.00448486082092225 -6.77434022535728e-05 0.00211501128649783 -0.00136918156130905
0 -0.00589437019088912 -0.00396254100154847 -0.0946842565350585 -0.00275001009408316 -0.0262448047842887 -0.0342581173197165 -0.0113620039013065
0 0.0979450013940903 0.0629897595086968 0.0356728147732293 0.0499289118316035 0.761752862490352 0.381224126436432 -0.146932798147743
0 -0.071185500586 -0.0435763201387838 0.491061528065167 -0.033516563436037 0.86291218271484 0.62682751227821 -0.00297016331832634
0 -0.0268557249739914 -0.0227319484994815 -0.0809484054985874 -0.0190009406813401 -0.0195437615851284 -0.0409531695764263 -0.0459190343865394
0 -0.00452237579232362 -0.00375030169719004 -0.0454571591929138 -0.00300417822555543 -0.0962077516009452 -0.0550113726571535 -0.00537354895072273
0 0.0277966503166462 0.0215297959591751 -0.149959056149406 0.0177050899864257 -0.0404873596737287 -0.0765613750035596 -0.0441181500612586
0 -0.00501250752149929 -0.00403171712506323 -0.052962147395633 -0.00321984032000033 -0.111632796255896 -0.0636764472155775 -0.00637649592642742
0 -0.0281578986770423 -0.010017833567403 0.362784190441032 -0.00539155571573602 0.681870942237028 0.49981746263132 0.0378094605807258
0 -0.0198164905137661 -0.0114098027249936 0.191626978491043 -0.00872217836642974 0.137881564328277 0.141347134687526 0.0528965077308303
0 0.0666780771524511 0.0426052440308053 -0.349681093026061 0.0337603207917585 0.111870427585066 -0.0914898054021114 -0.119749757685309
0 -0.0540754792487288 -0.0336310700726195 0.510345888491634 -0.026326495630121 0.452764809647755 0.409565744318756 0.150928611958395
0 0.0035329499098733 0.00453206411961382 -0.0185291779492078 0.00403829577317483 -0.0349673383861395 -0.0177171382869559 -0.00304485261973664
0 0.0461425336172567 0.0285269041160712 0.189462238678687 0.023240946673595 -0.415811716239506 0.0903414386607837 0.000595830752683213
0 -0.0772607285869755 -0.0488144285031336 0.715470216294102 -0.0383743169497688 0.672488361067475 0.592319395294189 0.224614877058354
0 -0.00272269395071367 -0.00269203932317907 -0.0169025372406897 -0.00218960406924351 -0.0372462555348356 -0.0215493752334721 -0.00179971479132712
0 -0.00391116538481873 -0.00338528109939729 -0.0363725900302625 -0.00272243661842797 -0.0773709318049498 -0.0444251095455259 -0.00419637700668929
0 0.0157735559797487 0.0152040322633913 -0.0748869512943044 0.0138011997215686 -0.0207748795349478 -0.0148663852737978 0.0230790706513595
0 0.00369352295013936 0.00462972136971151 -0.01570961119516 0.00411372906891128 -0.0292067655123192 -0.0144187048622215 -0.00270581620858179
0 -0.00372874737340689 -0.00327833975952752 -0.0335078758974494 -0.00264016429820968 -0.0714542073421947 -0.0410756511966932 -0.00383303413797709
0 -0.0837687608744524 -0.0541580483286292 0.815469448787603 -0.042796426311881 0.794704019381005 0.678111380104083 0.265623659421404
0 0.00456909254884463 0.00511650860356783 -0.00223096027852421 0.00448486082092225 -6.77434022535728e-05 0.00211501128649783 -0.00136918156130905
0 -0.00555257151471222 -0.00375465485498117 -0.082748657270626 -0.00258853520898317 -0.0222139469594071 -0.0299820168706324 -0.0113397440385117
0 -0.00347126861108027 -0.00312764485422212 -0.0293942473800151 -0.00252426678078521 -0.0629636146814967 -0.0362550790130296 -0.00331787079328993
0 -0.00427166251125621 -0.00360792474325056 -0.0414601612104204 -0.00289529503394759 -0.0880065069902138 -0.0503769456021055 -0.00484998825331528
0 -0.0035408467180944 -0.00316833489867285 -0.0305142409983703 -0.00255555643823868 -0.0652745305491864 -0.0375687639738373 -0.00345736821556875
0 -0.00363866669241508 -0.00324368553996157 -0.0312852591097834 -0.00261604615904298 -0.0670753171821747 -0.0385080790977126 -0.00355076646197361
0 0.011025598226301 0.0124624254828318 -0.00338802646278236 0.0108073091193233 0.00505009516520127 0.00707210764980459 -0.00276712138423019
0 -0.00555369395539795 -0.00435234246956551 -0.0605891305049355 -0.00346697916737737 -0.127396262539718 -0.072435558419107 -0.00742330034056726
0 -0.00419264360630933 -0.00303305916052432 -0.0122565069156884 -0.00205434082623235 9.07674208181497e-05 -0.00467763802045296 -0.0118210285574269
0 -0.00381887982879325 -0.00333116262249522 -0.0349283229278399 -0.00268079972745827 -0.0743876335441711 -0.0427372624886613 -0.00401272110211659
0 -0.0248323163627244 -0.0157698197779581 0.128019545162482 -0.0123370645636562 0.0324397293049037 0.0772679862766799 0.0391128388329598
0 0.00320271999935118 0.00707262826921529 -0.141650825851195 0.00522223566855562 -0.0600153796564928 -0.0998789686464705 0.00705950915867337
0 -0.00188741312861174 -0.00222940827569529 -0.000974047983445026 -0.00183758747747831 -0.00489385518900187 -0.0027272984283746 4.68649855647207e-05
0 -0.00504893334520684 -0.00405460985336425 -0.0534150021906821 -0.00323769385171468 -0.112591862359352 -0.0642008750657155 -0.00643787993780931
0 -0.00497728666957054 -0.00403114521948833 -0.0516124085239693 -0.00322222610117162 -0.10907569674205 -0.06215448004864 -0.00619361074219249
0 -0.0040215531468224 -0.00345005683450372 -0.0380870341847079 -0.00277227872756747 -0.0809130652417895 -0.0464265013792509 -0.00441564695315666
0 -0.0068297689125747 -0.00788443452544385 -0.138547051837542 -0.00493799421514218 -0.0654014411350246 -0.123063332678949 -0.00387531502808169
0 -0.00290130522236653 -0.00279551186593885 -0.0199634935109456 -0.0022690328932744 -0.0435360864353247 -0.025161057386442 -0.002165439727567
0 -0.0026163324374755 -0.00263062884988585 -0.0150516464914037 -0.00214249297850566 -0.0334478871169082 -0.0193633151936887 -0.00158048640611685
0 -0.00365779254348153 -0.00613879507698822 -0.00799528591178689 -0.00355527250057275 -0.00436497261419122 -0.0239054671646746 -0.00379137723857204
0 0.00695877833896574 0.00910756578442573 0.00371143427922016 0.0068454966115441 0.00523251711616446 0.00996738492004257 0.00709192919737545
0 -0.00506835080099899 -0.00406563481930622 -0.0537255475044094 -0.00324610073890064 -0.113221509294852 -0.0645575737070692 -0.00647997364863384
0 -0.00530680977128162 -0.00420672216705187 -0.0570996025080803 -0.00335484921760276 -0.12020199840256 -0.0684377145090806 -0.00694088261759118
0 -0.00188741312861174 -0.00222940827569529 -0.000974047983445026 -0.00183758747747831 -0.00489385518900187 -0.0027272984283746 4.68649855647207e-05
0 0.0182070087063617 0.0195583649280011 -0.172333530289111 0.01657145897898 -0.0087885115456956 -0.022472010442907 0.0243404241340484
0 0.0762245524966083 0.0506996631605041 -0.0884160553282687 0.0404655100788922 0.490252835143146 0.188681867391542 -0.119538813561018
0 -0.00188741312861174 -0.00222940827569529 -0.000974047983445026 -0.00183758747747831 -0.00489385518900187 -0.0027272984283746 4.68649855647207e-05
0 0.0571478058383867 0.0370274657576477 -0.299894104205452 0.0294300440189579 0.0868107614078273 -0.0847586244379723 -0.104030283825201
0 -0.00358331128251566 -0.00319318079665365 -0.0311947000665418 -0.00257466405328399 -0.0666788390515425 -0.0383664648714417 -0.00354239868943473
0 -0.00371393462673808 -0.00326966191149802 -0.0332734842512594 -0.00263348909100181 -0.0709702255473439 -0.0408013149910702 -0.00380347277821791
0 0.00369467791481526 0.00735837016393059 -0.125492078622069 0.00544551984965036 -0.0519152459075327 -0.0874095860446431 0.00708531116790079
0 -0.00313356522009212 -0.00293056030127792 -0.0238644936765522 -0.00237277136962133 -0.0515644873830978 -0.0297566576520243 -0.00263738132344349
0 -0.0657512749015075 -0.0404549432031862 0.626415600397171 -0.0316107493535167 0.575979330912423 0.513593438236069 0.191044051005695
0 0.0658516422498439 0.045817418120885 -0.293705223002039 0.0368953879456759 0.12636453093948 -0.0629832580835616 -0.107702807268979
0 -0.0040536307825545 -0.00346888809087442 -0.0385826039037753 -0.00278676969560854 -0.081937069413919 -0.0470045595432622 -0.00447928361352146
0 -0.003134532264363 -0.00292397858337745 -0.0242204714462075 -0.00236667320593531 -0.0522046032477608 -0.0301603748898502 -0.0026823637667035
0 -0.00336305367411383 -0.00306441222544951 -0.0276395401580878 -0.00247564988467808 -0.059344406862039 -0.0341951653207078 -0.00310045711122564
0 -0.00277343242713846 -0.00272139274571304 -0.0177778585085444 -0.00221213093664252 -0.0390439340549285 -0.0225826571220207 -0.00190389238682842
0 -0.0438091467808821 -0.0238716804587522 0.471145238342719 -0.0181016492897434 0.41311034796314 0.379807489477804 0.136552012983699
0 -0.107321173413631 -0.0657963453709307 1.11776999229681 -0.0514373620261157 1.13441516097109 0.956386562419439 0.399265112443812
0 0.0034642921230974 0.00449615078070442 -0.0192766463142302 0.00401098780573772 -0.0367715955904111 -0.0187066036608603 -0.00309860586288702
0 0.00695877833896574 0.00910756578442573 0.00371143427922016 0.0068454966115441 0.00523251711616446 0.00996738492004257 0.00709192919737545
0 0.103632735047009 0.0763035679842723 0.6905429194329 0.0634119123649963 -0.800268394536507 -0.0913003901996152 0.0602959495709694
0 0.0748410158246227 0.0492007010079485 0.447328226663579 0.0396962879646425 -0.986500016612749 -0.269115484869243 0.00373364832956824
0 -0.00292345467181931 -0.0028083689025058 -0.0203392372235931 -0.00227890601004876 -0.0443088165939778 -0.0256040739985948 -0.00221060974835474
0 -0.00371393462673808 -0.00326966191149802 -0.0332734842512594 -0.00263348909100181 -0.0709702255473439 -0.0408013149910702 -0.00380347277821791
0 -0.00283629227443294 -0.00275780449885898 -0.0188558308444242 -0.00224008118409813 -0.0412589096863387 -0.0238546478325765 -0.00203263478491378
0 -0.00332345991054472 -0.00304129381271245 -0.0269935477289063 -0.00245787755192683 -0.0580124446074817 -0.0334362894207949 -0.00302076486083891
0 -0.00188741312861174 -0.00222940827569529 -0.000974047983445026 -0.00183758747747831 -0.00489385518900187 -0.0027272984283746 4.68649855647207e-05
0 0.0533317261057453 0.0345275530167264 0.285796610178068 0.0276988456333731 -0.422258763438312 0.166927955073156 0.00256943999044434
0 -0.0111286915573525 -0.0111729921653416 -0.052057599125642 -0.00938294848016419 -0.113398962525644 -0.0677716506341972 -0.00544538653052262
0 -0.00535400178186407 -0.00423878088443175 -0.0576067289583153 -0.00338010942819889 -0.121290616413968 -0.0690262528596177 -0.00701062095691007
0 0.00450056345277527 0.00517158107194282 0.00108857513351746 0.00453854073454174 0.00341866329031415 0.00463269578450465 -0.000522935902256716
0 -0.0531858873771469 -0.0330689502867418 0.501954899610563 -0.0258836387097006 0.443940721998811 0.40218764908754 0.148116130761629
0 0.0709332095299926 0.0528739555949658 0.217712961966627 0.0442213506928724 -0.546299851373417 -0.194719619960503 0.0421750889514865
0 -0.00419264360630933 -0.00303305916052432 -0.0122565069156884 -0.00205434082623235 9.07674208181497e-05 -0.00467763802045296 -0.0118210285574269
0 -0.00403756206051309 -0.00345945446805151 -0.0383345037491871 -0.00277951030239754 -0.0814244091607499 -0.0467151885382489 -0.0044474104438792
0 -0.00530416636848319 -0.00420847838351168 -0.0569381128081257 -0.00335664342021991 -0.119899883799791 -0.0682575290481298 -0.00691866119145867
0 -0.00188741312861174 -0.00222940827569529 -0.000974047983445026 -0.00183758747747831 -0.00489385518900187 -0.0027272984283746 4.68649855647207e-05
0 -0.00188741312861174 -0.00222940827569529 -0.000974047983445026 -0.00183758747747831 -0.00489385518900187 -0.0027272984283746 4.68649855647207e-05
0 -0.00304955294091425 -0.00288165583685451 -0.022463200214387 -0.00233519716655861 -0.0486791426564364 -0.0281068533645095 -0.00246709033555481
0 -0.0366832220250535 -0.0226358225314414 0.345546025895111 -0.0176624834058847 0.284039012943685 0.267264671270668 0.0981374624298734
0 -0.00294174334475406 -0.00281748900232781 -0.0207179844879777 -0.0022856959197739 -0.0450698317490312 -0.0260474308808498 -0.00225655093450605
0 0.0104448579058154 0.0121475034523311 -0.0100738617131664 0.0105682033769936 -0.0110476463362414 -0.00172084561158004 -0.00321533703283583
0 -0.00508267553935493 -0.00685752843700849 -0.0753125704488831 -0.00413933289872848 -0.0348608385334943 -0.0746288949222529 -0.00376582618005372
0 0.039918354802901 0.0260236707198453 -0.2507308818182 0.0207335037891587 -0.0123628412971684 -0.10945881028683 -0.0770493504381768
0 -0.00447478654769551 -0.00371642517613591 -0.0449835918882244 -0.00297729549975534 -0.0951667573898676 -0.0544516248003037 -0.00531163384076594
0 0.00456909254884463 0.00511650860356783 -0.00223096027852421 0.00448486082092225 -6.77434022535728e-05 0.00211501128649783 -0.00136918156130905
0 -0.00275295761151506 -0.00270954340887153 -0.0174252064193485 -0.00220303673453959 -0.0383195802360068 -0.0221664093114811 -0.00186188210092153
0 -0.00351283605023545 -0.00315195091306464 -0.0300641168045397 -0.00254295712011388 -0.0643457008504544 -0.0370409019487705 -0.00340123605736986
0 0.00254104080326512 0.00395473294353899 -0.0332291873906825 0.00359412338941034 -0.0663270558648614 -0.0353550403488794 -0.00470910988131079
0 0.00362004328366172 0.00458696131456282 -0.0168568662881965 0.00408084508186191 -0.0316406342894338 -0.0157993723612844 -0.00283122633964528
0 0.0430406242869967 0.027935735861476 0.187668019273395 0.0224985199740422 -0.36290024990407 0.0949013199939399 0.00231560561898281
0 -0.00188741312861174 -0.00222940827569529 -0.000974047983445026 -0.00183758747747831 -0.00489385518900187 -0.0027272984283746 4.68649855647207e-05
0 -0.00746341394756733 -0.00486160656657253 -0.152572762543429 -0.00343419994336092 -0.0479984578536667 -0.0559547496548789 -0.0111739797219625
0 0.00382973372949769 0.00471168529672195 -0.0134409260190571 0.00417708415737916 -0.0244985734829122 -0.0117285715066231 -0.00244594225265571
0 0 0 0 0 0 0 0
0 -0.00557479380868831 -0.00436491666837124 -0.0608655976850088 -0.00347670588990168 -0.127974858003407 -0.0727520688235028 -0.00746186935370385
0 -0.00290130522236653 -0.00279551186593885 -0.0199634935109456 -0.0022690328932744 -0.0435360864353247 -0.025161057386442 -0.002165439727567
0 -0.00322050810847285 -0.00298122824022151 -0.0253035683298628 -0.00241170867335905 -0.054529130982258 -0.0314497118051462 -0.00281316292720835
0 -0.00447478654769551 -0.00371642517613591 -0.0449835918882244 -0.00297729549975534 -0.0951667573898676 -0.0544516248003037 -0.00531163384076594
0 -0.00297987494159635 -0.00284114130625257 -0.0212927108266761 -0.00230407562365453 -0.046270235233993 -0.0267279138590681 -0.00232550503443285
0 0.00456909254884463 0.00511650860356783 -0.00223096027852421 0.00448486082092225 -6.77434022535728e-05 0.00211501128649783 -0.00136918156130905
0 -0.00290130522236653 -0.00279551186593885 -0.0199634935109456 -0.0022690328932744 -0.0435360864353247 -0.025161057386442 -0.002165439727567
0 -0.00529804263930211 -0.00362004241345426 -0.070307843897548 -0.00248906878379529 -0.0180170895333611 -0.0254325481384723 -0.0114309604845557
0 -0.00557611867732533 -0.00436646514358641 -0.0608658002362552 -0.00347798206062766 -0.127977159358461 -0.0727533228238588 -0.00746184292558549
0 0.05720152479463 0.0454694761625234 0.246510977561692 0.0347003676655477 -0.367870596404126 0.162764966450004 0.0133210714372343
0 0.0463620658560515 0.0301369836450434 -0.274020979283734 0.0239837678338066 0.0189894411040941 -0.105211689716546 -0.0876335017998855
0 -0.00188741312861174 -0.00222940827569529 -0.000974047983445026 -0.00183758747747831 -0.00489385518900187 -0.0027272984283746 4.68649855647207e-05
0 -0.0574543700189185 -0.0390380423223 0.484523164254955 -0.0311222588985292 0.424326967745452 0.382306742891241 0.143701157893964
0 -0.00275295761151506 -0.00270954340887153 -0.0174252064193485 -0.00220303673453959 -0.0383195802360068 -0.0221664093114811 -0.00186188210092153
0 0.0169447989807372 0.0158803258473093 -0.0289473075055406 0.0143175031433018 -0.00646649832006974 0.00115004287926501 0.0229506489868947
0 -0.0937368737647599 -0.0614288568325492 0.84669068000129 -0.0486758537735259 0.819244578157833 0.707578591288286 0.278378260793562
0 -0.00276316511515118 -0.0027154500826545 -0.0176011131672067 -0.00220756992640059 -0.0386808793393989 -0.0223740457956949 -0.00188283072091266
0 -0.00557611867732533 -0.00436646514358641 -0.0608658002362552 -0.00347798206062766 -0.127977159358461 -0.0727533228238588 -0.00746184292558549
0 -0.00445073457030976 -0.00369666055241469 -0.0448773581824584 -0.00296126525584883 -0.0948738908469835 -0.054317785342711 -0.00529807791480907
0 -0.00267345068306657 -0.00266358563254343 -0.0160483748887259 -0.00216777266137358 -0.0354928542252577 -0.0205407260925474 -0.00169836607010598
0 -0.00275295761151506 -0.00270954340887153 -0.0174252064193485 -0.00220303673453959 -0.0383195802360068 -0.0221664093114811 -0.00186188210092153
0 -0.00494820262488149 -0.00342124892577278 -0.054947074707751 -0.00233813301664743 -0.0130604213164247 -0.0199347241669812 -0.011483875307198
0 -0.00635146098389239 -0.00422693742051328 -0.112126289349494 -0.0029519021639719 -0.0324374879167717 -0.0406649023708092 -0.0113200434645422
0 0.056503040287156 0.0398431082433142 -0.277187918050079 0.0321727168590513 0.0614165181642532 -0.0860804431259607 -0.0939979924245264
0 -0.00307549027363718 -0.00543269290899495 -0.0049603947466208 -0.00308444057561763 -0.00557880667829647 -0.0217597111554544 -0.00340153378178476
0 -0.00502951535550533 -0.00404316083108913 -0.0531350692849561 -0.00322887662916038 -0.11201352457105 -0.0638783736647683 -0.00639993553684226
0 -0.0356261362597072 -0.0186985578168093 0.393648653972933 -0.0140253821571692 0.333749356503446 0.312832147979142 0.111772710858363
0 -0.0512922730321757 -0.0351431189665092 0.426122267514475 -0.0280533501305049 0.363694965523216 0.331467491048291 0.124633222351576
0 0.116219175884801 0.0794075788151769 0.409721626138991 0.0636569289805902 1.18930048633408 0.742798032462201 -0.150971173000318
0 -0.00282566611233959 -0.00275164590014487 -0.0186740953108067 -0.00223535326356972 -0.0408854041306377 -0.0236402433885288 -0.00201089543042521
0 -0.00485404504310383 -0.00394815239916113 -0.0502476939353267 -0.00315687139462106 -0.106138522998925 -0.0605613740307316 -0.00601041708029193
0 -0.00453472168617797 -0.00655698472487565 -0.0520475454696454 -0.00390087370236625 -0.0241907237800536 -0.0570137161770035 -0.00375209929564457
0 -0.00736622464221437 -0.00481189009056981 -0.148410414902282 -0.00339780861255523 -0.0462903489670903 -0.0543251575011756 -0.0112208515678951
0 -0.00487320149399251 -0.00337895880637484 -0.0515247319687053 -0.00230610474214643 -0.0119778482230295 -0.0187153024609512 -0.0114971369527006
0 -0.0048915929266089 -0.00338931540056908 -0.0523687668563357 -0.00231394490048542 -0.0122441355516298 -0.0190158775719849 -0.0114938056664369
0 -0.00188741312861174 -0.00222940827569529 -0.000974047983445026 -0.00183758747747831 -0.00489385518900187 -0.0027272984283746 4.68649855647207e-05
0 -0.00382918583008518 -0.00333034990280501 -0.035406151744219 -0.00267918135309309 -0.0752856127468129 -0.0432821303776882 -0.00407436548266027
0 -0.00284697824487745 -0.0027639990868491 -0.0190383911261671 -0.00224483692300792 -0.0416341430959277 -0.0240700083831431 -0.00205448698829214
0 -0.00517419249068141 -0.00354942321517315 -0.0649734346617947 -0.00243539083729649 -0.0162770469758247 -0.0235183774701779 -0.011448278752749
0 0.0144511156327609 0.014435225829442 -0.120618380695202 0.0132135447099917 -0.0370377732572154 -0.0314577054863574 0.0231819983133064
0 0.0169310407690331 0.0128355665518942 -0.0772825945858617 0.0103067156447114 -0.184999787593216 -0.076485638374014 0.00366232454176174
0 -0.0036280273619278 -0.00321260506119136 -0.0322230214658319 -0.00258862352512912 -0.0687135003366288 -0.0395575268650386 -0.00367242674439661
0 -0.00263513261926818 -0.00264147048700147 -0.0153804403882583 -0.00215080826593717 -0.0341223325557038 -0.0197517589314451 -0.00161932612601001
0 0.0681187578109679 0.045774954050307 0.355838515759377 0.0372159593874875 -0.829165534675803 -0.259030576073461 0.00886145598445154
0 -0.00499269222185861 -0.0068077281089125 -0.0716004139450988 -0.00409992312591312 -0.0331382789639898 -0.0718105652491356 -0.00376314744163597
0 -0.00446974871283157 -0.00650573123482845 -0.0501955174401791 -0.00386357826856321 -0.0234745141140151 -0.0556433268051371 -0.00373510308566694
0 0.00451220741740022 0.00516447344211413 0.000630259985304527 0.00453141847330762 0.00296587872305087 0.00429725894993327 -0.000644054115577664
0 -0.0739053537434238 -0.0466747978479587 0.676855035698869 -0.0366844895223739 0.628661673030948 0.557790815680889 0.20996930718918
0 -0.00263513261926818 -0.00264147048700147 -0.0153804403882583 -0.00215080826593717 -0.0341223325557038 -0.0197517589314451 -0.00161932612601001
0 -0.00562378417382936 -0.0043981340876651 -0.0613853521739816 -0.00350287227691126 -0.129089200255502 -0.0733526720669464 -0.00753440860447929
0 -0.00239370031396202 -0.00250278766382284 -0.0110982465924652 -0.00204452013262824 -0.0253501177708317 -0.0146894095658201 -0.00111693474339791
0 -0.0071006760377772 -0.00799266463611437 -0.149931671834294 -0.00503307722137425 -0.0715944741617727 -0.131995008286097 -0.00384253698437043
0 -0.0794985427935773 -0.0469943540975652 0.80649262770709 -0.0364118624851484 0.776219570378633 0.678631261599322 0.258719711705496
0 -0.00553669723349737 -0.00434070012415599 -0.0604176472222884 -0.00345778524177254 -0.127024041925433 -0.0722368863954803 -0.00739939661121936
0 -0.00188741312861174 -0.00222940827569529 -0.000974047983445026 -0.00183758747747831 -0.00489385518900187 -0.0027272984283746 4.68649855647207e-05
0 0.119954941071359 0.0801042552099354 0.663239236112268 0.0639315048688296 1.4517910260673 0.978054395236597 -0.154503349493478
0 -0.00188741312861174 -0.00222940827569529 -0.000974047983445026 -0.00183758747747831 -0.00489385518900187 -0.0027272984283746 4.68649855647207e-05
0 -0.0439029475926782 -0.0272014581755577 0.414077416402685 -0.0212605136014439 0.352876301806773 0.32571254615076 0.119485683325119
0 -0.00372874737340689 -0.00327833975952752 -0.0335078758974494 -0.00264016429820968 -0.0714542073421947 -0.0410756511966932 -0.00383303413797709
0 0.138714688826358 0.0937534413890475 0.838093171300518 0.0749893616852582 1.66383066414657 1.16741972757467 -0.166112417584822
0 -0.0042426270238467 -0.00358400817244098 -0.0413148828053371 -0.00287592088291166 -0.0876251098112655 -0.0501951168513335 -0.00483179860435534
0 -0.0624845429260343 -0.039731147089606 0.564080113493029 -0.0312591860062694 0.506405430009463 0.456227019637817 0.169596501139192
0 -0.00695352818555506 -0.00420492672408379 -0.0021639834999192 -0.00318677389542898 -0.0610084840480747 -0.0207768113544766 0.00489407204503234
0 -0.00274280991623055 -0.002703672724365 -0.0172501402185299 -0.00219853136106041 -0.0379600406464875 -0.0219597503066056 -0.00184104655441208
0 -0.123010491436892 -0.0757553315730028 1.28343788875086 -0.0592928365776899 1.32245191387045 1.10692095701344 0.484098163981304
0 -0.00961322479915339 -0.00673494718209078 -0.122549457846425 -0.00458536897458917 -0.00414298145109449 -0.0962966235808516 -0.000239889391881576
0 -0.00507824330249784 -0.0034948829059589 -0.0607654898412857 -0.00239397617173509 -0.0149186927207907 -0.0220122197616379 -0.0114626862458187
0 -0.00365779254348153 -0.00613879507698822 -0.00799528591178689 -0.00355527250057275 -0.00436497261419122 -0.0239054671646746 -0.00379137723857204
0 -0.117651664547491 -0.0756158914000817 1.16458515649336 -0.0597137005313719 1.18698007271044 0.994279190868397 0.42497888269819
0 -0.0525238012172951 -0.0363427719388465 0.158384950969617 -0.0290291238391776 0.447438298850083 0.289775503136349 -0.0303635793794816
0 -0.00274280991623055 -0.002703672724365 -0.0172501402185299 -0.00219853136106041 -0.0379600406464875 -0.0219597503066056 -0.00184104655441208
0 -0.0531714810046395 -0.0367521777306088 0.163260396875583 -0.0293516730322203 0.454874524929179 0.295339700069171 -0.0303858995717752
0 -0.00365779254348153 -0.00613879507698822 -0.00799528591178689 -0.00355527250057275 -0.00436497261419122 -0.0239054671646746 -0.00379137723857204
0 0.00322145562578235 0.00435418509280616 -0.0230135641138487 0.00390173344740541 -0.0446910074846301 -0.0231842563539564 -0.00351875819527114
0 -0.00616216536477499 -0.00411729201112765 -0.105021402775156 -0.00286814095085486 -0.0298821109213825 -0.038044972917997 -0.0113365425138077
0 -0.00741259546367701 -0.0048540094328815 -0.147843537158601 -0.00343366963671432 -0.0459960077900194 -0.0540302520244058 -0.0113058803748438
0 -0.00592316827659234 -0.0039791597297536 -0.0958126569912565 -0.00276269065073764 -0.0266373478631272 -0.0346701117589152 -0.0113591326072897
0 -0.00281509975859695 -0.00274552329070632 -0.018493186520987 -0.00223065316142179 -0.0405136304414162 -0.0234267977564477 -0.00198926895341645
0 -0.00290130522236653 -0.00279551186593885 -0.0199634935109456 -0.0022690328932744 -0.0435360864353247 -0.025161057386442 -0.002165439727567
0 -0.00555382080185796 -0.0043525319249218 -0.0605731146624504 -0.00346716538943781 -0.127371419171566 -0.0724175997277561 -0.0074211575565637
0 0.0167751570418733 0.0157831577142544 -0.0359955614457865 0.0142435072377767 -0.0085416465504613 -0.00126915316087928 0.0229742178117136
0 -0.00560698564390005 -0.00715005401326385 -0.0961944892699327 -0.00437028586013488 -0.0447102585247641 -0.0905394689316754 -0.00378365467162256
0 -0.00642735846456066 -0.00761328215376089 -0.126575427735048 -0.00473475581373251 -0.0595882468422229 -0.113869285411995 -0.00381670322986549
0 -0.00492909349205295 -0.00341046046026827 -0.054079989970671 -0.00232995903773592 -0.0127854221679926 -0.0196256016012057 -0.0114871748440595
0 -0.00682795642109602 -0.00784523461244113 -0.140351159085363 -0.00491572501394177 -0.0665710955463168 -0.124532032598287 -0.00383813216250894
0 0.0198882990369502 0.0203304794907342 0.0181939274844702 0.0171915369828981 0.0143974459477199 0.0214823033664917 0.0235277962139455
0 -0.00583749171969528 -0.00392973541644936 -0.092443284723013 -0.00272498280134759 -0.0254684210419533 -0.0334408748272765 -0.0113677781833834
0 0.132889761447375 0.0895102646392374 1.87515547057418 0.070261781045895 0.277009347131454 1.53704005653676 0.010597796588506
0 -0.00188741312861174 -0.00222940827569529 -0.000974047983445026 -0.00183758747747831 -0.00489385518900187 -0.0027272984283746 4.68649855647207e-05
0 -0.00463555330086152 -0.00381104488604711 -0.0473774750988634 -0.0030501410015602 -0.100114972658122 -0.0572269584049661 -0.00562792376730359
0 -0.00435309500733805 -0.00364484746787985 -0.0431537177051418 -0.00292219571658325 -0.0913843545422259 -0.0523264904508753 -0.00507170745776353
0 -0.00188741312861174 -0.00222940827569529 -0.000974047983445026 -0.00183758747747831 -0.00489385518900187 -0.0027272984283746 4.68649855647207e-05
0 -0.00188741312861174 -0.00222940827569529 -0.000974047983445026 -0.00183758747747831 -0.00489385518900187 -0.0027272984283746 4.68649855647207e-05
0 -0.00229179852533834 -0.00234816208620181 -0.0138284752471942 -0.00191215053651517 -0.0297943322560701 -0.0177141321705028 -0.00146263278261483
0 -0.0123018925888552 -0.00766118968335316 0.0784081482256225 -0.00592824810151527 0.0255010365296524 0.0470647181448145 0.0236505961726978
0 0.0155764790604507 0.0150893727598476 -0.0820516279898316 0.0137134613381127 -0.0231792740118291 -0.0174195233540417 0.0230952150430461
0 -0.00569768953589822 -0.0071996670090555 -0.0997559835115531 -0.0044096816832031 -0.0464275401396348 -0.0932648056659446 -0.00378576371149952
0 -0.0531858873771469 -0.0330689502867418 0.501954899610563 -0.0258836387097006 0.443940721998811 0.40218764908754 0.148116130761629
0 -0.0142743634259292 -0.0213851559384031 -0.0193998238636479 -0.01395604161269 -0.0138698884310045 -0.0575956031606442 -0.0146742590751217
0 -0.0750642962848422 -0.0496852869675291 0.38829952039447 -0.0393005686707202 0.751549500025748 0.526547076607881 -0.0255270647365782
0 0.0020458057684305 0.00366296789741405 -0.0404213125675557 0.00336931959724618 -0.0815508234036617 -0.0438621116886444 -0.00558229058063775
0 -0.0026163324374755 -0.00263062884988585 -0.0150516464914037 -0.00214249297850566 -0.0334478871169082 -0.0193633151936887 -0.00158048640611685
0 -0.00609337738632876 -0.00741190543544779 -0.115207100101245 -0.00457894442742068 -0.0540348747357893 -0.105147970002787 -0.00379064177372612
0 -0.00361192003388533 -0.00320992467502146 -0.0316518288679619 -0.00258754155522034 -0.0676223653383223 -0.0389021675979424 -0.0035996400624736
0 -0.00670757936687005 -0.00778149737626022 -0.135987309314002 -0.00486462534781085 -0.0643075868009593 -0.121143080485424 -0.00383743203172049
0 -0.0462656281052567 -0.031964825348866 0.37835718745446 -0.0255487762658699 0.315058424098976 0.290425962533444 0.10951078204546
0 -0.00314580620766458 -0.00293769061044147 -0.024067779626519 -0.00237825038644024 -0.0519831879915276 -0.0299958980255197 -0.00266215708108319
0 -0.00452449849398295 -0.00655145392043099 -0.0515973161909304 -0.00389646774359065 -0.0239869961025434 -0.0566739277774091 -0.0037519162177837
0 -0.00268317971989429 -0.00266920439211882 -0.0162175030984311 -0.00217208330618535 -0.0358399693429381 -0.0207404697529538 -0.00171840934305578
0 0.131626749232932 0.0838483532751049 0.806641082781642 0.0663005348113046 1.63131735499834 1.14378224295382 -0.169040515812302
0 -0.041927472226865 -0.0259523979762708 0.395328276624871 -0.0202762282538558 0.333824342764754 0.309606962173002 0.113563769302137
0 -0.00526806272281943 -0.00418470982697361 -0.0565277728180273 -0.0033379897934469 -0.119024128540366 -0.0677823479029329 -0.00686232587871372
0 -0.00188741312861174 -0.00222940827569529 -0.000974047983445026 -0.00183758747747831 -0.00489385518900187 -0.0027272984283746 4.68649855647207e-05
0 -0.000963677659026274 0.00066639775374977 -0.0311722352199331 0.000828907283656477 -0.0757660598012944 -0.0387229378273979 -0.00306226202640936
0 -0.00188741312861174 -0.00222940827569529 -0.000974047983445026 -0.00183758747747831 -0.00489385518900187 -0.0027272984283746 4.68649855647207e-05
0 -0.0085576084424428 -0.0080803898355466 -0.276478147474575 -0.00449577810007318 -0.037023790149719 -0.0858901496102953 -0.0203413235136689
0 -0.00545298934691552 -0.00429425913312631 -0.0591229855593913 -0.00342242924471359 -0.124386523375748 -0.0707596053157498 -0.00721988610602109
0 0.0170297723131654 0.0159288378382199 -0.0253586435860087 0.0143544083351848 -0.00542653507549318 0.0023765059223444 0.0229378356553984
0 -0.00698933874642549 -0.00459763504474697 -0.134944513455195 -0.00323538326690764 -0.0409736097552913 -0.0491838387408352 -0.0112715631549709
0 0.0585262607781729 0.0396394032260421 0.262111481131392 0.0323635892711813 -0.689438493115602 -0.245868817175694 0.00830298971537413
0 -0.00433259440381129 -0.00644839557948673 -0.0430176092591661 -0.0038141904281157 -0.0201222398537535 -0.0502065592196406 -0.00374921157775665
0 -0.00237824939982989 -0.00249396142615943 -0.010819316306812 -0.00203776267454003 -0.0247797105770253 -0.0143594442668609 -0.00108446539664975
0 0.0575541623295486 0.0372340878530633 0.328451538794753 0.0298345212143278 -0.442133840049374 0.199691700235358 0.00268266175370613
0 -0.0060581864576319 -0.00740417496071144 -0.113227913989658 -0.00457037580099673 -0.0529651775999223 -0.103592081439532 -0.00380122889961765
0 0.0175753492214135 0.0243539266458401 0.0157263332625481 0.0172462657236614 0.0149261748115461 0.04402630018786 0.0179756557720934
0 -0.00268317971989429 -0.00266920439211882 -0.0162175030984311 -0.00217208330618535 -0.0358399693429381 -0.0207404697529538 -0.00171840934305578
