0 0.0174821039037578 0.0198083423620954 -0.00444172633983619 0.0171297574177243 0.0104671712357898 0.0121468424968043 -0.0041470700934485
0 0.00456909254884463 0.00511650860356783 -0.00223096027852421 0.00448486082092225 -6.77434022535728e-05 0.00211501128649783 -0.00136918156130905
0 -0.00188741312861174 -0.00222940827569529 -0.000974047983445026 -0.00183758747747831 -0.00489385518900187 -0.0027272984283746 4.68649855647207e-05
0 -0.00351283605023545 -0.00315195091306464 -0.0300641168045397 -0.00254295712011388 -0.0643457008504544 -0.0370409019487705 -0.00340123605736986
0 0.0399689241126358 0.0357775793731729 0.0476746198906763 0.0314125667752205 0.0111248792606404 0.0377732608838546 0.0569027647100069
0 0 0 0 0 0 0 0
0 -0.00660420495038716 -0.00497351927431655 -0.0747830346686125 -0.0039456405812226 -0.15662427156917 -0.0885408436129409 -0.009448024833143
0 0.0620497079721081 0.0551828986400213 0.0780943676761385 0.0481460205759472 0.0166430191839706 0.0591095003515369 0.0912647042528305
0 -0.0128736342909996 -0.0122008851998152 -0.0773827202800015 -0.0101740359068456 -0.164520408625048 -0.0963169118596179 -0.00913194984519761
0 0.0161564715325784 0.0154262611889919 -0.0605283803230314 0.0139711220191634 -0.0161010738434517 -0.0097962504446496 0.0230442154546542
0 -0.00365779254348153 -0.00613879507698822 -0.00799528591178689 -0.00355527250057275 -0.00436497261419122 -0.0239054671646746 -0.00379137723857204
0 0.078156608836113 0.0504698428749473 -0.311475866145575 0.0400608810596248 0.247490159865327 -0.0108107931169767 -0.131466124943779
0 -0.00188741312861174 -0.00222940827569529 -0.000974047983445026 -0.00183758747747831 -0.00489385518900187 -0.0027272984283746 4.68649855647207e-05
0 -0.00960526481037638 -0.00866786259010022 -0.36723391921212 -0.00495455615652762 -0.0513234572167534 -0.106647751824796 -0.0202284279469804
0 -0.00188741312861174 -0.00222940827569529 -0.000974047983445026 -0.00183758747747831 -0.00489385518900187 -0.0027272984283746 4.68649855647207e-05
0 -0.00525112474842349 -0.00418190529509754 -0.0559888560085842 -0.0033368394006974 -0.117994342118665 -0.0671750970047125 -0.00678850635353889
0 -0.00458142610797996 -0.00377918107926023 -0.0465744499169687 -0.00302560880219538 -0.0984551244636345 -0.0562965963687665 -0.00552151892841746
0 -0.151828847177762 -0.0985309562620902 1.31270550031944 -0.0779510173534081 1.32508943886693 1.1404228971841 0.498913604170686
0 -0.00188741312861174 -0.00222940827569529 -0.000974047983445026 -0.00183758747747831 -0.00489385518900187 -0.0027272984283746 4.68649855647207e-05
0 -0.0084484068288595 -0.00257511071184124 -0.15899294643342 -0.00144363108216616 -0.323201695282722 -0.17251963336169 -0.0239139983875285
0 0.00695877833896574 0.00910756578442573 0.00371143427922016 0.0068454966115441 0.00523251711616446 0.00996738492004257 0.00709192919737545
0 -0.00449519573196122 0.0025946521529101 -0.321181475708325 0.00172407925188267 -0.174095044049592 -0.24369163540839 0.00665682858555172
0 0.00456909254884463 0.00511650860356783 -0.00223096027852421 0.00448486082092225 -6.77434022535728e-05 0.00211501128649783 -0.00136918156130905
0 -0.00188741312861174 -0.00222940827569529 -0.000974047983445026 -0.00183758747747831 -0.00489385518900187 -0.0027272984283746 4.68649855647207e-05
0 -0.00188741312861174 -0.00222940827569529 -0.000974047983445026 -0.00183758747747831 -0.00489385518900187 -0.0027272984283746 4.68649855647207e-05
0 -0.00406975931294751 -0.00347835770297422 -0.0388313324329612 -0.00279405690720091 -0.082451041027837 -0.0472946111681418 -0.00451126642031241
0 0.011025598226301 0.0124624254828318 -0.00338802646278236 0.0108073091193233 0.00505009516520127 0.00707210764980459 -0.00276712138423019
0 -0.00188741312861174 -0.00222940827569529 -0.000974047983445026 -0.00183758747747831 -0.00489385518900187 -0.0027272984283746 4.68649855647207e-05
0 -0.00419264360630933 -0.00303305916052432 -0.0122565069156884 -0.00205434082623235 9.07674208181497e-05 -0.00467763802045296 -0.0118210285574269
0 -0.00939071239780809 -0.00661817350573424 -0.10918164755265 -0.00521245161087025 -0.226378242482346 -0.126292915014568 -0.0147634049109207
0 -0.00188741312861174 -0.00222940827569529 -0.000974047983445026 -0.00183758747747831 -0.00489385518900187 -0.0027272984283746 4.68649855647207e-05
0 -0.00188741312861174 -0.00222940827569529 -0.000974047983445026 -0.00183758747747831 -0.00489385518900187 -0.0027272984283746 4.68649855647207e-05
0 0.0865991138648843 0.0623147934109713 -0.286785970524333 0.0504564700733905 0.264655664478312 0.00678570424289937 -0.12668096892315
0 0.0175753492214135 0.0243539266458401 0.0157263332625481 0.0172462657236614 0.0149261748115461 0.04402630018786 0.0179756557720934
0 -0.0148926374764482 -0.00644423585104237 -0.217099576266097 -0.0044330671080286 -0.427873274365616 -0.225184438324329 -0.034874160099077
0 -0.132099619581613 -0.079544238739083 1.25313675258628 -0.0619276103947906 1.26226095158756 1.09347648088852 0.462437936197865
0 -0.0143206371553557 -0.00953836824759291 -0.161443451923176 -0.00746329478825825 -0.32764612136347 -0.179362826094687 -0.0238323264573501
0 -0.00275295761151506 -0.00270954340887153 -0.0174252064193485 -0.00220303673453959 -0.0383195802360068 -0.0221664093114811 -0.00186188210092153
0 -0.011171769231757 -0.00768315352979254 -0.128675545576179 -0.00603471101837094 -0.265044833799306 -0.146736553411097 -0.018025971323762
0 0.0164248551468464 0.0184538329481105 -0.279967072841215 0.0136728062641405 -0.241268758199723 -0.210985209787641 0.0106749135210791
0 -0.01289250852702 -0.011408792518337 -0.295914508785455 -0.00768829315360042 -0.161449078747385 -0.248440535549292 -0.00420980073065902
0 -0.00594048560251448 -0.00458096366622662 -0.0659060572556731 -0.00364315061009446 -0.138366654505261 -0.0784995291561073 -0.008170103639495
0 -0.0176093420351475 -0.011524023090645 -0.191697228685467 -0.00899901883571719 -0.383098265337607 -0.207508274615888 -0.0295032622439422
0 -0.00188741312861174 -0.00222940827569529 -0.000974047983445026 -0.00183758747747831 -0.00489385518900187 -0.0027272984283746 4.68649855647207e-05
0 -0.0154012299814767 -0.0102436873761138 -0.169903683613505 -0.00801602211840269 -0.343791355460786 -0.187357514621751 -0.0254360972875767
0 -0.00418433365952664 -0.0035456526873956 -0.0405898407444392 -0.00284584630301898 -0.0860851416128909 -0.0493437585597616 -0.00473821236953276
0 -0.0574044950167947 -0.0285869239648191 0.40478506335874 -0.0234640134486401 0.726955580445091 0.407243295895263 0.011616762997674
0 0.011025598226301 0.0124624254828318 -0.00338802646278236 0.0108073091193233 0.00505009516520127 0.00707210764980459 -0.00276712138423019
0 0 0 0 0 0 0 0
0 -0.0123733597805349 -0.0083991231149354 -0.141249206825711 -0.00658717831364042 -0.289473450580805 -0.159511759368532 -0.0202143233878922
0 0.00506990877156888 0.00813265342026437 -0.076036583247459 0.00605587510051331 -0.0285814660013348 -0.0496560426123871 0.0071298123958341
0 -0.0860188481658817 -0.0529818832318334 0.69660604739963 -0.0414094233821487 0.626631613733425 0.584664549602241 0.214685737252502
0 0.00609584983848244 0.0109778563491858 0.0651417649636032 0.00990278132827882 0.0488040669450776 0.0564450956427915 0.0155219842715049
0 -0.0934292359344395 -0.0578523142925356 0.838823912594475 -0.0452896967088474 0.798988464257244 0.709380337540192 0.27182583869922
0 -0.0126679445504694 -0.00856649086008199 -0.14455199007601 -0.00671516028008412 -0.295747386186717 -0.1628181890076 -0.0207935086250544
0 -0.0167985470186207 -0.0227207643727363 -0.136160137544486 -0.0150226916504574 -0.0714198146170864 -0.146884075587698 -0.0147209815892566
0 -0.00538818984785649 -0.00425474959126015 -0.0582499033947022 -0.00339184284744976 -0.122576828092614 -0.0697572719145994 -0.00709927602872007
0 0.0659023177399725 0.0420859893509284 -0.307956928886528 0.0333432067189694 0.16157707497475 -0.0525765452574305 -0.117375911806802
0 -0.00188741312861174 -0.00222940827569529 -0.000974047983445026 -0.00183758747747831 -0.00489385518900187 -0.0027272984283746 4.68649855647207e-05
0 -0.0089271040172032 -0.00636104922788672 -0.103150547648804 -0.00501671296680284 -0.214452506705725 -0.119831447670873 -0.0137961993809927
0 -0.00188741312861174 -0.00222940827569529 -0.000974047983445026 -0.00183758747747831 -0.00489385518900187 -0.0027272984283746 4.68649855647207e-05
0 -0.00188741312861174 -0.00222940827569529 -0.000974047983445026 -0.00183758747747831 -0.00489385518900187 -0.0027272984283746 4.68649855647207e-05
0 -0.0117455477083301 -0.00802558261309771 -0.134713794779147 -0.00629902938028337 -0.276835073690813 -0.152911874255989 -0.0190696442463265
0 -0.00419264360630933 -0.00303305916052432 -0.0122565069156884 -0.00205434082623235 9.07674208181497e-05 -0.00467763802045296 -0.0118210285574269
0 -0.0045900773305414 -0.00322102146414238 -0.0380581281978722 -0.00218691437300311 -0.00778797696113998 -0.0139318598337335 -0.0115571480390364
0 -0.00188741312861174 -0.00222940827569529 -0.000974047983445026 -0.00183758747747831 -0.00489385518900187 -0.0027272984283746 4.68649855647207e-05
0 -0.0901522416001228 -0.0587608100036974 0.538702667497631 -0.0463267035921859 0.930174288625459 0.67177912161408 -0.0233132048565636
0 -0.129233903334374 -0.0763477842765639 0.840274204326944 -0.0604944304020663 1.19189106748885 0.813426652814783 0.00944774903102363
0 -0.0544279715502949 -0.0294305628603624 0.277934503204811 -0.023560951002688 0.57225328711538 0.287866733617735 0.00737660633547854
0 -0.00526797919632216 0.00211673801432832 -0.334053531891751 0.00135833856842993 -0.184892672253 -0.254252172206952 0.00658660549608525
0 0.0061463160352524 0.00872935158151522 -0.0327913347120381 0.00652908108066752 -0.00959530491849092 -0.017107250791176 0.00715518581157459
0 -0.00704913324102074 -0.00523900938083566 -0.0804848140992216 -0.00415052159910312 -0.168328969382626 -0.0949343633392123 -0.0102897025408644
0 -0.0114047498600143 -0.00780684344984994 -0.131674731888839 -0.00612804582831528 -0.270774100167837 -0.149815309609489 -0.0185339521312611
0 -0.0171642230291527 -0.0112420737283401 -0.188121205768343 -0.00877915245386829 -0.376597318924533 -0.204296310663449 -0.0288114898393483
0 -0.0491352869685802 -0.0232557119440493 0.545557803622059 -0.0158144221625767 0.90535475858866 0.678703079445017 0.0371043394334354
0 -0.00188741312861174 -0.00222940827569529 -0.000974047983445026 -0.00183758747747831 -0.00489385518900187 -0.0027272984283746 4.68649855647207e-05
0 -0.00924190377628342 -0.00652579954833188 -0.107615667229162 -0.00514066030821292 -0.223201657291763 -0.124616441016099 -0.0145074934594369
0 -0.00763263550279136 -0.00208859329382971 -0.151276188022354 -0.00106807495528871 -0.308470226887369 -0.165003126010697 -0.0225229082919132
0 -0.0622362723402876 -0.0355120304235417 0.643829178785747 -0.0272712644920947 0.596371841615192 0.532872589159544 0.196056798572982
0 -0.00188741312861174 -0.00222940827569529 -0.000974047983445026 -0.00183758747747831 -0.00489385518900187 -0.0027272984283746 4.68649855647207e-05
0 0.0396433471234992 0.03564045680936 0.03056724526401 0.0313218226228131 0.00852405797414546 0.033077217382544 0.0572427459177507
0 -0.0107422562674317 -0.00742892738870138 -0.123985155417619 -0.0058388103924325 -0.2558522708191 -0.141886760634141 -0.0172273788995803
0 -0.187394569225408 -0.11707870541948 1.88775015046162 -0.0919511861336169 1.99971849696438 1.66147395128426 0.855477776940905
0 -0.0177120324102806 -0.01160676702938 -0.191953869696632 -0.00906587417725691 -0.383686873427967 -0.207701629902219 -0.0295705594027202
0 -0.0868592481909491 -0.0528555896558629 0.911075797932057 -0.0412383744893319 0.902681346517733 0.768731173883399 0.304043789874953
0 -0.00558619210486633 -0.000868806391361332 -0.131170175184002 -0.000126568379989145 -0.269252497914347 -0.144801924605539 -0.019003273376986
0 0.109427420767348 0.0661880212114685 1.14004128041901 0.0535177348016109 -0.281081173069397 0.888508047627257 -0.000862547421764503
0 0.0570795304488527 0.0402113655774912 -0.278547382509754 0.0324637794551021 0.0651032290210525 -0.0849770856466963 -0.0948779880076023
0 -0.006352550027513 -0.0069752837582655 -0.0317433474172999 -0.00362023763154484 -0.00192016547864782 -0.0276165218435365 -0.0210402097899069
0 -0.00427107986142827 -0.00641572614673125 -0.0402116115339872 -0.00378802220471597 -0.0188650192198865 -0.0480945546398095 -0.00374869612453388
0 -0.00188741312861174 -0.00222940827569529 -0.000974047983445026 -0.00183758747747831 -0.00489385518900187 -0.0027272984283746 4.68649855647207e-05
0 -0.00188741312861174 -0.00222940827569529 -0.000974047983445026 -0.00183758747747831 -0.00489385518900187 -0.0027272984283746 4.68649855647207e-05
0 -0.0174353540766852 -0.0114626070814485 -0.188762291767206 -0.00895750683690721 -0.378106311162999 -0.204782508793363 -0.0289818634924597
0 0 0 0 0 0 0 0
0 0.00456909254884463 0.00511650860356783 -0.00223096027852421 0.00448486082092225 -6.77434022535728e-05 0.00211501128649783 -0.00136918156130905
0 -0.0104544445784538 -0.00377203962874839 -0.177394417200789 -0.0023676372351793 -0.357594267208437 -0.189926106546157 -0.0273048755132863
0 0.0196549995143092 0.0202916118515786 -0.0208617026724895 0.0171538264717457 0.0102555527414565 0.0124573751802601 0.0238844345429809
0 0.000372785285928767 0.00267370911513121 -0.0632770234010573 0.00260667457035346 -0.12981417427673 -0.0705140470572281 -0.0085457797152686
0 0 0 0 0 0 0 0
0 -0.00188741312861174 -0.00222940827569529 -0.000974047983445026 -0.00183758747747831 -0.00489385518900187 -0.0027272984283746 4.68649855647207e-05
0 -0.0014187360744784 0.0050993719430199 -0.146628319535829 0.00512807399157866 -0.299325092994752 -0.155959439299625 -0.0222136008367766
0 0.122574164439206 0.0874862103858778 0.795525981077319 0.0678826333356222 -0.506190718063138 0.643267227796591 0.0154811146476002
0 0 0 0 0 0 0 0
0 -0.00374620324663022 -0.00267296693093044 -0.0105310804671341 -0.00175474652344398 -3.75415731257434e-06 -0.0046643410913223 -0.011267511346515
0 -0.0133144098172031 -0.00895926748341935 -0.150818549983293 -0.00701930555360475 -0.307772923936609 -0.169015208684729 -0.021918661549289
0 -0.00365779254348153 -0.00613879507698822 -0.00799528591178689 -0.00355527250057275 -0.00436497261419122 -0.0239054671646746 -0.00379137723857204
0 -0.00820040522740983 -0.00946426881894924 -0.000227988244198674 -0.00807035602354267 -0.00944259770743194 -0.00778564487596967 0.00129952594301663
0 -0.0075264826526884 -0.00491091321769144 -0.152939230181982 -0.00347522423379143 -0.0480927301494249 -0.0560282368224789 -0.0112372745618377
0 -0.00388446545366605 -0.00621785576741996 -0.021723516676917 -0.00362774804182386 -0.0106409409935595 -0.0342163603618935 -0.00375264841050393
0 -0.00188741312861174 -0.00222940827569529 -0.000974047983445026 -0.00183758747747831 -0.00489385518900187 -0.0027272984283746 4.68649855647207e-05
0 -0.0106403736344238 -0.00389924034708766 -0.17985742192998 -0.00246755463446746 -0.361647579784576 -0.192125003860697 -0.0277848371795182
0 0.00456909254884463 0.00511650860356783 -0.00223096027852421 0.00448486082092225 -6.77434022535728e-05 0.00211501128649783 -0.00136918156130905
0 0.00456909254884463 0.00511650860356783 -0.00223096027852421 0.00448486082092225 -6.77434022535728e-05 0.00211501128649783 -0.00136918156130905
0 -0.00829697389661144 -0.00535158595870477 -0.178279096579958 -0.00381023738281661 -0.0588135538488954 -0.0659385971091084 -0.0111430666680512
0 -0.0115962848403743 -0.00987994887306609 -0.505331039936535 -0.00588849803848079 -0.0749622345527436 -0.137569400281959 -0.0203723300004501
0 -0.00428220326825146 -0.00305635980275731 -0.0216385044236413 -0.00206442507803306 -0.00280372429305054 -0.00811041689975989 -0.0116637357450178
0 -0.00365779254348153 -0.00613879507698822 -0.00799528591178689 -0.00355527250057275 -0.00436497261419122 -0.0239054671646746 -0.00379137723857204
0 -0.0713857444555472 -0.044010909595035 0.677836738039803 -0.0344109620627098 0.63140479527547 0.559909805358302 0.209851489337059
0 -0.00392675564005174 -0.00339442680801305 -0.0366155833631177 -0.00272947346459018 -0.0778729225837549 -0.0447089196147386 -0.00422737158734909
0 -0.00188741312861174 -0.00222940827569529 -0.000974047983445026 -0.00183758747747831 -0.00489385518900187 -0.0027272984283746 4.68649855647207e-05
0 -0.00188741312861174 -0.00222940827569529 -0.000974047983445026 -0.00183758747747831 -0.00489385518900187 -0.0027272984283746 4.68649855647207e-05
0 -0.0158439181071879 -0.0104660666881795 -0.17542785098101 -0.00818189651569545 -0.353662983735134 -0.192587800186909 -0.0264336020361604
0 -0.00689835438069952 -0.00454466162912759 -0.131790017244948 -0.00319484953926397 -0.0397621062826015 -0.0479959995089354 -0.0112779035594643
0 0 0 0 0 0 0 0
0 -0.0104165630267676 -0.00724947421667421 -0.11993913679513 -0.00570233990755309 -0.247990541082398 -0.137672466840594 -0.0165512325719437
0 -0.0294880133566782 -0.0148165125450799 0.335477876047456 -0.0109659541890759 0.275987753226023 0.2635052454464 0.0938679978399151
0 0.130132157699928 0.0870607765236677 -0.317813172775248 0.0695445740574883 0.519335979591127 0.143991580582853 -0.172926547953611
0 -0.00267423521473509 -0.00493096791857051 -0.00382145765914288 -0.00275147371684881 -0.00692071080546031 -0.0209628271922493 -0.0031181886401952
0 -0.0457508185855495 -0.0167032911270901 0.126847708031683 -0.0147873530989315 0.388772972548146 0.180149046162036 0.0153201028082854
0 -0.00188741312861174 -0.00222940827569529 -0.000974047983445026 -0.00183758747747831 -0.00489385518900187 -0.0027272984283746 4.68649855647207e-05
0 -0.116607060863537 -0.0742819597494933 0.917255209918478 -0.058235497029397 1.36980049312037 1.0170103326221 -0.0160814541481749
0 -0.0133418085803885 -0.00897968619553646 -0.15096847839713 -0.00703560571488193 -0.308085203540487 -0.169161186093352 -0.0219478553996479
0 0.00695877833896574 0.00910756578442573 0.00371143427922016 0.0068454966115441 0.00523251711616446 0.00996738492004257 0.00709192919737545
0 -0.00180353590493221 -0.00215071723563787 -0.00090310902566193 -0.00177287610726573 -0.00438051145686513 -0.00257517591461109 4.42922257488654e-05
0 -0.00188741312861174 -0.00222940827569529 -0.000974047983445026 -0.00183758747747831 -0.00489385518900187 -0.0027272984283746 4.68649855647207e-05
0 -0.00956254529407419 -0.00941292924710879 -0.222242875944455 -0.00614413572059602 -0.11222544248663 -0.188945304873105 -0.0039692892947425
0 0.00519856699055232 0.00858740347662934 -0.0718718122910396 0.00631878131374419 -0.0243022854161459 -0.046364726949252 0.00756038341254239
0 0.107945455143087 0.0723420460001041 -0.494896677614438 0.0578224878411167 0.203764177164212 -0.0922040824460924 -0.159581709656776
0 -0.00589765263051589 -0.00455633075591688 -0.0653068096850427 -0.00362424328686695 -0.137132916195199 -0.0778187907268206 -0.00808518964167471
0 -0.00442227418029306 -0.00368553307979935 -0.0441958757088843 -0.00295351439668057 -0.0935385122518153 -0.0535371902771691 -0.00520815606441705
0 0.0175753492214135 0.0243539266458401 0.0157263332625481 0.0172462657236614 0.0149261748115461 0.04402630018786 0.0179756557720934
0 -0.0029684712709388 -0.0028345148469513 -0.0211004112446322 -0.00229898606417089 -0.045874586085934 -0.026501294414667 -0.00230230092799744
0 0.0175753492214135 0.0243539266458401 0.0157263332625481 0.0172462657236614 0.0149261748115461 0.04402630018786 0.0179756557720934
0 -0.00365779254348153 -0.00613879507698822 -0.00799528591178689 -0.00355527250057275 -0.00436497261419122 -0.0239054671646746 -0.00379137723857204
0 -0.00188741312861174 -0.00222940827569529 -0.000974047983445026 -0.00183758747747831 -0.00489385518900187 -0.0027272984283746 4.68649855647207e-05
0 -0.00688480736484376 -0.00513006742476341 -0.0788229880356464 -0.00406492808550718 -0.164798693774982 -0.0930624991380626 -0.0100408163655774
0 -0.00188741312861174 -0.00222940827569529 -0.000974047983445026 -0.00183758747747831 -0.00489385518900187 -0.0027272984283746 4.68649855647207e-05
0 -0.00928896086002728 -0.0100978178463751 -0.0216543230978585 -0.00855686431576652 -0.0519295707377792 -0.0326879760384045 -0.00138669420345394
0 -0.0162621602444935 -0.010060644579676 -0.347066624746494 -0.00743092786006327 -0.160454780442709 -0.142089739832444 -0.0109986465265455
0 0.0175753492214135 0.0243539266458401 0.0157263332625481 0.0172462657236614 0.0149261748115461 0.04402630018786 0.0179756557720934
0 -0.0025885807274193 -0.00261463631378245 -0.014564964287398 -0.00213022868521717 -0.0324498209888215 -0.0187882555975953 -0.0015230777173838
0 0.017888140253163 0.0163722601063241 0.0175596727763079 0.0146791129744943 0.00560747222398961 0.0165115627561745 0.0225408536716629
0 0.000737258835793675 0.00287780198590859 -0.0591227962770029 0.00276284555103379 -0.120566545417946 -0.0655335376035553 -0.00803806314829814
0 -0.00188741312861174 -0.00222940827569529 -0.000974047983445026 -0.00183758747747831 -0.00489385518900187 -0.0027272984283746 4.68649855647207e-05
0 -0.219690884873245 -0.141428374747207 1.89761724535189 -0.111656849053841 2.49201184438034 1.91413418964447 -0.030429533262911
0 -0.0128875163396045 -0.00806407086619254 -0.288580735948557 -0.00589557522857964 -0.117501657677067 -0.113012107948006 -0.0110490052708654
0 -0.00188741312861174 -0.00222940827569529 -0.000974047983445026 -0.00183758747747831 -0.00489385518900187 -0.0027272984283746 4.68649855647207e-05
0 0.00589042072370605 0.00858960718571078 -0.0434719208867449 0.00641772047339195 -0.0141710042231824 -0.0251072330574815 0.00715147480774281
0 -0.00365779254348153 -0.00613879507698822 -0.00799528591178689 -0.00355527250057275 -0.00436497261419122 -0.0239054671646746 -0.00379137723857204
0 -0.00188741312861174 -0.00222940827569529 -0.000974047983445026 -0.00183758747747831 -0.00489385518900187 -0.0027272984283746 4.68649855647207e-05
0 -0.00188741312861174 -0.00222940827569529 -0.000974047983445026 -0.00183758747747831 -0.00489385518900187 -0.0027272984283746 4.68649855647207e-05
0 -0.0138378754060184 -0.00927096067909261 -0.156035058361714 -0.00725977859876181 -0.31764246038558 -0.174115556019264 -0.0228608506493972
0 0.017888140253163 0.0163722601063241 0.0175596727763079 0.0146791129744943 0.00560747222398961 0.0165115627561745 0.0225408536716629
0 -0.00188741312861174 -0.00222940827569529 -0.000974047983445026 -0.00183758747747831 -0.00489385518900187 -0.0027272984283746 4.68649855647207e-05
0 0.0184342462776659 0.0122793719843619 -0.453773637108305 0.00991493692868683 -0.570935372288991 -0.409119671609422 -0.0765403463732737
0 0.0871073191558462 0.0539629504276569 -1.00499163088082 0.0425091313395267 -0.59258639197888 -0.666209551566602 -0.160915494274729
0 0.140381792466962 0.0968624244046739 -0.318176431814769 0.0778163385540909 0.545501484756886 0.159570108965062 -0.175248796145645
0 -0.0160489621293944 -0.0105882724426021 -0.177363196654519 -0.00827619480639941 -0.357199619143859 -0.194389969382572 -0.0267954477026193
0 -0.17035912012709 -0.10612115258583 1.3652493522034 -0.0827450325757741 1.84514208797801 1.44360436837424 -0.00632588418841173
0 -0.0146149350398455 -0.00977438954544629 -0.162338233627946 -0.00765382179972107 -0.329759250240665 -0.180165552844763 -0.0240394012426206
0 0.149997703742667 0.109105427614554 1.65027058020652 0.0869137921482777 -1.71302719136854 0.300774444018336 0.0533106526722067
0 -0.0133884729153921 -0.00900336321149009 -0.151561013900848 -0.00705332502519651 -0.309182264870397 -0.169744588407577 -0.0220522208619083
0 0.116726215839932 0.0752297573516296 -0.314983416790801 0.059665108984051 0.479467853388214 0.120353840568508 -0.168108349427381
0 0.408723662052076 0.26138220339033 7.34543261365543 0.206683440247261 7.89062226737591 7.26401905823255 -0.203148815176483
0 0.0953260154219269 0.0718558556319309 -0.0958578175175653 0.057741498024221 -1.20461873660948 -0.583292789623812 0.0398950254572732
0 -0.00778670574644869 -0.00567400693423181 -0.0898246279541826 -0.00448556657691546 -0.187376805258892 -0.105292952723051 -0.0117026900869406
0 -0.0143500175413078 -0.00889776955445321 -0.318264596058561 -0.00652894704692519 -0.138006826041795 -0.127438715119016 -0.0108486524314721
0 -0.00976207057444833 -0.0068464115172131 -0.113119986304843 -0.00538955305100774 -0.234325367026926 -0.13048559201638 -0.0154117199242849
0 -0.0151589307585738 -0.010089631950879 -0.167885729079353 -0.00789582572109504 -0.340000159496924 -0.185460189555562 -0.0250552747674564
0 -0.011328847879613 -0.00776132712676736 -0.130880416737724 -0.00609288503854533 -0.269220425122991 -0.149001824514128 -0.0183968050782042
0 -0.0175544180752687 -0.010792131647098 -0.368432784875788 -0.00798521115378259 -0.178869297780245 -0.15376174623946 -0.0107949171764736
0 -0.00365779254348153 -0.00613879507698822 -0.00799528591178689 -0.00355527250057275 -0.00436497261419122 -0.0239054671646746 -0.00379137723857204
0 0.017888140253163 0.0163722601063241 0.0175596727763079 0.0146791129744943 0.00560747222398961 0.0165115627561745 0.0225408536716629
0 0.116811632452607 0.077015747289332 0.731542825024158 0.0619503558284942 -1.60076119633561 -0.23849996229307 0.0117642363019597
0 -0.114926145384993 -0.0646829352659566 1.1075877172587 -0.0484055137666228 1.53610762523736 1.20671317480632 0.035012934951153
0 0.0960953719574391 0.0587617807647014 -0.317878813808901 0.0461145162678145 0.390654364782087 0.0663585493286103 -0.156501812671292
0 0.00456909254884463 0.00511650860356783 -0.00223096027852421 0.00448486082092225 -6.77434022535728e-05 0.00211501128649783 -0.00136918156130905
0 0.0174821039037578 0.0198083423620954 -0.00444172633983619 0.0171297574177243 0.0104671712357898 0.0121468424968043 -0.0041470700934485
0 -0.0049716202365051 -0.00400902969991845 -0.0522983383035087 -0.00320259187178396 -0.110284732276202 -0.0629138998806025 -0.00628674527160511
0 -0.0591182340180509 -0.0372328850084109 0.36883550362619 -0.0291988672313259 0.254459468576419 0.287785219378093 0.105322621805496
0 -0.0091988681287769 -0.00645896979063121 -0.108603036733692 -0.00508339044719808 -0.22478005382291 -0.125650548086615 -0.0146522709504731
0 -0.0137236181938092 -0.00922183421513578 -0.154297967411402 -0.00722446500703366 -0.314501764410005 -0.17241176076011 -0.0225580856262551
0 -0.170058377197197 -0.10649313202833 1.68383589353026 -0.083666885269114 1.76538534357202 1.4758954279759 0.718942511102334
0 -0.0084187074815274 -0.00607886021876114 -0.0964023739942119 -0.00480185997459515 -0.201031892277529 -0.112529011199875 -0.012732376095407
0 0.0175753492214135 0.0243539266458401 0.0157263332625481 0.0172462657236614 0.0149261748115461 0.04402630018786 0.0179756557720934
0 -0.00875347524950909 -0.00624034926491124 -0.101763960489336 -0.0049211705049621 -0.21147898892401 -0.118322442625547 -0.0135685740780653
0 0.117239699457402 0.0755601838556892 -0.315934943324166 0.0599269551107833 0.48102229767934 0.121124901345353 -0.168490521159155
0 -0.0176073895819391 -0.0114997340561391 -0.192408699150409 -0.00897706114729058 -0.384229344871631 -0.208189744509799 -0.0296188358379457
0 0.132271021351949 0.0822445810654981 0.590570265438275 0.0660380826528693 -0.73711375849589 0.484369858062406 0.00146738281918068
0 -0.103635036406592 -0.0655269064136803 0.562750420955977 -0.0511891731596208 0.933009465292036 0.712216512993566 -0.0147458684735611
0 -0.0128233109625611 -0.00865180784590391 -0.146375476625776 -0.0067799815175964 -0.299180052174034 -0.164635393206652 -0.0211133252027791
0 0.116897436854106 0.075339935508925 -0.315296078403254 0.059752418844675 0.479992142151783 0.120615406097582 -0.168236065343219
0 -0.00813710569164128 -0.00588179465777694 -0.0941114516420427 -0.00464575697840619 -0.196086294978149 -0.110001024829657 -0.012365686565615
0 -0.0722956048968584 -0.0451378888190455 0.68032445574377 -0.0353901130456835 0.634753492546159 0.561223833461903 0.211103718839706
0 -0.010229048259085 -0.00364017689248364 -0.175653320850086 -0.00226583825822546 -0.354232163392621 -0.188280034956184 -0.0269870810778565
0 -0.00742712511781152 -0.00485290130344262 -0.149689116580647 -0.00343079593279016 -0.0467798071662786 -0.0547830664696427 -0.011243246018672
0 -0.111417225780597 -0.0654741275984936 0.970662856767404 -0.0521109897373861 1.38841410993513 0.907421238711047 0.0122945305151383
0 -0.372400221616772 -0.227660665760084 3.95916292817068 -0.176854299152083 4.80028532755099 3.79933303622062 0.0460237982267628
0 0.105571525435393 0.0744759505942758 -0.274538957786334 0.0600801723613893 0.409396705599459 0.0872445784100631 -0.147381322745426
0 -0.0217215764322396 -0.014004070601386 -0.227545096887176 -0.0109167510361612 -0.445587410508179 -0.238710538970291 -0.036413112516378
0 0.00714571970838573 0.0130872912371864 -0.837493499644526 0.0115464095920808 -0.144652004412866 -0.177480707867829 0.0245768534849957
0 -0.0054745661334179 -0.00371624524368963 -0.0784926231254541 -0.00256082859487616 -0.0207520172709117 -0.0284091697174533 -0.0113860748483141
0 -0.00419264360630933 -0.00303305916052432 -0.0122565069156884 -0.00205434082623235 9.07674208181497e-05 -0.00467763802045296 -0.0118210285574269
0 0.235383797642438 0.150348849093167 1.8092947185818 0.118935414742221 2.75309276525562 2.23487131628184 -0.202528613453545
0 -0.0107449446890664 -0.0074168835011581 -0.124503247126219 -0.00582759530297672 -0.256741964502677 -0.142424057296465 -0.0173081356764579
0 0.0806964295486967 0.0548808737236524 -0.784972507133611 0.0447068583002928 -1.34478482518564 -0.868628820773246 0.0132366865128297
0 -0.00188741312861174 -0.00222940827569529 -0.000974047983445026 -0.00183758747747831 -0.00489385518900187 -0.0027272984283746 4.68649855647207e-05
0 0.0879716704120792 0.0560911342414618 -0.59517134942476 0.0444194329791925 -0.029185021434615 -0.247337700042534 -0.149823205374574
0 0.100117302257736 0.0625503293468714 0.494014494284516 0.0502573052676087 -0.68574815019501 0.357065348890202 0.00142877733339386
0 0.000680928125040392 0.00285622032404831 -0.0592251760206097 0.00274741308158744 -0.12127871555498 -0.0658360283286887 -0.00799952218995958
0 -0.0146000033292402 -0.00973365274814153 -0.163233110336249 -0.00761796107530355 -0.331195455772874 -0.181053857884932 -0.0241806597901379
0 -0.00188741312861174 -0.00222940827569529 -0.000974047983445026 -0.00183758747747831 -0.00489385518900187 -0.0027272984283746 4.68649855647207e-05
0 -0.00910492365343707 -0.00644824546581946 -0.105893913652702 -0.0050813849222342 -0.219784259917819 -0.122772345512949 -0.0142305326517058
0 -0.0252808038817727 -0.0187876642083915 -0.46335521268265 -0.0134076009773687 -0.327094321897457 -0.38689352041314 -0.00503083035135132
0 -0.689241283471297 -0.435289798298243 7.17198679120035 -0.342893803982072 8.01684448391689 6.4827855868806 5.99810708025848
0 -0.0160657811624714 -0.0132549107854545 -0.351861848306324 -0.00912863010174636 -0.207212204358503 -0.294797502541619 -0.0043814338788879
0 0.264874717656756 0.173208779324796 3.26820088316292 0.137614250990035 4.07252093921831 3.50655410959906 -0.20180500887605
0 0.0292819243056419 0.0196127546952019 -0.539757627551415 0.0161845866531269 -0.647385930595936 -0.465251031894842 -0.00396045979038284
0 -0.0171870555655476 -0.011258357947725 -0.188252981201826 -0.0087920779109476 -0.376848479499136 -0.204412684641733 -0.0288383764524909
0 -0.00463043614346725 -0.00382313780758992 -0.0466785072644478 -0.00306154149768245 -0.0988371520779698 -0.0564437342896622 -0.00553430615245976
0 -0.0128933431192357 -0.0107152948199087 -0.577950052850011 -0.00652820837237877 -0.0886219403107606 -0.153589688366209 -0.0206270179099701
0 0.337697902690941 0.21794755235446 6.70430067093951 0.173325237667179 -0.20158543379398 4.93158564931431 0.0256579880343146
0 -0.009677493494892 -0.00680300268901712 -0.111929877763381 -0.00535700620576351 -0.232011974835346 -0.129226232835885 -0.0152185288981221
0 -0.0117498621272021 -0.00805378284751646 -0.133899033660728 -0.00632431686483992 -0.275466237294604 -0.152079853609562 -0.0189417728861652
0 -0.011522701665664 -0.00796456627531228 -0.12992222580781 -0.00626188173809439 -0.268121140265493 -0.148013606580758 -0.0182784152799012
0 -0.121353668839218 -0.077197009857656 0.924459874103793 -0.0605080834258764 1.37238611951098 1.0275382116819 -0.016157671040343
0 0.237373473748455 0.152025582865505 2.30987902777907 0.120309132368927 3.19183288841555 2.65550091670977 -0.201638113117756
0 0.376804645860215 0.243511993871333 6.21010167565805 0.192975562329149 6.84123170649264 6.23166774646971 -0.203604769199462
0 -0.143995758560498 -0.0864338568237244 1.29670216668784 -0.0685553461953727 1.76022531823611 1.20706164431151 0.0161357352129468
0 0.0317787190623147 0.0273058341895664 -0.132575214986815 0.0227889859034498 -0.0294056736063899 -0.0617315747156155 -0.0402874820351276
0 0.011025598226301 0.0124624254828318 -0.00338802646278236 0.0108073091193233 0.00505009516520127 0.00707210764980459 -0.00276712138423019
0 0.0840732062012961 0.0568486880932557 0.524330385541958 0.0462026741179713 -1.00344596322457 -0.235215319752856 0.0152503733213285
0 0.187947504690317 0.12310820139944 0.0563661725244557 0.097920032931512 1.08846784645178 0.635524018748653 -0.19650067621763
0 0.0546392846381192 0.0401472090087349 -0.356997510021335 0.0335532001804051 -0.657032110261497 -0.418337784354119 0.0252634100039781
0 -0.00749722394139907 -0.00552326334333531 -0.0854427417420385 -0.00437225258065332 -0.178663538285483 -0.100471604369756 -0.011038648648483
0 -0.0179525356573875 -0.011733624599394 -0.194681902686627 -0.00916145092036524 -0.388442364590709 -0.210184786801436 -0.0300750438671966
0 0.299613715894736 0.196181297350194 4.76707567094353 0.155871894448598 5.43765477435371 4.83592481089454 -0.202433329787567
0 -0.016780298133507 -0.0136843001505134 -0.362512681758337 -0.00946053140121839 -0.216877736144609 -0.303649028630417 -0.00443294041872999
0 0.201342804981721 0.130445276604565 2.25588063392638 0.103456337587444 3.06959662135101 2.51860553158657 -0.193127215866692
0 0.0367706863883566 0.0240152293841946 -0.237195493947865 0.0191467133863537 -0.0246464799717572 -0.109171709341203 -0.0716596703354302
0 -0.0069287559353497 -0.00516295784375265 -0.0791226258789739 -0.00409123868976158 -0.1654876593355 -0.0934061616422892 -0.0100863769480535
0 0.0146519601849597 0.0114199781523272 -0.577373116882963 0.0100081933279217 -0.497269413323482 -0.381856094612647 0.00151442793193102
0 0.115697633779515 0.0745679326330597 -0.313200982109882 0.0591406656342972 0.476193859144552 0.11868993705135 -0.167335179909689
0 -0.012347448278418 -0.00839497934042077 -0.140618000202986 -0.00658551561576015 -0.288344436498934 -0.158875757332682 -0.0201091631823682
0 0.130402247462499 0.0835016515527025 -0.351682861796988 0.0661377261037046 0.509571875575671 0.132605902050925 -0.178051715915765
0 -0.00695168322004358 -0.0016888241370614 -0.145133594680984 -0.000759963440832401 -0.296349020985573 -0.158860912124807 -0.0214460809765145
0 0.27543604250571 0.17777600965452 3.56600781145533 0.140875238197548 4.35462273472082 3.78829186258926 -0.203170525081779
0 0.152856054276913 0.0998319596185153 1.18402677638905 0.079032146055801 -0.287130160049593 1.010346610284 0.00796720059165512
0 0.280159112359378 0.186307100301487 4.42937421814637 0.149653089661875 -2.06448794617159 2.85186106003582 0.0532029062506965
0 -0.0538988766388426 -0.0335774958017394 0.307623025701449 -0.0260389792216236 0.602680985929156 0.296915917786691 0.00225366457814502
0 0.0630378317671791 0.0407933082456822 -0.307603042716704 0.032407433820218 0.129661833012429 -0.0676060447799047 -0.112307628701693
0 -0.0707346549813455 -0.0441821738380561 0.452364431992586 -0.034404984059293 0.779915900644337 0.428958878836363 0.00274962872652651
0 -0.0128875163396045 -0.00806407086619254 -0.288580735948557 -0.00589557522857964 -0.117501657677067 -0.113012107948006 -0.0110490052708654
0 0.0464380512958416 0.0299796138517578 -0.818792262468398 0.0238856718211586 -0.879588094721968 -0.692357498261618 -0.124141472953861
0 -0.0145347550715011 -0.00971246653043156 -0.1620204326759 -0.00760407431111743 -0.32906261630791 -0.179874538871288 -0.0239708852517708
0 -0.0161949076521277 -0.0106592662327558 -0.179259242355585 -0.0083287287250271 -0.360545387252965 -0.196172673410253 -0.0271374482220663
0 0.338281396903305 0.220698389237207 6.0811188483717 0.175204157481154 6.65163697447101 6.02454139695418 -0.202999754072657
0 -0.00427221783380949 -0.00362775007210736 -0.0406239614106454 -0.00291330350319097 -0.0865095064835351 -0.0494401160947042 -0.00473947103749017
0 0.0219514735267019 0.0223576221390154 -0.393591324648011 0.0203026845281897 -0.250506045831996 -0.184658927356431 0.0409480079613367
0 -0.16933252202633 -0.109004199339542 1.16477460460932 -0.0859554376263896 1.62508559430784 1.26217656081072 -0.0285325266303822
0 0.00433141744239363 0.00522879211562222 0.00558791873662834 0.00460110537046132 0.00714818930312022 0.00762239730969982 0.000772007364650662
0 0.140462941499483 0.0899561085768719 -0.300330156187125 0.0712470510175169 0.604785317895036 0.208748400567767 -0.183064442412878
0 -0.0111998622254763 -0.00768889803608719 -0.129355846399874 -0.00603761437588313 -0.26627841694321 -0.147436607344503 -0.0181369293057769
0 0.259409531988343 0.183778026334531 4.87217562005244 0.145448109674859 -2.63314338724983 3.05727475553888 0.0800738865183543
0 -0.192623825790273 -0.121597601397527 1.7339724413757 -0.0956710587191676 1.79556517926464 1.53324530611889 0.746883764867539
0 0.148248489158456 0.09465880410528 -0.178100123222942 0.0749204403858386 0.756275657883478 0.339971334406151 -0.186230148450243
0 0.160889288655469 0.114650360515442 0.375831632256871 0.0941965570079777 -1.78852702960662 -0.469441884489432 0.0724857712893954
0 -0.131170289658312 -0.0824362553147209 1.02440566155324 -0.0647460541565446 0.977404070853791 0.890901759156121 0.349032984087682
0 -0.0133613496162641 -0.00897651213432216 -0.151656818591509 -0.0070310958222084 -0.30927523765773 -0.169846973296839 -0.0220619136682574
0 -0.00275295761151506 -0.00270954340887153 -0.0174252064193485 -0.00220303673453959 -0.0383195802360068 -0.0221664093114811 -0.00186188210092153
0 -0.0120283856591032 -0.00820663327383953 -0.137250576278094 -0.00644044552186784 -0.281857839826624 -0.155481826058372 -0.0195189859454112
0 -0.0103159423029515 -0.00652739268892155 -0.234114747121422 -0.00471000565778512 -0.0856606217397098 -0.0888291191637776 -0.0110040583374578
0 0.27995029812754 0.188958510576946 5.19556526959036 0.147673402695938 3.31885256234726 4.63789212924026 0.0242304255776098
0 -0.00990093686513349 -0.00691749551743026 -0.115103647173638 -0.00544275577055897 -0.238160340532336 -0.132581072357605 -0.0157340549989038
0 0.261987039051817 0.175877550283712 4.35875107223318 0.141717684786887 -2.01589127433577 2.73970877960048 0.0601536728180125
0 -0.0119194789912203 -0.0081227085542106 -0.136765743482626 -0.00637304211956602 -0.28075571328244 -0.154996170567056 -0.019423220434188
0 -0.155464277145297 -0.0969623775538171 1.12672271546277 -0.0755985330871418 1.56527896333084 1.2310041371931 -0.00833582441379654
0 -0.224432159768538 -0.141281445429932 2.10492396195736 -0.111120159246452 2.22219578571284 1.87040793161936 1.00741580706967
0 0.0338834260112799 0.0220152171815675 -0.718782385148525 0.0176043739322012 -0.855185857610033 -0.633523376745343 -0.11084106877033
0 0.148391368974936 0.101631341580964 0.992630364624647 0.0825774979609815 -1.78119221384942 -0.0827337566121029 0.0412635360844469
0 -0.120219327231704 -0.074078377519629 0.950723885562604 -0.0579228315058424 0.896271813255159 0.824998145032684 0.31507540284152
0 0.0461291481014139 0.0476362427397334 0.0685113137462641 0.0380033115973406 0.0307152239066681 0.0707104956370621 0.068095802649188
0 0.223202911526721 0.144400783525438 2.68264692650998 0.114486247860455 3.48501498261854 2.92676168522037 -0.197464379012505
0 -0.0105341858596795 -0.00729980636640404 -0.121915122465365 -0.00573844111284805 -0.251715848290598 -0.139732501359295 -0.0168745196976214
0 -0.0433647285955567 -0.0235907925831782 0.466943645552181 -0.0178803368824791 0.408749354557694 0.376144097001587 0.135179821186288
0 0.111348271575945 0.071263652915535 -0.381828346563753 0.0564462596827742 0.382661109587264 0.044033721595083 -0.165682573436467
0 0.0804368595091907 0.0551492891647873 -0.299579923348348 0.0442753248255281 0.240728697154837 -0.00995613131868645 -0.126755403076865
0 -0.012555177532716 -0.00856040848522088 -0.141338777327678 -0.00671896608166822 -0.290082280149782 -0.159582176458617 -0.0202617761144075
0 -0.128059081468376 -0.0808087628793368 1.16036225114741 -0.063554008055978 1.15966224432326 1.00183319174249 0.41862503861819
0 -0.013054805786711 -0.00879095112383066 -0.148675904603667 -0.00688751248560759 -0.303582360069711 -0.166913067687906 -0.0215249294288218
0 -0.3243966539338 -0.20473500026959 3.19689790544151 -0.161181055785317 3.47187552201344 2.8635107425733 1.93665580354029
0 -0.00188741312861174 -0.00222940827569529 -0.000974047983445026 -0.00183758747747831 -0.00489385518900187 -0.0027272984283746 4.68649855647207e-05
0 -0.0131705010484295 -0.00887975013434028 -0.149183719638186 -0.00695878012048112 -0.304706115993723 -0.167403301433844 -0.0216285339136029
0 -0.352719165687017 -0.222489223174431 3.42160472087242 -0.174713075482554 4.21352373839523 3.30735851647979 -0.00659376214652951
0 -0.120942328804076 -0.0733131556579316 1.13251971087866 -0.057153223614308 1.12700627885867 0.981482557066353 0.402270988109995
0 -0.00530949498213884 -0.00420681204939566 -0.0572126323104492 -0.00335468434993214 -0.12041119853579 -0.068564793744883 -0.00695633596345946
0 -0.0139296313951314 -0.00935577424103995 -0.155964692207523 -0.00732937639561859 -0.31773304474174 -0.17402532929178 -0.0228680921946585
0 -0.144256162233686 -0.0929063662523193 1.24013022780654 -0.0733790559505332 1.24131667498141 1.07606022515804 0.459340458849658
0 0.209418143345228 0.138852264311195 2.06731499638243 0.111544815533666 -2.67028127703408 0.776839166362462 0.0332475637944292
0 -0.00637181975375078 -0.00290113848580731 -0.338818385995574 -0.00179366096493894 -0.20634273193649 -0.272547146667663 0.00123962516283882
0 -0.0132586391073097 -0.00893561262005882 -0.149952045458734 -0.00700236105300567 -0.306197053332956 -0.168157849736705 -0.0217687968023124
0 0.0581016975632709 0.0376371990102662 -0.301430976773734 0.0299120763752247 0.0935310645479346 -0.0822360971270486 -0.105402723497092
0 -0.017454605613338 -0.0114210054139168 -0.190616924897778 -0.00891802576407885 -0.381103145596091 -0.206550730755749 -0.0292890703100102
0 0.104925722577441 0.0751324281326955 -0.481931441430261 0.0584959347463592 -1.24353454908096 -0.399082882113534 0.0129313227607133
0 -0.01386452425437 -0.00931261772161429 -0.155459204931037 -0.00729548218219023 -0.316749413719455 -0.173536652184961 -0.0227735787785623
0 -0.0053330759279353 -0.00364005796959788 -0.0717980647235477 -0.00250429240975336 -0.0185068856961412 -0.0259683014605199 -0.0114262928454254
0 0.0422690583108274 0.0275239555232272 -0.259917778529261 0.0219189231032342 -0.00185047430354146 -0.108650405697096 -0.0809800347165002
0 -0.0138834401087951 -0.00932880444857487 -0.155489836743198 -0.00730864342644777 -0.316842445651529 -0.173563275634116 -0.022782268684816
0 -0.0220696495524191 -0.0168267559528448 -0.430183061960441 -0.0118979701070852 -0.287148967190209 -0.359940604599432 -0.00477487800669607
0 -0.0050473367900894 -0.00347735060985377 -0.0593951243698263 -0.00238067201407466 -0.0144789726354846 -0.0215224074192442 -0.0114675363508803
0 -0.00594661512793815 -0.00458642235915141 -0.0659285354584522 -0.00364758957263112 -0.138426922784945 -0.0785276769698182 -0.00817331926175591
0 -0.132824744508377 -0.0855719744708088 0.87500296905165 -0.0674030011857276 1.3046199814668 0.991550088367002 -0.0246288796361123
0 -0.014514543757818 -0.00971050731079792 -0.161503012781835 -0.00760394559982114 -0.328166935324476 -0.179369509470388 -0.023882865854036
0 -0.0171890170914706 -0.013815654268762 -0.371222930769293 -0.00958633134069231 -0.225514845519256 -0.311394223696255 -0.00435061799804481
0 -0.18229621087885 -0.114947179097054 1.68701521801435 -0.0904218682463345 1.75143538948597 1.48617695402526 0.718131787682841
0 -0.00311139099390845 -0.00292199967765638 -0.023310705696773 -0.00236678875336294 -0.0504691038798626 -0.0291132537148409 -0.00256911356565226
0 -0.00570188782504122 -0.00443998090386133 -0.06263000817331 -0.00353453307868623 -0.131614172059817 -0.0747675574265703 -0.00770835872532105
0 -0.00188741312861174 -0.00222940827569529 -0.000974047983445026 -0.00183758747747831 -0.00489385518900187 -0.0027272984283746 4.68649855647207e-05
0 -0.0143730634316452 -0.00958970777284796 -0.161296907626263 -0.00750570404662021 -0.327520698009721 -0.179203223615699 -0.0238198654641919
0 -0.00365779254348153 -0.00613879507698822 -0.00799528591178689 -0.00355527250057275 -0.00436497261419122 -0.0239054671646746 -0.00379137723857204
0 -0.019915190685226 -0.0129096983946702 -0.212166272353551 -0.010069827263635 -0.419144766547844 -0.225590846521391 -0.0334293647433244
0 -0.0110050373846846 -0.00757685065444091 -0.127132282154392 -0.00595172023749546 -0.261956353758335 -0.145145835554592 -0.0177582245308519
0 -0.0144354589961861 -0.0122602056821459 -0.326059901856591 -0.00836264043668145 -0.185289313271976 -0.273505614627296 -0.00424847540969697
0 -0.0197162211393827 -0.0127902904421888 -0.210413526129826 -0.00997758560429318 -0.416102498352731 -0.224068644244132 -0.0330917505472943
0 0.21460570882049 0.144778282665881 2.15382087203523 0.116914627536174 -2.55674599475552 0.837419213048612 0.0501530033601725
0 -0.0663142722936882 -0.0401716482116079 0.46314680818459 -0.0312477725868661 0.357900302908934 0.375733961663489 0.133408912909751
0 -0.00188741312861174 -0.00222940827569529 -0.000974047983445026 -0.00183758747747831 -0.00489385518900187 -0.0027272984283746 4.68649855647207e-05
0 -0.00188741312861174 -0.00222940827569529 -0.000974047983445026 -0.00183758747747831 -0.00489385518900187 -0.0027272984283746 4.68649855647207e-05
0 -0.129690808445405 -0.0839813183918228 1.09735118087265 -0.0663940980821307 1.08147694885074 0.944347559240526 0.388209384942356
0 -0.0127857154668951 -0.00864584939220014 -0.145447820825934 -0.00677765867285585 -0.297536355687805 -0.163706036249708 -0.0209582776571473
0 -0.122973379797251 -0.0765604701221596 1.14894792718421 -0.0600403848192812 1.15049786362315 0.991377013021564 0.41264000235163
0 -0.00291908904006632 -0.00157268464588434 -0.0780700612649285 -0.00109225973177551 -0.149036003437947 -0.0866774917520061 -0.0110819423919581
0 -0.0667000111757616 -0.0389111717098345 0.336301948112283 -0.0293521712662272 0.662882912539024 0.5036375688059 0.00662671991380392
0 0.0126297485351525 0.00837021688515627 -0.515877680759376 0.00727241477982865 -0.47463122330235 -0.431630953438802 0.000393961134987464
0 -0.135539069392223 -0.0882814120760518 1.18011872936624 -0.069889050030147 1.18061301050353 1.01657029713624 0.430424420330151
0 0.133967866633027 0.0877085131331654 0.236538378130032 0.0703389921209059 -2.05789774060026 -0.60054651798408 0.00958761240545414
0 0.136903799860328 0.0893524047612573 -0.828749512945248 0.0710584265556999 0.0184397444206876 -0.292442011533534 -0.183703742061451
0 -0.00559582662386937 -0.00437733740109625 -0.0611585368557765 -0.00348627420874603 -0.128579194673999 -0.0730869560875389 -0.00750268688695721
0 0.209286137524547 0.136309082834313 3.10333942310142 0.107653133212438 1.38436932669589 2.72653775423164 0.0113544516512327
0 -0.00948805849613965 -0.00667219245229322 -0.110432026853678 -0.00525357849986907 -0.228842549649032 -0.127624676413017 -0.0149658453690504
0 -0.0136607518289309 -0.00915730416403848 -0.154560386648682 -0.00717092797193875 -0.314792329833306 -0.172686842741578 -0.0225875830532356
0 -0.0127412550294457 -0.00862239764351269 -0.144893493573587 -0.00675998607464656 -0.296499598075773 -0.163153099258285 -0.0208615886132364
0 -0.00291235004291712 -0.0028019223895841 -0.0201509600563075 -0.00227395554247067 -0.0439216018453594 -0.0253820972383538 -0.0021879684156425
0 -0.0133522890049314 -0.00897734688520568 -0.151364772182884 -0.00703259474228934 -0.308767586879775 -0.169556735304619 -0.0220132447401036
0 -0.0739926531742654 -0.0422464910460789 0.371174908451146 -0.0316396951455786 0.687617781008854 0.544326143866241 0.0133115684802521
0 0.0791738266727098 0.0532853898635191 -0.484622121659626 0.0432753216607145 -1.24891503424513 -0.731740675723621 0.0101377011159558
0 -0.0243728893688555 -0.0138455384902247 -0.0905231205362771 -0.0105082283482396 -0.277412607566719 -0.116107705303959 -0.0100208074502142
0 -0.0026161938249607 0.00369388476848753 -0.287295983506389 0.0025811286987194 -0.147895231678217 -0.215792805841068 0.00676023612176957
0 0.106935303738152 0.0721411042507478 -0.287216348608579 0.057723620928912 0.431957656655028 0.097253900552901 -0.154689156582512
0 -0.0727771432664781 -0.0459958190961061 0.547163145482831 -0.0361319761416325 0.460991036981245 0.446540698459792 0.16235312379977
0 0.0859033601563386 0.052219847759166 -0.319694990909777 0.0409350275170697 0.326318501297866 0.0289374238085491 -0.146773108794577
0 0.120442580898226 0.0801751312961407 0.791929041713935 0.0632744124954217 -0.533343678136135 0.630852087865073 0.00799502010184483
0 -0.00334979594457296 -0.00305667009859478 -0.027423474148097 -0.00246969795537977 -0.0588988758734836 -0.033941373784574 -0.00307378153534721
0 0.122023229170924 0.0912024182376516 1.07209264440024 0.0699836632501878 -0.28516053685888 0.868379085960054 0.020689094693056
0 0.0113504954224424 0.012613146469727 -0.20664981341841 0.0118150309933767 -0.0747812183620491 -0.0650849027892604 0.0233214651826628
0 -0.00756185363076245 -0.0082603415697613 -0.164660363848733 -0.00524217406290228 -0.079363112126086 -0.14346400981411 -0.00386806525915961
0 -0.00383411123392019 -0.00334009239545585 -0.0351673928981016 -0.002687669663334 -0.0748814150897101 -0.0430167670212325 -0.00404305503050084
0 -0.00477023103160512 -0.00392050996806015 -0.0480989637567166 -0.00313864362453087 -0.101952681119232 -0.0581152927806543 -0.00572217624634286
0 -0.00531112523431831 -0.00421077959257543 -0.0571114290860648 -0.00335816240639586 -0.120236909902987 -0.0684535304856091 -0.0069424566324412
0 -0.0147233030410283 -0.00979834150889181 -0.164703824077667 -0.00766667817983313 -0.333875042982997 -0.182467065097038 -0.024445148607207
0 -0.0846409984829606 -0.0527050971640577 -0.0586982501028537 -0.0399420563227721 0.987451975335133 0.641447538736916 -0.00926682362244069
0 -0.0168771226809183 -0.0111097132353404 -0.184238162914715 -0.00868239427753803 -0.369848325185037 -0.200693302979074 -0.0281093091147544
0 0.154639601573929 0.109246377028166 0.87393931986614 0.0873244839631377 -2.10257075954212 -0.261399621182425 0.0409019102951929
0 -0.0235894906337659 -0.014581247670046 -0.166272466133802 -0.011279755673848 -0.371260723255139 -0.184156340562366 -0.0249698017630289
0 -0.0080306163776136 -0.00580618946696543 -0.0932960565652619 -0.00458570546238324 -0.194295688516563 -0.109097007283586 -0.0122352520330451
0 -0.0127576975366535 -0.01126180816502 -0.295403664932543 -0.00758855913918488 -0.161430635000542 -0.248269881363231 -0.00413550925381712
0 -0.0056019721157301 -0.00438280821168746 -0.0611818577273473 -0.00349072288345109 -0.128641485631876 -0.073116309790485 -0.00750592581350729
0 0.00197177328216558 0.00707312083348954 -0.365661514800172 0.00755647698889783 -0.188808201546369 -0.142383541977137 0.0235589364073912
0 -0.0130738959855172 -0.00880605382064381 -0.1487437854062 -0.00689968419239761 -0.303741605613539 -0.166977966360361 -0.0215394892680565
0 0.0705348531452401 0.045159659144173 -0.505006666351159 0.0358049456742666 -0.0684739895475879 -0.23376253720957 -0.129344355299338
0 -0.0212988065239457 -0.0137473919628239 -0.223986104816206 -0.0107180374486116 -0.439514843674275 -0.235706912037477 -0.0357209682215927
0 -0.017325496243576 -0.0113528669926377 -0.189150119225444 -0.0088666727712714 -0.378530977064013 -0.205207511823631 -0.0290183238644399
0 -0.166435705305974 -0.105220687267674 1.44137831123664 -0.0827915793104728 1.46042102255745 1.26685570680293 0.56659235132128
0 -0.0186365681667824 -0.0121465129437728 -0.200729123666571 -0.00948078140523423 -0.399168789374252 -0.215565312579308 -0.0312338997301409
0 -0.149250718101828 -0.0903627981145938 1.20843334154914 -0.0696902240380988 1.65289789837738 1.30412686858984 0.00865209011853896
0 -0.0800946171369183 -0.0486314350301011 0.309502453052161 -0.0380033502720458 0.588263538670288 0.317635839378841 0.00250137877491241
0 -0.0131153125459988 -0.00884713046840035 -0.148619269544076 -0.00693364752653425 -0.303633139587351 -0.166846055353941 -0.0215275676032309
0 -0.00907764014235113 -0.00580309469009599 -0.201475880888875 -0.00415477615217075 -0.0693741223012543 -0.0752537892869038 -0.0110756527350477
0 -0.0138131926746805 -0.00925716910807628 -0.15577820786764 -0.00724922803915762 -0.317158251171728 -0.173867044242519 -0.0228141521966991
0 0.00456909254884463 0.00511650860356783 -0.00223096027852421 0.00448486082092225 -6.77434022535728e-05 0.00211501128649783 -0.00136918156130905
0 -0.139478165222695 -0.0878259563783175 1.16835615798975 -0.0690278209964816 1.1504272739107 1.01776628992367 0.419610628858223
0 0.00533180602599037 0.0082795691699511 -0.0659124386467531 0.00617194306188784 -0.0240255074005655 -0.0419984003023974 0.00713788892595746
0 0.0287776486951472 0.0172508628155619 -0.481258580873845 0.0145097143090691 -0.600363882320417 -0.416911744738384 -0.00080151635582304
0 -0.0114051363929226 -0.0078230986107064 -0.131114705308002 -0.006142841212887 -0.269827939106404 -0.149239568638112 -0.0184463792655118
0 -0.14637720416674 -0.0895260364422041 1.09009608095543 -0.0705310287767604 1.49060192096151 1.02721896404122 0.00972827436232748
0 -0.0166585366955774 -0.0109879018273533 -0.181937151279901 -0.00858957004644667 -0.365742378241086 -0.198569757588013 -0.0276822873205695
0 0.164693240836186 0.101554606406864 2.01582121872359 0.0814619348184493 0.395605446524922 1.72024683216351 0.00147069140665756
0 -0.0934557436606633 -0.0523674058272814 0.649498047096509 -0.0390322272631369 0.994535200639929 0.801173757475098 0.0259685108294168
0 -0.0165276303874209 -0.0135188956208347 -0.359156856353199 -0.00933549591993454 -0.213855938041121 -0.300922510818355 -0.0044014298182673
0 -0.0115724192336377 -0.0105710050610224 -0.270735668645278 -0.00704974687445858 -0.143741606001468 -0.228107071784736 -0.00406924380127904
0 -0.00617831318407225 -0.00747211388387425 -0.117627406765809 -0.00462380603790002 -0.055132557413351 -0.10697470057825 -0.00380616915881671
0 -0.0186409965711225 -0.0139264382483395 -0.873212027847864 -0.00903700333629986 -0.167499648341381 -0.227885708128859 -0.0199662182522227
0 -0.0107732772930067 -0.00746424257401213 -0.123750750736387 -0.00586836415652048 -0.255536755629191 -0.141646246077245 -0.0171953930913729
0 -0.220786887422124 -0.142221345381126 2.01003164360829 -0.112393505929115 2.1144176782778 1.77875298529523 0.941847581808166
0 -0.0172585835834167 -0.0113282163166595 -0.188054538573148 -0.00884976165751805 -0.376658726371084 -0.204188517047055 -0.0288233153896957
0 -0.00461745109488332 -0.00380038762784229 -0.047109243098856 -0.00304193578339085 -0.0995605431101305 -0.0569162629366446 -0.0055923472926418
0 -0.0177998454246593 -0.01427822698989 -0.377359586811146 -0.00992374084366165 -0.231021332750568 -0.316071805781108 -0.00448794784252993
0 0.0661337240265061 0.0423454622884485 -0.986934411533653 0.0336252942764084 -0.897503268632644 -0.779651969449662 -0.144584004601052
0 0.0898247984872533 0.0579485096256764 -0.30613174478979 0.0459789719603618 0.335466271874192 0.0376733658476311 -0.144307772191421
0 -0.0734352663116855 -0.046216218665859 0.45224056803556 -0.0362520554255781 0.335123567357688 0.366958963733527 0.129758766706265
0 -0.161396302457609 -0.102901833440635 1.08418454613846 -0.0802477422380026 1.46394695121517 1.01918423700613 0.00401660264028969
0 -0.123909063021932 -0.0758589394259701 0.978441121650498 -0.0586700231464174 1.41076213265847 1.08584857098137 0.000994424785795367
0 -0.044171785450029 -0.027818323001652 0.225067263677101 -0.0217850036998524 0.0991736897580902 0.15904239409442 0.0649252806298319
0 -0.0106086427280117 -0.00734512682887978 -0.122698930297708 -0.00577353117909984 -0.253269333274063 -0.140549810787261 -0.0170070955993258
0 -0.00188741312861174 -0.00222940827569529 -0.000974047983445026 -0.00183758747747831 -0.00489385518900187 -0.0027272984283746 4.68649855647207e-05
0 -0.100969827882398 -0.0634853512555491 0.453494694444434 -0.0493671652776371 0.7441090238472 0.447321431000155 0.000576975852061068
0 -0.00188741312861174 -0.00222940827569529 -0.000974047983445026 -0.00183758747747831 -0.00489385518900187 -0.0027272984283746 4.68649855647207e-05
0 -0.0164193684088474 -0.0108544581295731 -0.179410420624992 -0.00848786545182323 -0.361218682130497 -0.196227090430014 -0.0272144557383762
0 0.100551805822361 0.0732963132119604 0.668717679633262 0.05666755950128 -0.491495161461708 0.511402677735135 0.0146406082767205
0 -0.0148746056415137 -0.00927063245618598 -0.32220321462543 -0.00683017765991467 -0.140906809884012 -0.12918023863224 -0.011211458925743
0 -0.00365779254348153 -0.00613879507698822 -0.00799528591178689 -0.00355527250057275 -0.00436497261419122 -0.0239054671646746 -0.00379137723857204
0 -0.0116299230183183 -0.0106453870042911 -0.27059645411401 -0.00709885852628167 -0.143416367671656 -0.227856178196489 -0.00411233080484319
0 -0.0978289845141136 -0.0617472635086234 0.651838360779522 -0.0484988414447356 0.551775542572466 0.551881759846141 0.196168901556753
0 -0.0123807376644529 -0.00840875596999036 -0.141159728241928 -0.00659531514307998 -0.289339853030849 -0.159421121961405 -0.0202012634029081
0 -0.0161886766003132 -0.010713187452764 -0.177364816253343 -0.00837833056365955 -0.357471182576572 -0.194337678180176 -0.0268277177154008
0 -0.0142621256907449 -0.00957136289841776 -0.158656686484936 -0.00749816687005156 -0.32292700022405 -0.176617542118992 -0.0233706419994975
0 0.212364382298347 0.139215013291688 1.00778793790593 0.110713299912945 1.99783929467035 1.49624306730965 -0.198856999992579
0 -0.00686906752024363 -0.0051298701014808 -0.0782640008436783 -0.00406605273215233 -0.163752999962242 -0.0924477892816742 -0.00995959717873562
0 -0.0233043810816422 -0.0149979742365263 -0.239748357183362 -0.0116907117020686 -0.466345044403811 -0.248783538159997 -0.0388222576355757
0 0.196653824272786 0.1297049603026 1.76068750179663 0.103244311570808 2.62360527302773 2.08580010692982 -0.191902799342509
0 -0.116118238650754 -0.0735109922729569 1.01896600565017 -0.0578400025576595 0.997304650329853 0.873507555542014 0.350607644169478
0 0.26638163584288 0.174124917403606 3.46377060168024 0.1383252281266 4.24508953214961 3.67328372640634 -0.201660666160677
0 -0.0633301770305863 -0.0390072806980157 0.380372429133196 -0.0304413780343218 0.257849584967975 0.301916935970358 0.107786451860463
0 -0.00892614325942187 -0.00634999529133173 -0.103510675496967 -0.00500675020930519 -0.215078137913885 -0.120212541016916 -0.0138505131786504
0 -0.146186676255772 -0.092553215096923 1.23746679377168 -0.0728331416177745 1.23021778292251 1.07966615356349 0.455355063192664
0 0.117235746429802 0.0770295430345733 0.0224044698484143 0.0613089968563383 0.823336843428269 0.418267650778111 -0.16223656187738
0 -0.0158736870940994 -0.0104967040790562 -0.175312285843154 -0.00820729407105913 -0.35353210289222 -0.192465601913635 -0.0264212890522417
0 -0.0140002150401322 -0.00942016899794451 -0.155928452769796 -0.00738216281082504 -0.317833561916252 -0.173972679691014 -0.0228767697385455
0 -0.0173481924402581 -0.0107506948229545 -0.35985692540793 -0.00797239482197698 -0.171394110362898 -0.148814273483601 -0.0112684356235406
0 0.184494528026311 0.118706293452982 1.62805474915035 0.0940325287726544 2.487320583968 1.95794567644323 -0.190825809862851
0 -0.0100979629582589 -0.00703589746660871 -0.117259375001423 -0.00553425445747147 -0.242456742498192 -0.13485434501927 -0.0160924607747437
0 0.0669808967206791 0.0440297352596861 -0.933217579893766 0.0351355409566345 -0.818331985488093 -0.724577841392016 -0.141263861934471
0 -0.0168524728123796 -0.0110766012873604 -0.184594679268452 -0.00865428266832513 -0.370375378010541 -0.20104807118943 -0.0281614881445731
0 -0.0236687487255161 -0.0145129323418693 -0.437274904705454 -0.0108708269034583 -0.250432158838214 -0.194651477031309 -0.011307865894012
0 0.178330101356211 0.11883894791932 1.98525015420387 0.0956794022893064 -2.19641469524046 0.665513203767997 0.0314154558254973
0 0.0567195247560939 0.0387661019170515 -0.69911032247569 0.031163490811144 -0.58340960026451 -0.528860389827033 -0.119958868564369
0 0.00875773039733296 0.00838263905806436 -0.364573520871786 0.0077961301842393 -0.257167720288456 -0.20466145683325 0.00658569877554793
0 -0.01000299871182 -0.00699802020509255 -0.115545686898345 -0.00550761794968846 -0.239226030581502 -0.133054809629466 -0.0158157105050067
0 -0.0020278417171844 0.00124890572137071 -0.0927513744449695 0.00150763357584349 -0.191379311641357 -0.103804880397597 -0.0127896054332792
0 -0.0185205981509649 -0.011396810524916 -0.379511050529604 -0.00845801823328785 -0.189173209318017 -0.159889131733971 -0.0109733742080049
0 0.216870439871823 0.138441189405427 1.27225999388073 0.109515419951652 2.2462434168777 1.74222270864259 -0.200931679034921
0 -0.0406131571685728 -0.0243501075974244 0.0303711383028222 -0.0183949117774418 0.30754871361308 0.210895402960266 -0.00407134702751932
0 -0.0295277772949221 -0.0242725803987778 -0.185780240946703 -0.0201757144107306 -0.0596197897654664 -0.0809291899162159 -0.0456790036055801
0 -0.00975721864655554 -0.00685991183055945 -0.112496768267246 -0.00540221324840529 -0.233232019926784 -0.129832208035419 -0.0153154666383672
0 -0.0199260096240756 -0.00805227753292748 0.175624654979846 -0.00550337428417613 0.0862313020385841 0.124619652564498 0.0500102346881341
0 -0.0117984603766796 -0.00806911085260609 -0.134875208085635 -0.00633424845334662 -0.277244791855471 -0.153075007211922 -0.0191038872861231
0 -0.0281578986770423 -0.010017833567403 0.362784190441032 -0.00539155571573602 0.681870942237028 0.49981746263132 0.0378094605807258
0 -0.0920913688166003 -0.0565057952887882 0.696302996812985 -0.0441164296164773 0.61469980227085 0.58973703487844 0.212949175951351
0 -0.0127569931561453 -0.0070535122606934 -0.27107841895026 -0.00523457812676753 -0.483889434909196 -0.275328836723141 -0.044186363176653
0 -0.163138622617016 -0.10148913108705 1.43951091336114 -0.0795824300550834 1.45878902911436 1.26730815861153 0.564106708880054
0 -0.00811830706656202 -0.00242518284120408 -0.158061964746014 -0.00133310445002177 -0.320000599024314 -0.171317283593407 -0.0238175975479225
0 0.0461425336172567 0.0285269041160712 0.189462238678687 0.023240946673595 -0.415811716239506 0.0903414386607837 0.000595830752683213
0 -0.0336694721761148 -0.021264859630568 0.0928805639363981 -0.0166306161663456 -0.0489158696075966 0.0424694024087895 0.0313775031579278
0 -0.0123544210165316 -0.00839752412767991 -0.14074429667723 -0.0065872552736268 -0.288574304073201 -0.159003138696549 -0.0201304595858547
0 -0.0170141329103068 -0.0111637372450653 -0.186386584962893 -0.00872023885206108 -0.373546403599293 -0.20269974853049 -0.0284923255782923
0 0.0979073045947105 0.0657953737268535 0.496717652228109 0.0533038388103693 -1.25239201738262 -0.310509487570105 0.0162845473191204
0 0.000203611866733677 0.00257222282199621 -0.0656422135642263 0.00252843687028115 -0.134683252439537 -0.0731939382254603 -0.00887991680698308
0 -0.0118622256341054 -0.0080899096926248 -0.13612965832076 -0.00634790533593899 -0.279531105480424 -0.154351865967068 -0.0193127226360694
0 -0.0960497503129858 -0.0614509833360266 0.712175962986175 -0.048420191660929 0.635585624473986 0.599148802070069 0.2206877114709
0 -0.00868632882703135 -0.00271703081976593 -0.16121597646609 -0.00155318612157407 -0.327411709410262 -0.174660845783752 -0.0243184016568461
0 -0.0223748443148559 -0.0137351287264695 -0.423528575722094 -0.0102697435293542 -0.23470939941789 -0.185998235212356 -0.0112568683034855
0 -0.0104390002679815 -0.00725447527140899 -0.120473972522803 -0.00570504701906005 -0.248973277080295 -0.138229769448078 -0.0166373228825547
0 -0.114242535091288 -0.0721712562642098 0.823329967991542 -0.0567209218010554 0.746519661655281 0.708194276675754 0.261870786374601
0 -0.015171257739846 -0.0100694226593117 -0.168903015242031 -0.00787638792981982 -0.341685104608382 -0.186455044151919 -0.0252226243041265
0 -0.0173583664609613 -0.0114202488366884 -0.187944461001178 -0.0089253047332547 -0.376661138380176 -0.204035246831955 -0.0288296242155393
0 0.138941105531701 0.0927388307692638 -0.353896539871632 0.0740468015183815 0.522240871270854 0.138581185160993 -0.178530828413137
0 -0.0115073568693487 -0.00789181853187326 -0.131945059862967 -0.00619691570603731 -0.271509020793521 -0.150089632282114 -0.0185934275484172
0 -0.00419264360630933 -0.00303305916052432 -0.0122565069156884 -0.00205434082623235 9.07674208181497e-05 -0.00467763802045296 -0.0118210285574269
0 -0.00826983764981515 -0.00595674111721234 -0.0958701850622745 -0.00470298549986037 -0.199605919455196 -0.111920705394957 -0.0126389315401401
0 0.00276414333607988 0.00196240757146171 -0.363458863004773 0.00172732753830651 -0.54020024495679 -0.350225302059064 -0.0601923814250274
0 -0.00742997406775059 0.000821194772909095 -0.366343039532659 0.000355979061887002 -0.214074943467976 -0.281014408902255 0.00643553975440625
0 -0.00188741312861174 -0.00222940827569529 -0.000974047983445026 -0.00183758747747831 -0.00489385518900187 -0.0027272984283746 4.68649855647207e-05
0 -0.0172499184077464 -0.0112939445850344 -0.188892493969523 -0.00881927649548597 -0.377984246276951 -0.204996641319605 -0.0289579114123155
0 -0.0134955687316816 -0.00910768422454122 -0.151308711269778 -0.00713940450989714 -0.309012209105374 -0.16947252991858 -0.0220327263883591
0 -0.010229556962559 -0.00712341418217077 -0.118392017303758 -0.00560304893494701 -0.244790899282603 -0.136047261468046 -0.0162855191363294
0 -0.0245814162387146 -0.0183250152177132 -0.457121907252013 -0.0130588465564991 -0.31940405735722 -0.382058061712382 -0.00494036543142684
0 -0.0514982213127277 -0.0324469335251649 0.297165742569396 -0.0254321072688661 0.177024515689333 0.223303334963366 0.0846640150076707
0 -0.00877378793144867 -0.00627382227560025 -0.101209958518099 -0.00494998245668299 -0.210581706974292 -0.117737882987969 -0.0134876215135287
0 -0.00365779254348153 -0.00613879507698822 -0.00799528591178689 -0.00355527250057275 -0.00436497261419122 -0.0239054671646746 -0.00379137723857204
0 -0.00255925077328634 0.00376094563620732 -0.286139219788689 0.00262590475954871 -0.146959805161844 -0.21493107167677 0.00680168486410926
0 -0.0209394870022392 -0.0135293984674147 -0.220944176258026 -0.0105492968818046 -0.43430250984335 -0.233124401777721 -0.0351300568202384
0 -0.0124191720153379 -0.00841384516757682 -0.142162609554886 -0.00659675263537851 -0.291119161764667 -0.160433724848145 -0.0203673280047321
0 -0.147867181174094 -0.0927509821553274 1.33050722947884 -0.072859912867262 1.34545144182273 1.16146347896239 0.505756865660458
0 0.00401250868059932 0.0112571140175448 -0.935144715729857 0.0101261894093159 -0.1832315261546 -0.206236777486555 0.024649691824945
0 0.149586982744001 0.0963597764106439 1.1934264626505 0.0763531079756632 2.02438788977245 1.5101460751611 -0.17664170132133
0 -0.00188741312861174 -0.00222940827569529 -0.000974047983445026 -0.00183758747747831 -0.00489385518900187 -0.0027272984283746 4.68649855647207e-05
0 0.00144639146454573 0.00242792416539395 -0.175122556581798 0.00227608461574214 -0.281048895384006 -0.175130223115846 -0.0290348291633045
0 -0.0194250445909736 -0.0126089445704953 -0.208054583726577 -0.00983656743066863 -0.411958233338564 -0.22202766037544 -0.0326313872953987
0 0.0312524766853208 0.0185790309587031 -0.622461511430211 0.0145896322064392 -0.687184256384636 -0.533604533134155 -0.101975687311814
0 -0.138556911258291 -0.0804414494241126 1.1132782646326 -0.0641908845774468 1.52774854055901 1.05751880682444 0.0155762467250478
0 -0.0151314808604939 -0.0100460768346573 -0.168509780220988 -0.00785842367268286 -0.340960560362414 -0.186082505882495 -0.0251500998768082
0 0.0651879391275951 0.0424248598457666 -0.987642982902747 0.0337991606991093 -0.930792389320503 -0.79143596288449 -0.143384921343785
0 0.205505981602013 0.133112490327857 2.32977030786864 0.105565880928076 3.14251076957088 2.59015418229527 -0.194094785551233
0 -0.0126210233954462 -0.00855114568859294 -0.143648739498179 -0.00670507407943965 -0.294118492226251 -0.16191176394119 -0.020641042327656
0 -0.0160165112516948 -0.0106027940139182 -0.175991793112467 -0.00829206486577139 -0.354913830353567 -0.193071726977603 -0.0265645615139758
0 -0.00336305367411383 -0.00306441222544951 -0.0276395401580878 -0.00247564988467808 -0.059344406862039 -0.0341951653207078 -0.00310045711122564
0 -0.0114733121682287 -0.00787145028966973 -0.131588008974253 -0.00618118804767986 -0.270811905224049 -0.149724556112917 -0.0185316794421406
0 0.150434302260191 0.0983544740952524 0.125060257302511 0.0781985913866894 1.0442342117185 0.599203778567301 -0.182967493474896
0 -0.115951036560702 -0.0709314531526068 1.05044115838606 -0.0553997988887183 1.03125093274152 0.906628788480361 0.363186496885534
0 0.0886779464245864 0.0577286012713465 -0.272138146357622 0.0458853363306266 0.362879207101721 0.0630049591335311 -0.14135854781901
0 0.00213384642779779 0.00645489062954541 -0.174208898438017 0.00473813048687077 -0.0770847906167993 -0.125232601879334 0.00700642305001953
0 0.249442937205053 0.166711932324851 3.75033696054596 0.134168733304175 -2.32577260432936 2.21764572960052 0.0515414173364022
0 0.105032755898726 0.0681785798663519 0.558798231636979 0.0546201509922284 -1.52705883707064 -0.332281707922524 0.00279186046708091
0 -0.0128266562252035 -0.00867614583047827 -0.145665625126126 -0.00680185625055874 -0.298001331338626 -0.163919599019752 -0.0210007613577767
0 -0.00918959430737809 -0.00650611168711501 -0.10659880053792 -0.00512706584011946 -0.221274515196801 -0.123533134427903 -0.0143471465204139
0 -0.0116657600820238 -0.00798513180796467 -0.133651190331668 -0.00626876733162307 -0.274822770535923 -0.151830700615533 -0.0188883781817624
0 -0.0219809149239705 -0.0141354054091574 -0.230516071159397 -0.0110148719410863 -0.450513399037876 -0.241271602911831 -0.036965791747571
0 -0.00188741312861174 -0.00222940827569529 -0.000974047983445026 -0.00183758747747831 -0.00489385518900187 -0.0027272984283746 4.68649855647207e-05
0 -0.0366758771387694 -0.0205611371048509 -0.119977467874232 -0.0159722709881507 0.0902313536480719 -0.069493554220152 0.00267445145539913
0 -0.0214428315607229 -0.0172908464926902 -0.174843012455975 -0.0140980906388228 -0.352464591913784 -0.196536983804317 -0.0258139812127904
0 -0.0131262201129365 -0.00886643039720569 -0.148301623447131 -0.00695031964582604 -0.303130281925659 -0.166524880373056 -0.0214789629441299
0 0.0822250959244037 0.0526139877963718 -0.254460603042915 0.0416751204050732 0.352650937546007 0.0621622055543467 -0.135780861884964
0 -0.143313265405083 -0.0890728688110851 1.31222354704192 -0.0698334580802351 1.32705993792537 1.14484797614238 0.495539679513923
0 -0.0387734131621862 -0.016667921988244 0.161331206155367 -0.0106098100635315 0.43637132415612 0.351336820454232 0.0349498039541203
0 -0.00419264360630933 -0.00303305916052432 -0.0122565069156884 -0.00205434082623235 9.07674208181497e-05 -0.00467763802045296 -0.0118210285574269
0 -0.0164979153852638 -0.0108560550306587 -0.181585569388497 -0.00848281787925398 -0.364874533642961 -0.198298956049733 -0.0275870651916765
0 -0.0202895284343354 -0.0131422534579797 -0.215196073503862 -0.0102505938815738 -0.424429844610181 -0.228190378894149 -0.0340215702948279
0 -0.00188741312861174 -0.00222940827569529 -0.000974047983445026 -0.00183758747747831 -0.00489385518900187 -0.0027272984283746 4.68649855647207e-05
0 -0.00188741312861174 -0.00222940827569529 -0.000974047983445026 -0.00183758747747831 -0.00489385518900187 -0.0027272984283746 4.68649855647207e-05
0 -0.0156464387188953 -0.0103574823695798 -0.173280388170764 -0.00809933977835309 -0.349782335528968 -0.190570546249003 -0.026039343797795
0 0.038275787451969 0.0247057375158954 -0.693944408371582 0.0197011349707035 -0.761575160215044 -0.591578249933584 -0.110417356623262
0 -0.0147929461983702 -0.00984873404870878 -0.165105415298087 -0.00770676198101317 -0.334679479561963 -0.182843262441817 -0.0245248333778596
0 0.168352918930896 0.111992478790373 0.109844890811019 0.0893414145530622 1.07716955578629 0.624448530682942 -0.188933954822352
0 -0.113537687325822 -0.071597368656283 0.67762415510807 -0.0558166546630563 1.01393506678583 0.644360249429862 0.00216255883882965
0 -0.0499260094455432 -0.0297961039546699 0.299913094013788 -0.0230696639437102 0.177709861033211 0.2285136134046 0.0847722669543174
0 -0.00447478654769551 -0.00371642517613591 -0.0449835918882244 -0.00297729549975534 -0.0951667573898676 -0.0544516248003037 -0.00531163384076594
0 -0.00821444331718935 -0.00242821470621912 -0.156577926394847 -0.00132920961640437 -0.3187754678443 -0.170213622811842 -0.0234684735194923
0 -0.0169093736057131 -0.0111341467839603 -0.184366371548004 -0.00870198488140073 -0.370114386624567 -0.20080168915396 -0.0281380625328795
0 -0.0130249922012156 -0.00879018635759055 -0.147812739444674 -0.00688927453827981 -0.302070303264312 -0.166050643591408 -0.0213812346991973
0 0.0848884447940916 0.0557602735604563 -0.580013903654268 0.0444171959962878 -0.0590694811127603 -0.256728765062298 -0.143642790233143
0 -0.0078179620764196 -0.00220791570792134 -0.153572492888326 -0.00116094986767656 -0.312539728798325 -0.167178116248427 -0.0229525245543556
0 0.0868007996003017 0.0546308681106273 0.551527341542582 0.0438495870207891 -0.566645913282384 0.388270631271797 0.00182816983630207
0 -0.00658048075940787 -0.00495947902417493 -0.0744714501095713 -0.00393482043522786 -0.155984567711955 -0.0881902318226109 -0.00940250635761997
0 -0.00746341394756733 -0.00486160656657253 -0.152572762543429 -0.00343419994336092 -0.0479984578536667 -0.0559547496548789 -0.0111739797219625
0 0.00382973372949769 0.00471168529672195 -0.0134409260190571 0.00417708415737916 -0.0244985734829122 -0.0117285715066231 -0.00244594225265571
0 -0.00220049030804992 -0.00220156048302789 -0.0166447271550427 -0.00178621031809101 -0.0344459713950322 -0.0208443056774184 -0.00181858873211427
0 -0.00557479380868831 -0.00436491666837124 -0.0608655976850088 -0.00347670588990168 -0.127974858003407 -0.0727520688235028 -0.00746186935370385
0 -0.0104160729723994 -0.00723490987453745 -0.120436701944024 -0.00568911709378117 -0.248841539109984 -0.13818997040324 -0.0166281107297919
0 -0.0179605806381304 -0.011740803326358 -0.194676945242656 -0.00916732902033024 -0.388448613304047 -0.210175483112089 -0.0300763177834957
0 -0.391662817248061 -0.246711267028978 3.99954800640656 -0.194191914546145 4.39857057307274 3.59069365621954 2.7155342893665
0 -0.0128656874026936 -0.00869680227576231 -0.146149003025657 -0.00681743314496019 -0.29890485682848 -0.164401012203366 -0.0210852295546387
0 0.020405463856509 0.0146761364420378 -0.469015237369614 0.0119928374498341 -0.595488125108106 -0.423123021548146 -0.0784592516524061
0 -0.00290130522236653 -0.00279551186593885 -0.0199634935109456 -0.0022690328932744 -0.0435360864353247 -0.025161057386442 -0.002165439727567
0 -0.0165630651410948 -0.0102352856228674 -0.351875225093027 -0.00756393418116952 -0.164463626455781 -0.144660623308584 -0.0109847756895127
0 -0.013324110191975 -0.0089796129618831 -0.15044848374143 -0.00703699355716436 -0.307177775252262 -0.168643871900231 -0.0218610240570447
0 0.127904151735367 0.0888804859835162 0.650352453590814 0.0694114415299278 -0.638725862054216 0.532620905430623 0.0130774541403271
0 0.11865835410807 0.0757048895863335 -0.411955559856231 0.0599249529770347 0.390878594338265 0.0418644244148476 -0.171628442216085
0 -0.0153952932152781 -0.0101807757604955 -0.1717563806002 -0.00795924125990366 -0.346796831686035 -0.18917202710941 -0.0257353217571992
0 -0.104609017903152 -0.0682650281121138 0.931988074217471 -0.0540516005945486 0.910361752917919 0.786719039468605 0.314347392404521
0 -0.0107895472800181 -0.00747468861843936 -0.123894724843496 -0.00587654097359724 -0.255830004190241 -0.141795444151017 -0.017220362437727
0 0.00541042329403973 0.00908575221195029 -0.318613355683417 0.00909937200836897 -0.146986874948086 -0.116858599012088 0.0233524069936704
0 -0.170645440485296 -0.109363490164452 1.46760898421214 -0.0863016022734362 1.49156917619579 1.28791209982526 0.583502125768454
0 -0.020901564688844 -0.0135029931988901 -0.220727370985455 -0.010528392770885 -0.433913027832693 -0.232948128613716 -0.0350846733673307
0 -0.00557611867732533 -0.00436646514358641 -0.0608658002362552 -0.00347798206062766 -0.127977159358461 -0.0727533228238588 -0.00746184292558549
0 -0.0173288227970643 -0.0113694443085413 -0.188722509014708 -0.00888148642657116 -0.377852730169809 -0.204796065605351 -0.0289493236351537
0 -0.01653362280384 -0.0108944056329618 -0.181374763222605 -0.00851478388732652 -0.364602405893827 -0.198079738015026 -0.0275611984106185
0 -0.0116333087090008 -0.00796348168205174 -0.133389313511834 -0.00625174025269404 -0.27429296182906 -0.151564234117753 -0.0188416560032718
0 -0.0163989314990922 -0.010166329201506 -0.34731938110814 -0.0075176442572058 -0.160683951295006 -0.142146950478568 -0.0111498533555263
0 -0.016933000799003 -0.0104471727162552 -0.357891324322168 -0.00772530545082617 -0.169595539509991 -0.147919323987396 -0.0109367403425993
0 0.00631362095041332 0.00837646224295518 -0.251595129593705 0.00744764750889715 -0.396407224150441 -0.244578844090175 -0.0421638131906841
0 -0.00713599161236678 -0.00764416297095494 -0.168238349235062 -0.00484197776252016 -0.0836226740192818 -0.147044386613194 -0.0034859073431206
0 -0.0157720385573095 -0.0104255562402904 -0.174684174625637 -0.00815093693014379 -0.352312832470621 -0.191892005879498 -0.0262960611653744
0 0.0251249050217011 0.019793417621405 -0.464835904237458 0.0163743822926925 -0.579993641001708 -0.413663032806673 -0.0784288685310717
0 -0.147542059691688 -0.09499055275014 1.27671582307044 -0.0750233894716077 1.28325451712742 1.10925710393791 0.478692715728338
0 0.204505801067238 0.135903369363852 1.6076317732934 0.108341257724163 2.50444507737288 1.97241062064754 -0.19403349535683
0 -0.00976792700033036 -0.00685008125626219 -0.113197556242356 -0.00539237337178022 -0.234473075226219 -0.130568761775921 -0.0154240975096336
0 -0.0184169725209213 -0.012030836504513 -0.198267719053416 -0.00939362782391306 -0.394912963174832 -0.213351010576392 -0.030776526862422
0 -0.0159349633543182 -0.0131638160746377 -0.350209587755086 -0.00906070508979306 -0.205808567501021 -0.293492065279854 -0.00435964876915795
0 -0.0124031783939551 -0.00778164273218573 -0.278490668015573 -0.00567895597021506 -0.11106664646569 -0.10832261219453 -0.0110889612220499
0 -0.0172079118231605 -0.0106486837275011 -0.359157973582149 -0.0078894535449745 -0.170753932872338 -0.148490303042306 -0.011159517358422
0 -0.0128254072214271 -0.00805450566024568 -0.284860165741737 -0.00589437277865468 -0.115060281100936 -0.111168029080881 -0.0112143817738981
0 -0.00188741312861174 -0.00222940827569529 -0.000974047983445026 -0.00183758747747831 -0.00489385518900187 -0.0027272984283746 4.68649855647207e-05
0 -0.0191404354329121 -0.0124602306526795 -0.204855215540123 -0.00972471495106353 -0.406483681669541 -0.219180905408654 -0.0320358426484195
0 -0.0089271040172032 -0.00636104922788672 -0.103150547648804 -0.00501671296680284 -0.214452506705725 -0.119831447670873 -0.0137961993809927
0 -0.0136882075139542 -0.00855994783231706 -0.301865057446394 -0.00628186672671127 -0.126346759502469 -0.119225376209872 -0.0111722018025269
0 0.00652252334302661 0.00975339441277301 -0.301476730883596 0.00961523397202679 -0.133544702484455 -0.108096338170558 0.0233887738338074
0 0.0804690657261879 0.0531434411406764 -0.208039835301264 0.0422793718013601 -0.942693716303236 -0.208245662196816 0.00439644351551571
0 -0.0148372807105357 -0.00988338622406726 -0.1652694514787 -0.00773463772382543 -0.335042287659266 -0.182991502013427 -0.0245609492226908
0 -0.0109194516676445 -0.00754064494854356 -0.125703421812569 -0.00592582878942149 -0.259281262885338 -0.143669836659952 -0.0175218668253274
0 0.0152361063738926 0.0126305093120695 -0.48519005643487 0.0111825288999974 -0.400789534534856 -0.308744410523186 0.00720664713814401
0 -0.0170927342140077 -0.0138387425861808 -0.367853018002679 -0.00958698272406089 -0.221996609857624 -0.308235839341636 -0.00442284378744073
0 -0.00446974871283157 -0.00650573123482845 -0.0501955174401791 -0.00386357826856321 -0.0234745141140151 -0.0556433268051371 -0.00373510308566694
0 -0.00228266767246632 0.0011826761609508 -0.0920321045123802 0.0014666616070742 -0.192836383984523 -0.103952987970546 -0.0124343960284192
0 -0.0371924798352712 -0.0232879339297565 0.103390235037585 -0.0181853502603637 -0.04580525124448 0.0522909727033563 0.033745097787043
0 -0.017299520107084 -0.0113550433625895 -0.188351933748244 -0.00887080735870294 -0.37720821701004 -0.204454096483072 -0.0288818430638118
0 -0.00562378417382936 -0.0043981340876651 -0.0613853521739816 -0.00350287227691126 -0.129089200255502 -0.0733526720669464 -0.00753440860447929
0 -0.00572425903505724 -0.0044612663406971 -0.0626238119558185 -0.00355203917509872 -0.131686525796234 -0.0747726959357475 -0.00770780045994046
0 -0.0071006760377772 -0.00799266463611437 -0.149931671834294 -0.00503307722137425 -0.0715944741617727 -0.131995008286097 -0.00384253698437043
0 -0.0273750186028501 -0.0132505059624179 -0.0792098959241248 -0.00961720462422022 -0.281266726352209 -0.100735194540306 -0.00867258815963012
0 -0.00971959542271872 -0.00682158769904939 -0.112643318323285 -0.00537043010749283 -0.233370204163247 -0.129981152183041 -0.0153329661364658
0 -0.0123286186526554 -0.00835790253541768 -0.141293463485592 -0.00655332309405532 -0.289431789873601 -0.159562662088386 -0.0202129196248557
0 0.342828726468447 0.219629650644514 6.05417652029182 0.173730814550524 6.6432729984196 6.02807924713905 -0.204089982197566
0 -0.0161437389872918 -0.0106251244113418 -0.178901012691016 -0.00830186470546979 -0.359867195693199 -0.19584674765446 -0.0270671090730161
0 0.000304931709221634 0.000563717175253942 -0.158343540562626 0.00061630260276857 -0.249730356006874 -0.158610922489957 -0.0263885727296724
0 -0.0135960334524641 -0.00912425433780939 -0.153740715352562 -0.00714618125877386 -0.313283003614719 -0.171883154690927 -0.0224428394033209
0 0.281871841672817 0.183722117683672 2.942682096318 0.14589233564347 3.82462577468597 3.27756316416026 -0.203828682496777
0 -0.0042426270238467 -0.00358400817244098 -0.0413148828053371 -0.00287592088291166 -0.0876251098112655 -0.0501951168513335 -0.00483179860435534
0 -0.262628103230085 -0.165498118233533 2.68215851427511 -0.13025385878802 2.90664795911161 2.38413594108526 1.4796736779374
0 0.0485432401472927 0.0311382241251739 -0.830128045612511 0.0247701185800722 -0.867813271251736 -0.69422371152169 -0.126107441954919
0 -0.0208384630453438 -0.0134658278747426 -0.220154494110591 -0.0104997835717908 -0.432935073103478 -0.232456672853507 -0.0349747017395012
0 0.0445106897726859 0.0295264391325105 -0.745892643042797 0.0236452946578822 -0.793353477979451 -0.626967756473785 -0.116984286316015
0 0.0248763685329143 0.0148361709842453 -0.543173267593486 0.0126143702461823 -0.604822011735349 -0.464451455381124 -0.000931021271989074
0 -0.0143396402020084 -0.00893143063642698 -0.314800751323113 -0.00656410490250536 -0.135471129929131 -0.125578902366863 -0.0110840547856021
0 -0.00365779254348153 -0.00613879507698822 -0.00799528591178689 -0.00355527250057275 -0.00436497261419122 -0.0239054671646746 -0.00379137723857204
0 -0.373090770813967 -0.235657313940127 3.73346659429174 -0.185579723564615 4.08668015117459 3.35115016165242 2.45129185278017
0 -0.137269899883956 -0.0883649477584489 0.909828095469321 -0.0695984647293075 1.34257180023485 1.0243684456705 -0.0247702344781953
0 -0.0132010153627662 -0.00890471596462872 -0.149264310445635 -0.00697898726005031 -0.3049135849169 -0.167478702356674 -0.0216473976089526
0 -0.112685214449012 -0.07334688204506 0.682349190947989 -0.0579071878414519 1.09112543900728 0.811674711853271 -0.0267967232412678
0 -0.00365779254348153 -0.00613879507698822 -0.00799528591178689 -0.00355527250057275 -0.00436497261419122 -0.0239054671646746 -0.00379137723857204
0 -0.0115497400053139 -0.00443256552534343 -0.187588454449052 -0.00287810823288526 -0.37597020702686 -0.19923175162045 -0.0292290388429324
0 0.111226276697279 0.0696825732693123 0.266354550790339 0.0551664856757714 -1.89620627911325 -0.563809683225014 -0.0131643475924568
0 -0.0149539295521195 -0.00931742900694754 -0.323568875523535 -0.00686626862985884 -0.141931280646858 -0.129865915264169 -0.0112065961631833
0 -0.012549724040348 -0.00786681726457683 -0.281613090332844 -0.00574422994411394 -0.113031192695693 -0.109765256497824 -0.0110749724505719
0 -0.0122552389214157 -0.0083366626703576 -0.13978155684659 -0.00654004920865203 -0.286703216571787 -0.158036312167418 -0.0199598543246888
0 -0.0149537278636451 -0.00994583713040642 -0.166615611666231 -0.00778186779879553 -0.337492810909918 -0.184279505986382 -0.0248042446259094
0 -0.0171406859500824 -0.0112398566474279 -0.187529621283805 -0.00877908390066873 -0.375607804420497 -0.203739085284533 -0.028709351691258
0 -0.000397580626600114 0.00562885468194008 -0.392837299310242 0.00643592186423803 -0.217457921020189 -0.158778360661799 0.0233376711756059
0 -0.0182135185524115 -0.0144699691093226 -0.384311531572915 -0.0100840007576632 -0.238077086109154 -0.322117072069353 -0.00446192759158048
0 -0.00642735846456066 -0.00761328215376089 -0.126575427735048 -0.00473475581373251 -0.0595882468422229 -0.113869285411995 -0.00381670322986549
0 -0.0145610766616633 -0.00906645614051582 -0.318337497013617 -0.00666888780892894 -0.138047870165285 -0.127316143301461 -0.0111041901398621
0 -0.0120661697568072 -0.0108904920680479 -0.280259208468737 -0.00729198318220048 -0.150246222522496 -0.235762888379651 -0.00412781155138697
0 0.0198882990369502 0.0203304794907342 0.0181939274844702 0.0171915369828981 0.0143974459477199 0.0214823033664917 0.0235277962139455
0 0.108280143360955 0.067136931845166 0.831609139502045 0.0529781114346557 -1.75046802481299 -0.194075755822323 -0.0164568806536805
0 0.122743574693979 0.0835482350879388 0.40685663254756 0.0656200092609502 -0.804673904460097 0.32644723053283 0.0102578504140887
0 -0.00188741312861174 -0.00222940827569529 -0.000974047983445026 -0.00183758747747831 -0.00489385518900187 -0.0027272984283746 4.68649855647207e-05
0 -0.0157875715001659 -0.0104241721455915 -0.175182601998122 -0.00814836988294321 -0.353150640376316 -0.192372720748372 -0.0263803497928006
0 -0.140879199903392 -0.0890734985976298 1.21428951430963 -0.070077096977422 1.20862758151604 1.05644961278534 0.444084827358736
0 -0.00686911840233506 -0.00513033731808932 -0.0782348725078843 -0.00406649820032667 -0.163704687445635 -0.0924156581724938 -0.00995552261518773
0 -0.00188741312861174 -0.00222940827569529 -0.000974047983445026 -0.00183758747747831 -0.00489385518900187 -0.0027272984283746 4.68649855647207e-05
0 -0.00838107595152815 -0.00594255461023518 -0.100185105552261 -0.00468083584672163 -0.207511040098697 -0.116555811374711 -0.0132930197384855
0 -0.140844879780499 -0.088023687621039 1.27783223104763 -0.0690890517795566 1.28811086881439 1.11275666397797 0.477493981859286
0 0.170398160720505 0.111253812098293 1.66782423193023 0.0890210387259982 -2.32469547447445 0.419086485791281 0.0146821120248735
0 -0.00569768953589822 -0.0071996670090555 -0.0997559835115531 -0.0044096816832031 -0.0464275401396348 -0.0932648056659446 -0.00378576371149952
0 -0.0531858873771469 -0.0330689502867418 0.501954899610563 -0.0258836387097006 0.443940721998811 0.40218764908754 0.148116130761629
0 -0.204714885433658 -0.133349318893774 1.79375984429035 -0.103934347772434 2.31623185282342 1.63681670142065 0.016689174405025
0 -0.107919360078361 -0.0699257624927867 0.682663238638763 -0.0551047164279952 1.09377271362621 0.809292880954421 -0.0238154368967525
0 -0.00254870911228489 0.000946833234950706 -0.0984915002877651 0.00127562419024363 -0.203424691898887 -0.110179394089224 -0.0136543489726693
0 -0.0026163324374755 -0.00263062884988585 -0.0150516464914037 -0.00214249297850566 -0.0334478871169082 -0.0193633151936887 -0.00158048640611685
0 -0.00609337738632876 -0.00741190543544779 -0.115207100101245 -0.00457894442742068 -0.0540348747357893 -0.105147970002787 -0.00379064177372612
0 -0.00361192003388533 -0.00320992467502146 -0.0316518288679619 -0.00258754155522034 -0.0676223653383223 -0.0389021675979424 -0.0035996400624736
0 -0.00670757936687005 -0.00778149737626022 -0.135987309314002 -0.00486462534781085 -0.0643075868009593 -0.121143080485424 -0.00383743203172049
0 -0.135551742537098 -0.0874413355790615 1.17623480054033 -0.0690839536205665 1.17315239237825 1.01567905969322 0.427295083734397
0 -0.00314580620766458 -0.00293769061044147 -0.024067779626519 -0.00237825038644024 -0.0519831879915276 -0.0299958980255197 -0.00266215708108319
0 -0.00754365604134044 -0.00825311937145257 -0.163936120985 -0.00523580594040363 -0.0789540554573609 -0.142891012897129 -0.00387031212930466
0 -0.00688243253673093 -0.00514482863154075 -0.078162112656107 -0.00407856758938951 -0.163621324618437 -0.0923423361218942 -0.00994568083262193
0 0.131626749232932 0.0838483532751049 0.806641082781642 0.0663005348113046 1.63131735499834 1.14378224295382 -0.169040515812302
0 -0.041927472226865 -0.0259523979762708 0.395328276624871 -0.0202762282538558 0.333824342764754 0.309606962173002 0.113563769302137
0 -0.00526806272281943 -0.00418470982697361 -0.0565277728180273 -0.0033379897934469 -0.119024128540366 -0.0677823479029329 -0.00686232587871372
0 -0.00188741312861174 -0.00222940827569529 -0.000974047983445026 -0.00183758747747831 -0.00489385518900187 -0.0027272984283746 4.68649855647207e-05
0 -0.0494458138165559 -0.0295693509299735 0.327531050229553 -0.0229096090140537 0.215743873567291 0.251988709664253 0.0929239607499497
0 -0.00188741312861174 -0.00222940827569529 -0.000974047983445026 -0.00183758747747831 -0.00489385518900187 -0.0027272984283746 4.68649855647207e-05
0 -0.0085576084424428 -0.0080803898355466 -0.276478147474575 -0.00449577810007318 -0.037023790149719 -0.0858901496102953 -0.0203413235136689
0 -0.00545298934691552 -0.00429425913312631 -0.0591229855593913 -0.00342242924471359 -0.124386523375748 -0.0707596053157498 -0.00721988610602109
0 0.0170297723131654 0.0159288378382199 -0.0253586435860087 0.0143544083351848 -0.00542653507549318 0.0023765059223444 0.0229378356553984
0 -0.00698933874642549 -0.00459763504474697 -0.134944513455195 -0.00323538326690764 -0.0409736097552913 -0.0491838387408352 -0.0112715631549709
0 0.0585262607781729 0.0396394032260421 0.262111481131392 0.0323635892711813 -0.689438493115602 -0.245868817175694 0.00830298971537413
0 -0.00433259440381129 -0.00644839557948673 -0.0430176092591661 -0.0038141904281157 -0.0201222398537535 -0.0502065592196406 -0.00374921157775665
0 -0.00237824939982989 -0.00249396142615943 -0.010819316306812 -0.00203776267454003 -0.0247797105770253 -0.0143594442668609 -0.00108446539664975
0 0.0973829488682316 0.0613855246143711 0.801957696332189 0.0491725443949669 -0.461239110893511 0.600719388888128 0.00223544688834476
0 -0.0122389036427903 -0.0109591547179231 -0.284898478196599 -0.00735261148129585 -0.153736313984107 -0.239657269267604 -0.0041063252899316
0 0.0175753492214135 0.0243539266458401 0.0157263332625481 0.0172462657236614 0.0149261748115461 0.04402630018786 0.0179756557720934
0 -0.00268317971989429 -0.00266920439211882 -0.0162175030984311 -0.00217208330618535 -0.0358399693429381 -0.0207404697529538 -0.00171840934305578
